Pareto (Travel Time; Profit; IsValid)

7544.3659000000006927 ; 0; 0000000
8650.6818835999638395 ; 78992; 0000000
7715.6756574685141459 ; 34611; 0000000
7684.4883423373439655 ; 31130; 0000000
8806.212373043414118 ; 82686; 0000000
10239.601483039075902 ; 103242; 0000000
8588.0824885565107252 ; 78028; 0000000
9307.6899714161008887 ; 92642; 0000000
9211.9377237677927042 ; 91279; 0000000
9544.3350216569997428 ; 96407; 0000000
9914.5935540326372575 ; 100670; 0000000
9628.692743306468401 ; 97384; 0000000
9844.510297915296178 ; 99151; 0000000
10325.18312667236205 ; 104338; 0000000
10058.699020005500643 ; 101541; 0000000
8333.3358291737476975 ; 70546; 0000000
8878.6303915072730888 ; 84203; 0000000
9436.1975791486711387 ; 94920; 0000000
9088.4077184501729789 ; 89267; 0000000
8963.1782431429728604 ; 86497; 0000000
9390.0244475012532348 ; 94182; 0000000
10047.766773918730905 ; 101375; 0000000
7565.0835919118198944 ; 9073; 0000000
7556.3458672248161747 ; 6379; 0000000
8212.9726937234372599 ; 65608; 0000000
9763.4161489105081273 ; 98364; 0000000
9383.4492934668051021 ; 93652; 0000000
9000.1861694594954315 ; 87544; 0000000
9269.4673056294996059 ; 91853; 0000000
8886.6878506702942104 ; 85302; 0000000
8751.444648695171054 ; 82663; 0000000
10160.55908185089902 ; 102265; 0000000
10299.731036915376535 ; 103704; 0000000
8423.6943732544204977 ; 73324; 0000000
8474.376402680962201 ; 74826; 0000000
8852.796059841000897 ; 84155; 0000000
9866.8813358238094224 ; 99424; 0000000
8689.9732182876778097 ; 81003; 0000000
9985.1685802171214164 ; 101081; 0000000
8483.2438181004381477 ; 74958; 0000000
10438.715800859949013 ; 105138; 0000000
9358.5833966190257343 ; 93229; 0000000
9869.1772044497811294 ; 99671; 0000000
9109.9367775795271882 ; 89471; 0000000
8734.3809282136389811 ; 81663; 0000000
7609.2322726751845039 ; 20238; 0000000
8379.9813498992571112 ; 72116; 0000000
10191.2363160638306 ; 103015; 0000000
7573.3446112202937002 ; 11849; 0000000
10085.895590581258148 ; 101794; 0000000
7668.6490237015068487 ; 28637; 0000000
7598.6463726489837427 ; 18128; 0000000
8980.6823506828950485 ; 87059; 0000000
7591.6233179304799705 ; 16139; 0000000
8446.3994465842388308 ; 73842; 0000000
9047.6642050800583092 ; 88036; 0000000
9252.1317405652589514 ; 91503; 0000000
9208.9398518248763139 ; 91197; 0000000
9435.2557958302277257 ; 94612; 0000000
7707.8260206992617896 ; 33492; 0000000
7547.3239083871385446 ; 2948; 0000000
7697.0451445622302344 ; 32958; 0000000
7547.2382987990422407 ; 1907; 0000000
7812.0047498979911325 ; 46037; 0000000
7778.4716273872463717 ; 42711; 0000000
7636.210938592187631 ; 25072; 0000000
7855.0422489153716015 ; 48152; 0000000
7895.5908916099397175 ; 50454; 0000000
7715.9615834052237915 ; 36208; 0000000
7756.8629528266583293 ; 40540; 0000000
7618.3801259365209262 ; 22650; 0000000
8084.6996525683407526 ; 60733; 0000000
8022.7478828155635711 ; 57626; 0000000
7598.9507342746392169 ; 18441; 0000000
7589.5329128195962767 ; 15995; 0000000
7612.2592734746331189 ; 20504; 0000000
7978.8719878716256062 ; 54813; 0000000
7574.006851688961433 ; 12673; 0000000
8325.1207309499332041 ; 69419; 0000000
7711.5159791294545357 ; 33671; 0000000
7670.5107477356705203 ; 30058; 0000000
8280.2100552943938965 ; 68825; 0000000
7551.3360348020496531 ; 5083; 0000000
7566.2745673284698569 ; 10294; 0000000
7545.2716468242515475 ; 1101; 0000000
8568.2654109464183421 ; 77715; 0000000
8589.3840673131580843 ; 78407; 0000000
8686.3264684224304801 ; 80743; 0000000
8697.3564261843330314 ; 81104; 0000000
9081.6450211498777207 ; 88759; 0000000
9521.2536472141782724 ; 95008; 0000000
10375.911711956789077 ; 104999; 0000000
10499.720620216839961 ; 106843; 0000000
10654.229832489931141 ; 108196; 0000000
10706.849003348412225 ; 109201; 0000000
10822.794606696750634 ; 109373; 0000000
10879.004312062726967 ; 110179; 0000000
10970.707728697036146 ; 111217; 0000000
11047.23440713897071 ; 111747; 0000000
11120.261068413063185 ; 112537; 0000000
11236.025106758279435 ; 113100; 0000000
11322.302480181271676 ; 113981; 0000000
11425.889739098087375 ; 114553; 0000000
11514.476307396049378 ; 115083; 0000000
11659.752127705802195 ; 115812; 0000000
11830.246860358534832 ; 116698; 0000000
11936.035777907356533 ; 116704; 0000000
11986.968966992342757 ; 116893; 0000000
12165.829735362041902 ; 117222; 0000000
12177.759121088965912 ; 117779; 0000000
12266.751188252505017 ; 118389; 0000000
12386.90017766143319 ; 118757; 0000000
12494.578821076345776 ; 119162; 0000000
12596.794315737219222 ; 119314; 0000000
12813.639793607660977 ; 119509; 0000000
12947.078799264872941 ; 119849; 0000000
13009.0799194411793 ; 119945; 0000000
13146.521297523393514 ; 120130; 0000000
13362.489491199316035 ; 120214; 0000000
13452.439627680070771 ; 120442; 0000000
13702.684109366151461 ; 120524; 0000000
13828.886497585503093 ; 120565; 0000000
13941.726569423228284 ; 120608; 0000000
14096.152265147935395 ; 120894; 0000000
14271.202624359109905 ; 120916; 0000000
14309.822226677399158 ; 120979; 0000000
14846.17858548753793 ; 121222; 0000000
7550.8558971616766939 ; 4824; 0000000
7556.9852344323062425 ; 7896; 0000000
7568.7948371331822273 ; 10820; 0000000
7593.2144751355963308 ; 17257; 0000000
7603.3747000891307835 ; 19314; 0000000
7627.8339359604478886 ; 24249; 0000000
7642.5754858925101871 ; 26312; 0000000
7654.8417488870136367 ; 28414; 0000000
7674.4292592443325702 ; 30845; 0000000
7686.9025239684569897 ; 32947; 0000000
7728.9428235129453242 ; 37467; 0000000
7838.682666719880217 ; 46185; 0000000
8035.3821801786270953 ; 58616; 0000000
8141.5698226700678788 ; 63866; 0000000
8225.3005271063448163 ; 66878; 0000000
8292.7744760120021965 ; 69207; 0000000
8397.5875423603647505 ; 72235; 0000000
8486.9041597055802413 ; 75416; 0000000
8810.4623027023117174 ; 83179; 0000000
8940.6763194659779401 ; 86207; 0000000
9044.5022933160125831 ; 87895; 0000000
9188.1247149974551576 ; 90491; 0000000
9333.9452259797071747 ; 92864; 0000000
9529.130480930019985 ; 95457; 0000000
9624.0794736297229974 ; 96980; 0000000
9747.9967658849545842 ; 97814; 0000000
9806.769759058366617 ; 98928; 0000000
9913.9689984057549736 ; 100157; 0000000
10147.76483410241417 ; 102264; 0000000
8349.5143214630879811 ; 71850; 0000000
8061.0660595916106104 ; 60499; 0000000
8239.1791488366434351 ; 68342; 0000000
9082.9278407422480086 ; 89045; 0000000
8095.1599718809711703 ; 62704; 0000000
9302.7420219461728266 ; 92073; 0000000
7619.5623029548796694 ; 23044; 0000000
9164.1408738508307579 ; 90444; 0000000
8969.6723527720041602 ; 86542; 0000000
7670.9184501786567125 ; 30779; 0000000
8734.4948157351427653 ; 82250; 0000000
7640.6688341861881781 ; 25354; 0000000
8813.0281664467438532 ; 84083; 0000000
8651.6971601704681234 ; 80538; 0000000
7605.8661694847942272 ; 20008; 0000000
7579.03239790923908 ; 15396; 0000000
7927.9242159257801177 ; 54503; 0000000
7575.3089422546145215 ; 12859; 0000000
7803.9544542425892359 ; 43808; 0000000
7863.4781062595775438 ; 48190; 0000000
8459.4635455757470481 ; 74678; 0000000
7697.4111722491243199 ; 33236; 0000000
7593.6143344751335462 ; 17990; 0000000
7866.4341622813362847 ; 50378; 0000000
7896.7624628878938893 ; 52692; 0000000
7743.2925511509711214 ; 39922; 0000000
8168.5408300302351563 ; 65478; 0000000
8515.6330475055710849 ; 76458; 0000000
7552.1429902294512431 ; 6234; 0000000
7770.7290779720424325 ; 41600; 0000000
8000.2296311197942487 ; 57404; 0000000
8905.7626682170775894 ; 85565; 0000000
7557.3694322044202636 ; 8292; 0000000
8397.7768131373068172 ; 72950; 0000000
9814.4489112759092677 ; 98938; 0000000
7548.6821723020639183 ; 3697; 0000000
7980.9209878411593309 ; 56900; 0000000
10114.001397169306074 ; 101956; 0000000
8579.0431890438703704 ; 77923; 0000000
8607.040997442230946 ; 78810; 0000000
8224.2927421198364755 ; 66391; 0000000
7796.398412430479766 ; 43576; 0000000
8543.6515429595874593 ; 76797; 0000000
8999.4077596127044671 ; 87247; 0000000
7601.9573641874130772 ; 18589; 0000000
8483.9352121805586648 ; 75070; 0000000
9067.0179519860867003 ; 88314; 0000000
8852.2066579674483364 ; 84134; 0000000
