Pareto (Travel Time; Profit; IsValid)

7544.3659000000006927 ; 0; 0000000
13948.919026358673364 ; 70137; 0000000
13692.348593516973779 ; 70057; 0000000
14085.504340856719864 ; 70239; 0000000
13335.573164846275176 ; 69762; 0000000
8073.2713962042216735 ; 35947; 0000000
7896.5329031970541109 ; 30752; 0000000
8139.9023490674990171 ; 37609; 0000000
7841.888466033219629 ; 28653; 0000000
7877.4122356695597773 ; 29650; 0000000
8207.4723374882887583 ; 38685; 0000000
8110.3075723968877355 ; 36704; 0000000
7803.0189724254487373 ; 26833; 0000000
7606.1758493298857502 ; 13484; 0000000
8414.1492212446573831 ; 42717; 0000000
8346.6230194766940258 ; 41740; 0000000
7783.2159879534729043 ; 26191; 0000000
8301.2321107426760136 ; 40743; 0000000
7904.3148236264496518 ; 31020; 0000000
7731.5542496522739384 ; 23206; 0000000
8242.9346016703348141 ; 39886; 0000000
8173.2660270744972877 ; 38159; 0000000
7763.265295373117624 ; 25067; 0000000
8486.3004709798497061 ; 43536; 0000000
7749.8919922251743628 ; 24210; 0000000
7807.7701215933439016 ; 27582; 0000000
7664.6506685320546239 ; 18887; 0000000
7561.6704277765265942 ; 6763; 0000000
7562.9017071513499104 ; 7975; 0000000
7571.0498163028405543 ; 9463; 0000000
7575.6655090186859525 ; 10644; 0000000
7587.9833670808575334 ; 12108; 0000000
7603.8583251997333718 ; 13452; 0000000
7614.9298930345285044 ; 14745; 0000000
7629.4521300377109583 ; 16030; 0000000
7651.5153892469061248 ; 18281; 0000000
7671.1092596069665888 ; 19468; 0000000
7683.4290986840760525 ; 20675; 0000000
7702.6560778026987464 ; 21643; 0000000
7754.259370745695378 ; 24293; 0000000
7879.3724929787149449 ; 30163; 0000000
7906.3054061678167272 ; 31282; 0000000
8005.2934327491457225 ; 34328; 0000000
8034.6130378125208154 ; 35233; 0000000
8081.1897116080263004 ; 36266; 0000000
8116.7380687396434951 ; 37025; 0000000
8466.4822104589147784 ; 43492; 0000000
8529.6296886252875993 ; 44393; 0000000
7545.8925665515953369 ; 1913; 0000000
7840.7946805006686191 ; 27879; 0000000
7861.3682445228414508 ; 29003; 0000000
8080.8430377949534886 ; 36230; 0000000
7622.6741926100812634 ; 15532; 0000000
7716.5378888176701366 ; 22000; 0000000
8397.2233581395485089 ; 42100; 0000000
8314.0880353760221624 ; 41190; 0000000
7759.4779687693117012 ; 24580; 0000000
8211.2410255659251561 ; 39058; 0000000
7596.1703751099839792 ; 12918; 0000000
7586.9710413127650099 ; 11471; 0000000
7558.5123009247108712 ; 6414; 0000000
8154.5106157766749675 ; 37930; 0000000
8136.0080653044969949 ; 37358; 0000000
7554.6003881085880494 ; 4984; 0000000
7658.5989007354019122 ; 18661; 0000000
7545.7298128549782632 ; 1794; 0000000
7712.2791854503484501 ; 21982; 0000000
7832.6148033636782202 ; 27839; 0000000
7656.3207980927718381 ; 18418; 0000000
7556.5633714474161025 ; 6044; 0000000
7672.1762390439444061 ; 19900; 0000000
7544.6941316167394689 ; 769; 0000000
7798.0092669423456755 ; 26219; 0000000
14692.25605000566793 ; 70436; 0000000
7560.2239867883845363 ; 6461; 0000000
7739.6113506976944336 ; 23997; 0000000
7775.1104420924002625 ; 25517; 0000000
8148.2281949797652487 ; 37621; 0000000
8293.4301184487721912 ; 40397; 0000000
7567.4757491633272366 ; 8074; 0000000
7581.6210498549253316 ; 10886; 0000000
7569.3717803467625345 ; 9422; 0000000
7609.8639893411718731 ; 14258; 0000000
7701.2474953788523635 ; 21239; 0000000
7626.5895458438653804 ; 15657; 0000000
8201.8474561356233608 ; 38678; 0000000
7598.8309402832992419 ; 12965; 0000000
7592.4210840955020103 ; 12179; 0000000
7569.1861524985761207 ; 8288; 0000000
7780.2849989435981115 ; 25691; 0000000
7544.4548381864578914 ; 156; 0000000
7608.7481033721851418 ; 13870; 0000000
7599.7917066773416082 ; 12998; 0000000
7620.4350220977712524 ; 15449; 0000000
14026.859812051792687 ; 70171; 0000000
7959.720317346777847 ; 32502; 0000000
8424.7833719270729489 ; 43064; 0000000
8382.0316782672725822 ; 42081; 0000000
8494.4720743478846998 ; 44041; 0000000
8261.1221679884638434 ; 40098; 0000000
8538.1482897179794236 ; 44720; 0000000
8231.7428546151386399 ; 39314; 0000000
8582.9056823398386769 ; 45437; 0000000
7556.0724738136586893 ; 5242; 0000000
8173.1011271758970906 ; 38067; 0000000
7562.6576843970196933 ; 6962; 0000000
8409.1266589594197285 ; 42395; 0000000
8176.060973618650678 ; 38459; 0000000
7631.0598111913986941 ; 16141; 0000000
7724.714602682430268 ; 22879; 0000000
7642.3243013644050734 ; 17434; 0000000
7822.6797547805717841 ; 27622; 0000000
8117.3836879742311794 ; 37318; 0000000
7745.9089303009650394 ; 24188; 0000000
7922.6784718858034466 ; 31553; 0000000
8056.6497370915867577 ; 35671; 0000000
7879.9864483648316309 ; 30257; 0000000
7768.6358174686174607 ; 25093; 0000000
8094.829799307979556 ; 36350; 0000000
8005.8807062937703449 ; 34621; 0000000
7667.4843177121347253 ; 19307; 0000000
7662.3120722410440067 ; 18743; 0000000
7940.2439439790423421 ; 32252; 0000000
7863.1074558008158419 ; 29565; 0000000
7961.5211750158041468 ; 33220; 0000000
7988.6972639631831044 ; 34125; 0000000
7636.5067750784410237 ; 16455; 0000000
7544.7854084961463741 ; 797; 0000000
7614.1844349850080107 ; 14373; 0000000
7601.2790146563447706 ; 13071; 0000000
8493.4125730691976059 ; 43848; 0000000
7753.8032777751368485 ; 24214; 0000000
7988.693874425627655 ; 33420; 0000000
7773.6829975668306361 ; 25338; 0000000
8278.5077645918427152 ; 40317; 0000000
7787.2355444688237185 ; 26195; 0000000
7937.9691390025100191 ; 31752; 0000000
13774.688179969003613 ; 70074; 0000000
13663.146510423306609 ; 69981; 0000000
10560.066792427976907 ; 63156; 0000000
10398.495649009879344 ; 62477; 0000000
12920.597505748102776 ; 69008; 0000000
7545.5676973166991957 ; 1569; 0000000
7546.7327373507114316 ; 3343; 0000000
9262.9815989942308079 ; 55606; 0000000
8741.391111322429424 ; 48917; 0000000
13196.094141065617805 ; 69562; 0000000
10787.751193880780193 ; 63905; 0000000
13103.411845711423666 ; 69309; 0000000
9192.789781538553143 ; 54689; 0000000
11562.496356647432549 ; 66301; 0000000
9618.8143288377832505 ; 58278; 0000000
7547.4666514220862155 ; 4874; 0000000
9519.8440199413980736 ; 57544; 0000000
8911.577250453099623 ; 51638; 0000000
9365.5257287907043064 ; 56311; 0000000
7557.7997436190253211 ; 6309; 0000000
10308.955751571860674 ; 62018; 0000000
10911.290900368479925 ; 64415; 0000000
9111.5912486320976313 ; 53847; 0000000
10660.339557888066338 ; 63572; 0000000
8551.9154299044821528 ; 45366; 0000000
10039.056512366769311 ; 60739; 0000000
8841.5819602705851139 ; 50765; 0000000
9699.2939416407771205 ; 58924; 0000000
11410.439409776465254 ; 65952; 0000000
13397.712707525890437 ; 69863; 0000000
8789.1185877669358888 ; 49908; 0000000
9789.7753889416635502 ; 59478; 0000000
8984.771091097716635 ; 52440; 0000000
8505.6083848185935494 ; 44279; 0000000
8595.8731429809413385 ; 46357; 0000000
9439.1569095338527404 ; 56957; 0000000
9071.6239745986677008 ; 52885; 0000000
8683.1127130535915057 ; 47645; 0000000
12698.456321981873771 ; 68665; 0000000
11846.546492024757754 ; 67028; 0000000
12165.871815100828826 ; 67632; 0000000
12779.48542847335375 ; 68958; 0000000
11019.126362660725135 ; 64650; 0000000
10180.322427096110914 ; 61584; 0000000
11666.209071207927991 ; 66644; 0000000
9941.488216199017188 ; 60185; 0000000
12236.945767368561064 ; 67938; 0000000
12029.890356063873696 ; 67408; 0000000
10129.360810265688997 ; 61291; 0000000
9874.4434800226372317 ; 60030; 0000000
11970.067414481796732 ; 67248; 0000000
11754.809899824982494 ; 66772; 0000000
8645.1032598723159026 ; 47214; 0000000
11252.636982108328084 ; 65398; 0000000
11328.182932990113841 ; 65730; 0000000
12413.379551807276584 ; 68231; 0000000
12363.991773401765386 ; 68012; 0000000
11096.17954180081324 ; 65094; 0000000
11167.318953053716541 ; 65204; 0000000
12550.849296297106775 ; 68574; 0000000
7607.2259222116063029 ; 13649; 0000000
7641.5735046244753903 ; 17090; 0000000
14213.045069776067976 ; 70312; 0000000
14505.544115917758973 ; 70315; 0000000
14644.251536307538117 ; 70384; 0000000
