Pareto (Travel Time; Profit; IsValid)

7544.3659000000006927 ; 0; 0000000
7544.5325194814440692 ; 119; 0000000
7545.9393670275012482 ; 650; 0000000
7547.7059536907718211 ; 867; 0000000
7548.5485408821759847 ; 986; 0000000
7555.8787714287809649 ; 1448; 0000000
7570.0713497535498391 ; 2416; 0000000
7570.9203631492609929 ; 2535; 0000000
7589.7529221859695099 ; 3000; 0000000
7590.607244998571332 ; 3119; 0000000
7958.9445521540801565 ; 7137; 0000000
7959.8415806359616909 ; 7256; 0000000
7993.9468169996607685 ; 7564; 0000000
7994.853901273027077 ; 7683; 0000000
8052.1547850347769781 ; 8245; 0000000
8085.3727068957987285 ; 8413; 0000000
8088.5022902808623257 ; 8672; 0000000
8144.9741752537247521 ; 8975; 0000000
8181.6653320110372078 ; 9283; 0000000
8182.6292485129188208 ; 9402; 0000000
8239.0835022378851136 ; 9649; 0000000
8299.5873893135049002 ; 9952; 0000000
8323.8920608022108354 ; 10253; 0000000
8339.8551812958849041 ; 10379; 0000000
8458.1508597685842687 ; 10803; 0000000
8459.2160883998349163 ; 10922; 0000000
8501.1555438241211959 ; 11230; 0000000
8502.2350712923089304 ; 11349; 0000000
8634.6895006205304526 ; 11599; 0000000
8655.9858027204700193 ; 11680; 0000000
8738.7485465844893042 ; 11955; 0000000
8739.9373650976085628 ; 12074; 0000000
8890.5794565247706487 ; 12324; 0000000
8907.7561228834983922 ; 12405; 0000000
9066.0101386609385372 ; 12655; 0000000
9438.5274537588029489 ; 13222; 0000000
9453.0237548408676957 ; 13303; 0000000
9642.0494051263176516 ; 13553; 0000000
10412.90722034056671 ; 14396; 0000000
11402.485614208912011 ; 15101; 0000000
7556.8908617064280406 ; 1716; 0000000
7562.587483181033349 ; 2176; 0000000
7556.046009941790544 ; 1597; 0000000
8084.4392320243323411 ; 8294; 0000000
8087.5664886800323075 ; 8553; 0000000
9072.41499933295745 ; 12749; 0000000
9263.0126037289373926 ; 13080; 0000000
9454.2088659281398577 ; 13330; 0000000
9679.1363668965932447 ; 13647; 0000000
9905.877161499200156 ; 13978; 0000000
10090.188556345459801 ; 13996; 0000000
10092.862594094884116 ; 14077; 0000000
10144.41580039130713 ; 14228; 0000000
10346.486329956511327 ; 14327; 0000000
10739.156471915084694 ; 14683; 0000000
11044.020773170635948 ; 14933; 0000000
12105.974185008310087 ; 15487; 0000000
7549.9005954761914836 ; 1294; 0000000
7558.3150432507227379 ; 2024; 0000000
7564.4662298161892977 ; 2232; 0000000
7572.5380039181591201 ; 2843; 0000000
7592.2418482626571858 ; 3427; 0000000
7616.7071204725752978 ; 3677; 0000000
7642.2754431802723047 ; 3824; 0000000
7644.2879061227331476 ; 4132; 0000000
7656.3369632983285555 ; 4384; 0000000
7681.5097982190109178 ; 4634; 0000000
7694.1044674499071334 ; 4785; 0000000
7709.0662045079116069 ; 4970; 0000000
7722.5893649103645657 ; 5121; 0000000
7733.5266682226802004 ; 5373; 0000000
7760.2259586086274794 ; 5623; 0000000
7789.0336720843270086 ; 5881; 0000000
7790.5443212999389289 ; 6078; 0000000
7820.0871229517078973 ; 6328; 0000000
7857.45944837526622 ; 6600; 0000000
7858.3943578004136725 ; 6719; 0000000
7890.8532475044403327 ; 6850; 0000000
7891.7993684384464359 ; 6969; 0000000
7975.5137153375117123 ; 7298; 0000000
8324.9036999778054451 ; 10372; 0000000
9901.4042851470894675 ; 13897; 0000000
10142.526172617232078 ; 14109; 0000000
8012.4583132538518839 ; 7853; 0000000
8011.5509181881379845 ; 7734; 0000000
7615.8408338016597554 ; 3598; 0000000
7976.53136933713904 ; 7307; 0000000
7977.4288190040897462 ; 7426; 0000000
8051.2296677022222866 ; 8126; 0000000
9252.5775905142472766 ; 12999; 0000000
11257.27202378585207 ; 15071; 0000000
11556.383977205852716 ; 15170; 0000000
7788.1188509681278447 ; 5762; 0000000
8394.4711190587495366 ; 10619; 0000000
7942.753735141684956 ; 7048; 0000000
12108.979459590547776 ; 15569; 0000000
11651.881611765073103 ; 15319; 0000000
11040.210585634120434 ; 14894; 0000000
11107.828664700939044 ; 14963; 0000000
10563.838311423280174 ; 14614; 0000000
10297.490548895579195 ; 14283; 0000000
10861.333514724341512 ; 14864; 0000000
12026.876082369724827 ; 15448; 0000000
9554.6377656280874362 ; 13385; 0000000
11611.129438243064214 ; 15198; 0000000
10561.746813539491995 ; 14495; 0000000
10787.500105265460661 ; 14713; 0000000
10859.032449405689476 ; 14745; 0000000
8225.1326784932534792 ; 9642; 0000000
7546.1064142988388994 ; 769; 0000000
13273.003174897476129 ; 15571; 0000000
11907.805826720959885 ; 15418; 0000000
11466.968569363412826 ; 15168; 0000000
12105.481589478162277 ; 15450; 0000000
11220.37965728430936 ; 15032; 0000000
7732.6327937894920979 ; 5254; 0000000
7789.6329937274977055 ; 5959; 0000000
7759.3242649132489532 ; 5504; 0000000
7819.1666459390917225 ; 6209; 0000000
7593.0968945670229004 ; 3546; 0000000
7559.1605203336803243 ; 2143; 0000000
7617.5690248534829152 ; 3796; 0000000
7952.0950257236327161 ; 7090; 0000000
8042.2678209617033644 ; 8079; 0000000
8125.8834618646151284 ; 8898; 0000000
8172.4170635488908374 ; 9049; 0000000
8220.8947471015981137 ; 9509; 0000000
8267.8083270534443727 ; 9868; 0000000
8368.8339003446835704 ; 10479; 0000000
8433.4512650645374379 ; 10756; 0000000
8557.0331367665639846 ; 11456; 0000000
8558.1398118832585169 ; 11575; 0000000
8695.1195906114044192 ; 11825; 0000000
8816.6221014710827149 ; 12181; 0000000
8817.8560107338162197 ; 12300; 0000000
8990.2478667293053149 ; 12512; 0000000
8991.541846373489534 ; 12631; 0000000
9158.3263403559085418 ; 12881; 0000000
9360.1759301630354457 ; 13198; 0000000
9562.1989670490511344 ; 13529; 0000000
9764.2018863024841266 ; 13779; 0000000
10118.886891327949343 ; 14083; 0000000
10375.920915968563349 ; 14333; 0000000
10545.302643772351075 ; 14484; 0000000
8369.8650244857581129 ; 10598; 0000000
8221.8745119761952083 ; 9628; 0000000
8974.8066656545488513 ; 12431; 0000000
7645.1581682899568477 ; 4251; 0000000
7667.2945885482067752 ; 4416; 0000000
7693.2212168018104421 ; 4666; 0000000
7709.9543817710664371 ; 5089; 0000000
7752.1304383755878007 ; 5490; 0000000
7550.7437774719173831 ; 1413; 0000000
7773.2388740315127507 ; 5730; 0000000
7655.4646930181615971 ; 4265; 0000000
7668.1703549754856795 ; 4535; 0000000
7706.3725254592291094 ; 4892; 0000000
7928.3539177669454148 ; 6978; 0000000
7724.0686192522216515 ; 5176; 0000000
7573.3877310634070454 ; 2962; 0000000
