Travel Time: 7544.3659000000006927; Profit: 0; TSP Distance : 7544.3659000000006927; Weight: 0 / 6735; 0000000
TSP Tour = 1 22 31 18 3 17 21 42 7 2 30 23 20 50 29 16 46 44 34 35 36 39 40 37 38 48 24 5 15 6 4 25 12 28 27 26 47 13 14 52 11 51 33 43 10 9 8 41 19 45 32 49 1
Knapsack Array = 0 0 0 0 0 0 0 0 0 0 0 0 0 0 0 0 0 0 0 0 0 0 0 0 0 0 0 0 0 0 0 0 0 0 0 0 0 0 0 0 0 0 0 0 0 0 0 0 0 0 0 
Picked Items (item,city) = 

Travel Time: 7544.5325194814440692; Profit: 119; TSP Distance : 7544.3659000000006927; Weight: 1 / 6735; 0000000
TSP Tour = 1 49 32 45 19 41 8 9 10 43 33 51 11 52 14 13 47 26 27 28 12 25 4 6 15 5 24 48 38 37 40 39 36 35 34 44 46 16 29 50 20 23 30 2 7 42 21 17 3 18 31 22 1
Knapsack Array = 1 0 0 0 0 0 0 0 0 0 0 0 0 0 0 0 0 0 0 0 0 0 0 0 0 0 0 0 0 0 0 0 0 0 0 0 0 0 0 0 0 0 0 0 0 0 0 0 0 0 0 
Picked Items (item,city) = (1 , 2) 

Travel Time: 7545.9393670275012482; Profit: 650; TSP Distance : 7544.3659000000016022; Weight: 247 / 6735; 0000000
TSP Tour = 1 49 32 45 19 41 8 9 10 43 33 51 11 52 14 13 47 26 27 28 12 25 4 6 15 5 24 48 38 37 40 39 36 35 34 44 46 16 29 50 20 23 30 2 7 42 21 17 3 18 31 22 1
Knapsack Array = 0 0 0 0 0 0 0 0 0 0 0 0 0 0 0 0 0 0 0 0 1 0 0 0 0 0 0 0 0 0 0 0 0 0 0 0 0 0 0 0 0 0 0 0 0 0 0 0 0 0 0 
Picked Items (item,city) = (21 , 22) 

Travel Time: 7547.7059536907718211; Profit: 867; TSP Distance : 7544.3659000000006927; Weight: 371 / 6735; 0000000
TSP Tour = 1 22 31 18 3 17 21 42 7 2 30 23 20 50 29 16 46 44 34 35 36 39 40 37 38 48 24 5 15 6 4 25 12 28 27 26 47 13 14 52 11 51 33 43 10 9 8 41 19 45 32 49 1
Knapsack Array = 0 0 0 0 0 0 0 0 0 0 0 0 0 0 0 0 0 0 0 0 0 0 0 0 0 0 0 0 0 0 0 0 0 0 0 0 0 0 0 0 0 0 0 0 0 0 0 1 0 0 0 
Picked Items (item,city) = (48 , 49) 

Travel Time: 7548.5485408821759847; Profit: 986; TSP Distance : 7544.3659000000006927; Weight: 372 / 6735; 0000000
TSP Tour = 1 22 31 18 3 17 21 42 7 2 30 23 20 50 29 16 46 44 34 35 36 39 40 37 38 48 24 5 15 6 4 25 12 28 27 26 47 13 14 52 11 51 33 43 10 9 8 41 19 45 32 49 1
Knapsack Array = 1 0 0 0 0 0 0 0 0 0 0 0 0 0 0 0 0 0 0 0 0 0 0 0 0 0 0 0 0 0 0 0 0 0 0 0 0 0 0 0 0 0 0 0 0 0 0 1 0 0 0 
Picked Items (item,city) = (1 , 2) (48 , 49) 

Travel Time: 7555.8787714287809649; Profit: 1448; TSP Distance : 7544.3659000000006927; Weight: 552 / 6735; 0000000
TSP Tour = 1 49 32 45 19 41 8 9 10 43 33 51 11 52 14 13 47 26 27 28 12 25 4 6 15 5 24 48 38 37 40 39 36 35 34 44 46 16 29 50 20 23 30 2 7 42 21 17 3 18 31 22 1
Knapsack Array = 0 0 0 0 0 0 0 0 0 0 0 0 0 0 0 0 1 0 0 0 1 0 0 0 0 0 0 0 0 0 0 0 0 0 0 0 0 0 0 0 0 0 0 0 0 0 0 0 0 0 0 
Picked Items (item,city) = (17 , 18) (21 , 22) 

Travel Time: 7570.0713497535498391; Profit: 2416; TSP Distance : 7544.3659000000006927; Weight: 1244 / 6735; 0000000
TSP Tour = 1 22 31 18 3 17 21 42 7 2 30 23 20 50 29 16 46 44 34 35 36 39 40 37 38 48 24 5 15 6 4 25 12 28 27 26 47 13 14 52 11 51 33 43 10 9 8 41 19 45 32 49 1
Knapsack Array = 0 0 0 0 0 0 1 0 0 0 0 0 0 0 0 0 0 0 0 0 0 0 0 0 0 0 0 0 0 0 1 0 0 0 0 0 0 0 0 0 0 0 0 0 0 0 0 1 0 0 0 
Picked Items (item,city) = (7 , 8) (31 , 32) (48 , 49) 

Travel Time: 7570.9203631492609929; Profit: 2535; TSP Distance : 7544.3659000000006927; Weight: 1245 / 6735; 0000000
TSP Tour = 1 22 31 18 3 17 21 42 7 2 30 23 20 50 29 16 46 44 34 35 36 39 40 37 38 48 24 5 15 6 4 25 12 28 27 26 47 13 14 52 11 51 33 43 10 9 8 41 19 45 32 49 1
Knapsack Array = 1 0 0 0 0 0 1 0 0 0 0 0 0 0 0 0 0 0 0 0 0 0 0 0 0 0 0 0 0 0 1 0 0 0 0 0 0 0 0 0 0 0 0 0 0 0 0 1 0 0 0 
Picked Items (item,city) = (1 , 2) (7 , 8) (31 , 32) (48 , 49) 

Travel Time: 7589.7529221859695099; Profit: 3000; TSP Distance : 7544.3659000000006927; Weight: 1275 / 6735; 0000000
TSP Tour = 1 22 31 18 3 17 21 42 7 2 30 23 20 50 29 16 46 44 34 35 36 39 40 37 38 48 24 5 15 6 4 25 12 28 27 26 47 13 14 52 11 51 33 43 10 9 8 41 19 45 32 49 1
Knapsack Array = 0 0 0 0 0 0 1 0 0 0 0 0 0 0 0 0 0 0 0 0 0 0 0 0 0 0 0 0 0 0 1 0 0 0 0 1 0 0 0 0 0 0 0 0 0 0 0 1 0 0 0 
Picked Items (item,city) = (7 , 8) (31 , 32) (36 , 37) (48 , 49) 

Travel Time: 7590.607244998571332; Profit: 3119; TSP Distance : 7544.3659000000006927; Weight: 1276 / 6735; 0000000
TSP Tour = 1 22 31 18 3 17 21 42 7 2 30 23 20 50 29 16 46 44 34 35 36 39 40 37 38 48 24 5 15 6 4 25 12 28 27 26 47 13 14 52 11 51 33 43 10 9 8 41 19 45 32 49 1
Knapsack Array = 1 0 0 0 0 0 1 0 0 0 0 0 0 0 0 0 0 0 0 0 0 0 0 0 0 0 0 0 0 0 1 0 0 0 0 1 0 0 0 0 0 0 0 0 0 0 0 1 0 0 0 
Picked Items (item,city) = (1 , 2) (7 , 8) (31 , 32) (36 , 37) (48 , 49) 

Travel Time: 7958.9445521540801565; Profit: 7137; TSP Distance : 7748.3357000000032713; Weight: 2693 / 6735; 0000000
TSP Tour = 1 44 46 16 29 50 20 23 30 2 7 42 21 17 3 45 19 41 8 9 10 43 33 51 11 52 14 13 47 26 27 28 12 25 4 6 15 5 24 48 38 37 40 39 34 35 36 49 32 18 31 22 1
Knapsack Array = 0 0 1 0 0 0 0 0 0 0 0 0 0 0 0 0 1 0 0 0 1 0 1 0 0 0 0 0 0 1 1 0 1 0 0 1 0 0 0 0 0 0 0 0 0 0 0 1 0 0 0 
Picked Items (item,city) = (3 , 4) (17 , 18) (21 , 22) (23 , 24) (30 , 31) (31 , 32) (33 , 34) (36 , 37) (48 , 49) 

Travel Time: 7959.8415806359616909; Profit: 7256; TSP Distance : 7748.3357000000032713; Weight: 2694 / 6735; 0000000
TSP Tour = 1 44 46 16 29 50 20 23 30 2 7 42 21 17 3 45 19 41 8 9 10 43 33 51 11 52 14 13 47 26 27 28 12 25 4 6 15 5 24 48 38 37 40 39 34 35 36 49 32 18 31 22 1
Knapsack Array = 1 0 1 0 0 0 0 0 0 0 0 0 0 0 0 0 1 0 0 0 1 0 1 0 0 0 0 0 0 1 1 0 1 0 0 1 0 0 0 0 0 0 0 0 0 0 0 1 0 0 0 
Picked Items (item,city) = (1 , 2) (3 , 4) (17 , 18) (21 , 22) (23 , 24) (30 , 31) (31 , 32) (33 , 34) (36 , 37) (48 , 49) 

Travel Time: 7993.9468169996607685; Profit: 7564; TSP Distance : 7748.3357000000032713; Weight: 2740 / 6735; 0000000
TSP Tour = 1 44 46 16 29 50 20 23 30 2 7 42 21 17 3 45 19 41 8 9 10 43 33 51 11 52 14 13 47 26 27 28 12 25 4 6 15 5 24 48 38 37 40 39 34 35 36 49 32 18 31 22 1
Knapsack Array = 0 0 1 0 0 0 0 0 0 0 0 0 0 0 0 0 1 1 0 0 1 0 1 0 0 0 0 0 0 1 1 0 1 0 0 1 0 0 0 0 0 0 0 0 0 0 0 1 0 0 0 
Picked Items (item,city) = (3 , 4) (17 , 18) (18 , 19) (21 , 22) (23 , 24) (30 , 31) (31 , 32) (33 , 34) (36 , 37) (48 , 49) 

Travel Time: 7994.853901273027077; Profit: 7683; TSP Distance : 7748.3357000000032713; Weight: 2741 / 6735; 0000000
TSP Tour = 1 44 46 16 29 50 20 23 30 2 7 42 21 17 3 45 19 41 8 9 10 43 33 51 11 52 14 13 47 26 27 28 12 25 4 6 15 5 24 48 38 37 40 39 34 35 36 49 32 18 31 22 1
Knapsack Array = 1 0 1 0 0 0 0 0 0 0 0 0 0 0 0 0 1 1 0 0 1 0 1 0 0 0 0 0 0 1 1 0 1 0 0 1 0 0 0 0 0 0 0 0 0 0 0 1 0 0 0 
Picked Items (item,city) = (1 , 2) (3 , 4) (17 , 18) (18 , 19) (21 , 22) (23 , 24) (30 , 31) (31 , 32) (33 , 34) (36 , 37) (48 , 49) 

Travel Time: 8052.1547850347769781; Profit: 8245; TSP Distance : 7748.3357000000032713; Weight: 2898 / 6735; 0000000
TSP Tour = 1 44 46 16 29 50 20 23 30 2 7 42 21 17 3 45 19 41 8 9 10 43 33 51 11 52 14 13 47 26 27 28 12 25 4 6 15 5 24 48 38 37 40 39 34 35 36 49 32 18 31 22 1
Knapsack Array = 1 0 1 0 0 0 0 0 0 0 0 0 0 0 0 0 1 0 0 0 1 0 1 0 0 0 0 0 0 1 1 0 1 0 0 1 0 0 0 0 0 0 0 0 0 0 0 1 0 0 1 
Picked Items (item,city) = (1 , 2) (3 , 4) (17 , 18) (21 , 22) (23 , 24) (30 , 31) (31 , 32) (33 , 34) (36 , 37) (48 , 49) (51 , 52) 

Travel Time: 8085.3727068957987285; Profit: 8413; TSP Distance : 7748.3357000000032713; Weight: 2863 / 6735; 0000000
TSP Tour = 1 44 46 16 29 50 20 23 30 2 7 42 21 17 3 45 19 41 8 9 10 43 33 51 11 52 14 13 47 26 27 28 12 25 4 6 15 5 24 48 38 37 40 39 34 35 36 49 32 18 31 22 1
Knapsack Array = 1 0 1 0 0 0 1 0 0 0 0 0 0 0 0 0 1 1 0 0 1 0 1 0 0 0 0 0 0 1 1 0 1 0 0 1 0 0 0 0 0 0 0 0 0 0 0 1 0 0 0 
Picked Items (item,city) = (1 , 2) (3 , 4) (7 , 8) (17 , 18) (18 , 19) (21 , 22) (23 , 24) (30 , 31) (31 , 32) (33 , 34) (36 , 37) (48 , 49) 

Travel Time: 8088.5022902808623257; Profit: 8672; TSP Distance : 7748.3357000000032713; Weight: 2945 / 6735; 0000000
TSP Tour = 1 44 46 16 29 50 20 23 30 2 7 42 21 17 3 45 19 41 8 9 10 43 33 51 11 52 14 13 47 26 27 28 12 25 4 6 15 5 24 48 38 37 40 39 34 35 36 49 32 18 31 22 1
Knapsack Array = 1 0 1 0 0 0 0 0 0 0 0 0 0 0 0 0 1 1 0 0 1 0 1 0 0 0 0 0 0 1 1 0 1 0 0 1 0 0 0 0 0 0 0 0 0 0 0 1 0 0 1 
Picked Items (item,city) = (1 , 2) (3 , 4) (17 , 18) (18 , 19) (21 , 22) (23 , 24) (30 , 31) (31 , 32) (33 , 34) (36 , 37) (48 , 49) (51 , 52) 

Travel Time: 8144.9741752537247521; Profit: 8975; TSP Distance : 7748.3357000000032713; Weight: 3020 / 6735; 0000000
TSP Tour = 1 44 46 16 29 50 20 23 30 2 7 42 21 17 3 45 19 41 8 9 10 43 33 51 11 52 14 13 47 26 27 28 12 25 4 6 15 5 24 48 38 37 40 39 34 35 36 49 32 18 31 22 1
Knapsack Array = 1 0 1 0 0 0 1 0 0 0 0 0 0 0 0 0 1 0 0 0 1 0 1 0 0 0 0 0 0 1 1 0 1 0 0 1 0 0 0 0 0 0 0 0 0 0 0 1 0 0 1 
Picked Items (item,city) = (1 , 2) (3 , 4) (7 , 8) (17 , 18) (21 , 22) (23 , 24) (30 , 31) (31 , 32) (33 , 34) (36 , 37) (48 , 49) (51 , 52) 

Travel Time: 8181.6653320110372078; Profit: 9283; TSP Distance : 7748.3357000000032713; Weight: 3066 / 6735; 0000000
TSP Tour = 1 44 46 16 29 50 20 23 30 2 7 42 21 17 3 45 19 41 8 9 10 43 33 51 11 52 14 13 47 26 27 28 12 25 4 6 15 5 24 48 38 37 40 39 34 35 36 49 32 18 31 22 1
Knapsack Array = 0 0 1 0 0 0 1 0 0 0 0 0 0 0 0 0 1 1 0 0 1 0 1 0 0 0 0 0 0 1 1 0 1 0 0 1 0 0 0 0 0 0 0 0 0 0 0 1 0 0 1 
Picked Items (item,city) = (3 , 4) (7 , 8) (17 , 18) (18 , 19) (21 , 22) (23 , 24) (30 , 31) (31 , 32) (33 , 34) (36 , 37) (48 , 49) (51 , 52) 

Travel Time: 8182.6292485129188208; Profit: 9402; TSP Distance : 7748.3357000000032713; Weight: 3067 / 6735; 0000000
TSP Tour = 1 44 46 16 29 50 20 23 30 2 7 42 21 17 3 45 19 41 8 9 10 43 33 51 11 52 14 13 47 26 27 28 12 25 4 6 15 5 24 48 38 37 40 39 34 35 36 49 32 18 31 22 1
Knapsack Array = 1 0 1 0 0 0 1 0 0 0 0 0 0 0 0 0 1 1 0 0 1 0 1 0 0 0 0 0 0 1 1 0 1 0 0 1 0 0 0 0 0 0 0 0 0 0 0 1 0 0 1 
Picked Items (item,city) = (1 , 2) (3 , 4) (7 , 8) (17 , 18) (18 , 19) (21 , 22) (23 , 24) (30 , 31) (31 , 32) (33 , 34) (36 , 37) (48 , 49) (51 , 52) 

Travel Time: 8239.0835022378851136; Profit: 9649; TSP Distance : 7748.3357000000032713; Weight: 3420 / 6735; 0000000
TSP Tour = 1 44 46 16 29 50 20 23 30 2 7 42 21 17 3 45 19 41 8 9 10 43 33 51 11 52 14 13 47 26 27 28 12 25 4 6 15 5 24 48 38 37 40 39 34 35 36 49 32 18 31 22 1
Knapsack Array = 1 0 1 0 0 0 0 0 0 0 0 0 0 0 0 0 1 1 0 0 1 0 1 0 0 0 1 0 0 1 1 0 1 0 0 1 0 0 0 0 0 0 0 0 0 0 0 1 0 0 1 
Picked Items (item,city) = (1 , 2) (3 , 4) (17 , 18) (18 , 19) (21 , 22) (23 , 24) (27 , 28) (30 , 31) (31 , 32) (33 , 34) (36 , 37) (48 , 49) (51 , 52) 

Travel Time: 8299.5873893135049002; Profit: 9952; TSP Distance : 7748.3357000000032713; Weight: 3495 / 6735; 0000000
TSP Tour = 1 44 46 16 29 50 20 23 30 2 7 42 21 17 3 45 19 41 8 9 10 43 33 51 11 52 14 13 47 26 27 28 12 25 4 6 15 5 24 48 38 37 40 39 34 35 36 49 32 18 31 22 1
Knapsack Array = 1 0 1 0 0 0 1 0 0 0 0 0 0 0 0 0 1 0 0 0 1 0 1 0 0 0 1 0 0 1 1 0 1 0 0 1 0 0 0 0 0 0 0 0 0 0 0 1 0 0 1 
Picked Items (item,city) = (1 , 2) (3 , 4) (7 , 8) (17 , 18) (21 , 22) (23 , 24) (27 , 28) (30 , 31) (31 , 32) (33 , 34) (36 , 37) (48 , 49) (51 , 52) 

Travel Time: 8323.8920608022108354; Profit: 10253; TSP Distance : 7748.3357000000032713; Weight: 3391 / 6735; 0000000
TSP Tour = 1 44 46 16 29 50 20 23 30 2 7 42 21 17 3 45 19 41 8 9 10 43 33 51 11 52 14 13 47 26 27 28 12 25 4 6 15 5 24 48 38 37 40 39 34 35 36 49 32 18 31 22 1
Knapsack Array = 0 0 1 0 0 0 1 0 0 0 0 1 0 0 0 0 1 1 0 0 1 0 1 0 0 0 0 0 0 1 1 0 1 0 0 1 0 0 0 0 0 0 0 0 0 0 0 1 0 0 1 
Picked Items (item,city) = (3 , 4) (7 , 8) (12 , 13) (17 , 18) (18 , 19) (21 , 22) (23 , 24) (30 , 31) (31 , 32) (33 , 34) (36 , 37) (48 , 49) (51 , 52) 

Travel Time: 8339.8551812958849041; Profit: 10379; TSP Distance : 7748.3357000000032713; Weight: 3542 / 6735; 0000000
TSP Tour = 1 44 46 16 29 50 20 23 30 2 7 42 21 17 3 45 19 41 8 9 10 43 33 51 11 52 14 13 47 26 27 28 12 25 4 6 15 5 24 48 38 37 40 39 34 35 36 49 32 18 31 22 1
Knapsack Array = 1 0 1 0 0 0 1 0 0 0 0 0 0 0 0 0 1 1 0 0 1 0 1 0 0 0 1 0 0 1 1 0 1 0 0 1 0 0 0 0 0 0 0 0 0 0 0 1 0 0 1 
Picked Items (item,city) = (1 , 2) (3 , 4) (7 , 8) (17 , 18) (18 , 19) (21 , 22) (23 , 24) (27 , 28) (30 , 31) (31 , 32) (33 , 34) (36 , 37) (48 , 49) (51 , 52) 

Travel Time: 8458.1508597685842687; Profit: 10803; TSP Distance : 7748.3357000000032713; Weight: 3819 / 6735; 0000000
TSP Tour = 1 44 46 16 29 50 20 23 30 2 7 42 21 17 3 45 19 41 8 9 10 43 33 51 11 52 14 13 47 26 27 28 12 25 4 6 15 5 24 48 38 37 40 39 34 35 36 49 32 18 31 22 1
Knapsack Array = 0 0 1 0 0 0 1 0 0 0 0 1 0 0 0 0 1 0 0 0 1 0 1 0 0 0 1 0 0 1 1 0 1 0 0 1 0 0 0 0 0 0 0 0 0 0 0 1 0 0 1 
Picked Items (item,city) = (3 , 4) (7 , 8) (12 , 13) (17 , 18) (21 , 22) (23 , 24) (27 , 28) (30 , 31) (31 , 32) (33 , 34) (36 , 37) (48 , 49) (51 , 52) 

Travel Time: 8459.2160883998349163; Profit: 10922; TSP Distance : 7748.3357000000032713; Weight: 3820 / 6735; 0000000
TSP Tour = 1 44 46 16 29 50 20 23 30 2 7 42 21 17 3 45 19 41 8 9 10 43 33 51 11 52 14 13 47 26 27 28 12 25 4 6 15 5 24 48 38 37 40 39 34 35 36 49 32 18 31 22 1
Knapsack Array = 1 0 1 0 0 0 1 0 0 0 0 1 0 0 0 0 1 0 0 0 1 0 1 0 0 0 1 0 0 1 1 0 1 0 0 1 0 0 0 0 0 0 0 0 0 0 0 1 0 0 1 
Picked Items (item,city) = (1 , 2) (3 , 4) (7 , 8) (12 , 13) (17 , 18) (21 , 22) (23 , 24) (27 , 28) (30 , 31) (31 , 32) (33 , 34) (36 , 37) (48 , 49) (51 , 52) 

Travel Time: 8501.1555438241211959; Profit: 11230; TSP Distance : 7748.3357000000032713; Weight: 3866 / 6735; 0000000
TSP Tour = 1 44 46 16 29 50 20 23 30 2 7 42 21 17 3 45 19 41 8 9 10 43 33 51 11 52 14 13 47 26 27 28 12 25 4 6 15 5 24 48 38 37 40 39 34 35 36 49 32 18 31 22 1
Knapsack Array = 0 0 1 0 0 0 1 0 0 0 0 1 0 0 0 0 1 1 0 0 1 0 1 0 0 0 1 0 0 1 1 0 1 0 0 1 0 0 0 0 0 0 0 0 0 0 0 1 0 0 1 
Picked Items (item,city) = (3 , 4) (7 , 8) (12 , 13) (17 , 18) (18 , 19) (21 , 22) (23 , 24) (27 , 28) (30 , 31) (31 , 32) (33 , 34) (36 , 37) (48 , 49) (51 , 52) 

Travel Time: 8502.2350712923089304; Profit: 11349; TSP Distance : 7748.3357000000032713; Weight: 3867 / 6735; 0000000
TSP Tour = 1 44 46 16 29 50 20 23 30 2 7 42 21 17 3 45 19 41 8 9 10 43 33 51 11 52 14 13 47 26 27 28 12 25 4 6 15 5 24 48 38 37 40 39 34 35 36 49 32 18 31 22 1
Knapsack Array = 1 0 1 0 0 0 1 0 0 0 0 1 0 0 0 0 1 1 0 0 1 0 1 0 0 0 1 0 0 1 1 0 1 0 0 1 0 0 0 0 0 0 0 0 0 0 0 1 0 0 1 
Picked Items (item,city) = (1 , 2) (3 , 4) (7 , 8) (12 , 13) (17 , 18) (18 , 19) (21 , 22) (23 , 24) (27 , 28) (30 , 31) (31 , 32) (33 , 34) (36 , 37) (48 , 49) (51 , 52) 

Travel Time: 8634.6895006205304526; Profit: 11599; TSP Distance : 7748.3357000000032713; Weight: 4024 / 6735; 0000000
TSP Tour = 1 44 46 16 29 50 20 23 30 2 7 42 21 17 3 45 19 41 8 9 10 43 33 51 11 52 14 13 47 26 27 28 12 25 4 6 15 5 24 48 38 37 40 39 34 35 36 49 32 18 31 22 1
Knapsack Array = 1 0 1 0 0 0 1 0 0 0 0 1 0 0 0 0 1 1 0 0 1 0 1 0 0 0 1 0 0 1 1 0 1 0 0 1 0 0 0 0 0 1 0 0 0 0 0 1 0 0 1 
Picked Items (item,city) = (1 , 2) (3 , 4) (7 , 8) (12 , 13) (17 , 18) (18 , 19) (21 , 22) (23 , 24) (27 , 28) (30 , 31) (31 , 32) (33 , 34) (36 , 37) (42 , 43) (48 , 49) (51 , 52) 

Travel Time: 8655.9858027204700193; Profit: 11680; TSP Distance : 7748.3357000000032713; Weight: 3990 / 6735; 0000000
TSP Tour = 1 44 46 16 29 50 20 23 30 2 7 42 21 17 3 45 19 41 8 9 10 43 33 51 11 52 14 13 47 26 27 28 12 25 4 6 15 5 24 48 38 37 40 39 34 35 36 49 32 18 31 22 1
Knapsack Array = 1 0 1 0 0 0 1 0 0 0 0 1 0 0 1 0 1 1 0 0 1 0 1 0 0 0 1 0 0 1 1 0 1 0 0 1 0 0 0 0 0 0 0 0 0 0 0 1 0 0 1 
Picked Items (item,city) = (1 , 2) (3 , 4) (7 , 8) (12 , 13) (15 , 16) (17 , 18) (18 , 19) (21 , 22) (23 , 24) (27 , 28) (30 , 31) (31 , 32) (33 , 34) (36 , 37) (48 , 49) (51 , 52) 

Travel Time: 8738.7485465844893042; Profit: 11955; TSP Distance : 7748.3357000000032713; Weight: 4493 / 6735; 0000000
TSP Tour = 1 44 46 16 29 50 20 23 30 2 7 42 21 17 3 45 19 41 8 9 10 43 33 51 11 52 14 13 47 26 27 28 12 25 4 6 15 5 24 48 38 37 40 39 34 35 36 49 32 18 31 22 1
Knapsack Array = 0 0 1 0 0 0 1 0 0 0 0 1 0 0 0 0 1 1 0 0 1 0 1 1 0 0 1 0 0 1 1 0 1 0 0 1 0 0 0 0 0 0 0 0 0 0 0 1 0 0 1 
Picked Items (item,city) = (3 , 4) (7 , 8) (12 , 13) (17 , 18) (18 , 19) (21 , 22) (23 , 24) (24 , 25) (27 , 28) (30 , 31) (31 , 32) (33 , 34) (36 , 37) (48 , 49) (51 , 52) 

Travel Time: 8739.9373650976085628; Profit: 12074; TSP Distance : 7748.3357000000032713; Weight: 4494 / 6735; 0000000
TSP Tour = 1 44 46 16 29 50 20 23 30 2 7 42 21 17 3 45 19 41 8 9 10 43 33 51 11 52 14 13 47 26 27 28 12 25 4 6 15 5 24 48 38 37 40 39 34 35 36 49 32 18 31 22 1
Knapsack Array = 1 0 1 0 0 0 1 0 0 0 0 1 0 0 0 0 1 1 0 0 1 0 1 1 0 0 1 0 0 1 1 0 1 0 0 1 0 0 0 0 0 0 0 0 0 0 0 1 0 0 1 
Picked Items (item,city) = (1 , 2) (3 , 4) (7 , 8) (12 , 13) (17 , 18) (18 , 19) (21 , 22) (23 , 24) (24 , 25) (27 , 28) (30 , 31) (31 , 32) (33 , 34) (36 , 37) (48 , 49) (51 , 52) 

Travel Time: 8890.5794565247706487; Profit: 12324; TSP Distance : 7748.3357000000032713; Weight: 4651 / 6735; 0000000
TSP Tour = 1 44 46 16 29 50 20 23 30 2 7 42 21 17 3 45 19 41 8 9 10 43 33 51 11 52 14 13 47 26 27 28 12 25 4 6 15 5 24 48 38 37 40 39 34 35 36 49 32 18 31 22 1
Knapsack Array = 1 0 1 0 0 0 1 0 0 0 0 1 0 0 0 0 1 1 0 0 1 0 1 1 0 0 1 0 0 1 1 0 1 0 0 1 0 0 0 0 0 1 0 0 0 0 0 1 0 0 1 
Picked Items (item,city) = (1 , 2) (3 , 4) (7 , 8) (12 , 13) (17 , 18) (18 , 19) (21 , 22) (23 , 24) (24 , 25) (27 , 28) (30 , 31) (31 , 32) (33 , 34) (36 , 37) (42 , 43) (48 , 49) (51 , 52) 

Travel Time: 8907.7561228834983922; Profit: 12405; TSP Distance : 7748.3357000000032713; Weight: 4617 / 6735; 0000000
TSP Tour = 1 44 46 16 29 50 20 23 30 2 7 42 21 17 3 45 19 41 8 9 10 43 33 51 11 52 14 13 47 26 27 28 12 25 4 6 15 5 24 48 38 37 40 39 34 35 36 49 32 18 31 22 1
Knapsack Array = 1 0 1 0 0 0 1 0 0 0 0 1 0 0 1 0 1 1 0 0 1 0 1 1 0 0 1 0 0 1 1 0 1 0 0 1 0 0 0 0 0 0 0 0 0 0 0 1 0 0 1 
Picked Items (item,city) = (1 , 2) (3 , 4) (7 , 8) (12 , 13) (15 , 16) (17 , 18) (18 , 19) (21 , 22) (23 , 24) (24 , 25) (27 , 28) (30 , 31) (31 , 32) (33 , 34) (36 , 37) (48 , 49) (51 , 52) 

Travel Time: 9066.0101386609385372; Profit: 12655; TSP Distance : 7748.3357000000032713; Weight: 4774 / 6735; 0000000
TSP Tour = 1 44 46 16 29 50 20 23 30 2 7 42 21 17 3 45 19 41 8 9 10 43 33 51 11 52 14 13 47 26 27 28 12 25 4 6 15 5 24 48 38 37 40 39 34 35 36 49 32 18 31 22 1
Knapsack Array = 1 0 1 0 0 0 1 0 0 0 0 1 0 0 1 0 1 1 0 0 1 0 1 1 0 0 1 0 0 1 1 0 1 0 0 1 0 0 0 0 0 1 0 0 0 0 0 1 0 0 1 
Picked Items (item,city) = (1 , 2) (3 , 4) (7 , 8) (12 , 13) (15 , 16) (17 , 18) (18 , 19) (21 , 22) (23 , 24) (24 , 25) (27 , 28) (30 , 31) (31 , 32) (33 , 34) (36 , 37) (42 , 43) (48 , 49) (51 , 52) 

Travel Time: 9438.5274537588029489; Profit: 13222; TSP Distance : 7748.3357000000032713; Weight: 5061 / 6735; 0000000
TSP Tour = 1 44 46 16 29 50 20 23 30 2 7 42 21 17 3 45 19 41 8 9 10 43 33 51 11 52 14 13 47 26 27 28 12 25 4 6 15 5 24 48 38 37 40 39 34 35 36 49 32 18 31 22 1
Knapsack Array = 1 0 1 0 0 0 1 0 0 0 0 1 0 0 0 0 1 1 0 0 1 0 1 1 0 0 1 0 0 1 1 0 1 0 0 1 0 0 0 0 1 1 0 0 0 0 0 1 0 0 1 
Picked Items (item,city) = (1 , 2) (3 , 4) (7 , 8) (12 , 13) (17 , 18) (18 , 19) (21 , 22) (23 , 24) (24 , 25) (27 , 28) (30 , 31) (31 , 32) (33 , 34) (36 , 37) (41 , 42) (42 , 43) (48 , 49) (51 , 52) 

Travel Time: 9453.0237548408676957; Profit: 13303; TSP Distance : 7748.3357000000032713; Weight: 5027 / 6735; 0000000
TSP Tour = 1 44 46 16 29 50 20 23 30 2 7 42 21 17 3 45 19 41 8 9 10 43 33 51 11 52 14 13 47 26 27 28 12 25 4 6 15 5 24 48 38 37 40 39 34 35 36 49 32 18 31 22 1
Knapsack Array = 1 0 1 0 0 0 1 0 0 0 0 1 0 0 1 0 1 1 0 0 1 0 1 1 0 0 1 0 0 1 1 0 1 0 0 1 0 0 0 0 1 0 0 0 0 0 0 1 0 0 1 
Picked Items (item,city) = (1 , 2) (3 , 4) (7 , 8) (12 , 13) (15 , 16) (17 , 18) (18 , 19) (21 , 22) (23 , 24) (24 , 25) (27 , 28) (30 , 31) (31 , 32) (33 , 34) (36 , 37) (41 , 42) (48 , 49) (51 , 52) 

Travel Time: 9642.0494051263176516; Profit: 13553; TSP Distance : 7748.3357000000032713; Weight: 5184 / 6735; 0000000
TSP Tour = 1 44 46 16 29 50 20 23 30 2 7 42 21 17 3 45 19 41 8 9 10 43 33 51 11 52 14 13 47 26 27 28 12 25 4 6 15 5 24 48 38 37 40 39 34 35 36 49 32 18 31 22 1
Knapsack Array = 1 0 1 0 0 0 1 0 0 0 0 1 0 0 1 0 1 1 0 0 1 0 1 1 0 0 1 0 0 1 1 0 1 0 0 1 0 0 0 0 1 1 0 0 0 0 0 1 0 0 1 
Picked Items (item,city) = (1 , 2) (3 , 4) (7 , 8) (12 , 13) (15 , 16) (17 , 18) (18 , 19) (21 , 22) (23 , 24) (24 , 25) (27 , 28) (30 , 31) (31 , 32) (33 , 34) (36 , 37) (41 , 42) (42 , 43) (48 , 49) (51 , 52) 

Travel Time: 10412.90722034056671; Profit: 14396; TSP Distance : 7849.4322000000020125; Weight: 5944 / 6735; 0000000
TSP Tour = 1 44 46 16 29 50 20 23 30 2 7 42 21 17 3 45 19 41 8 9 10 43 33 51 11 52 14 13 47 26 27 28 12 25 4 6 15 5 24 48 38 37 40 39 36 35 34 22 31 18 32 49 1
Knapsack Array = 1 0 1 0 0 0 1 0 0 0 0 1 0 0 1 0 1 1 0 0 1 0 1 1 1 0 1 0 0 1 1 0 1 0 0 1 0 0 0 0 1 1 0 0 0 0 0 1 0 0 1 
Picked Items (item,city) = (1 , 2) (3 , 4) (7 , 8) (12 , 13) (15 , 16) (17 , 18) (18 , 19) (21 , 22) (23 , 24) (24 , 25) (25 , 26) (27 , 28) (30 , 31) (31 , 32) (33 , 34) (36 , 37) (41 , 42) (42 , 43) (48 , 49) (51 , 52) 

Travel Time: 11402.485614208912011; Profit: 15101; TSP Distance : 7849.4322000000020125; Weight: 6430 / 6735; 0000000
TSP Tour = 1 44 46 16 29 50 20 23 30 2 7 42 21 17 3 45 19 41 8 9 10 43 33 51 11 52 14 13 47 26 27 28 12 25 4 6 15 5 24 48 38 37 40 39 36 35 34 22 31 18 32 49 1
Knapsack Array = 1 0 1 0 0 0 1 1 0 0 0 1 0 0 1 0 1 1 0 0 1 0 1 1 1 0 1 0 0 1 1 0 1 0 0 1 0 0 0 0 1 1 0 0 0 0 0 1 0 0 1 
Picked Items (item,city) = (1 , 2) (3 , 4) (7 , 8) (8 , 9) (12 , 13) (15 , 16) (17 , 18) (18 , 19) (21 , 22) (23 , 24) (24 , 25) (25 , 26) (27 , 28) (30 , 31) (31 , 32) (33 , 34) (36 , 37) (41 , 42) (42 , 43) (48 , 49) (51 , 52) 

Travel Time: 7556.8908617064280406; Profit: 1716; TSP Distance : 7544.3659000000006927; Weight: 494 / 6735; 0000000
TSP Tour = 1 22 31 18 3 17 21 42 7 2 30 23 20 50 29 16 46 44 34 35 36 39 40 37 38 48 24 5 15 6 4 25 12 28 27 26 47 13 14 52 11 51 33 43 10 9 8 41 19 45 32 49 1
Knapsack Array = 1 0 0 0 0 0 1 0 0 0 0 0 0 0 0 0 0 0 0 0 0 0 0 0 0 0 0 0 0 0 0 0 0 0 0 0 0 0 0 0 0 0 0 0 0 0 0 1 0 0 0 
Picked Items (item,city) = (1 , 2) (7 , 8) (48 , 49) 

Travel Time: 7562.587483181033349; Profit: 2176; TSP Distance : 7544.3659000000016022; Weight: 834 / 6735; 0000000
TSP Tour = 1 49 32 45 19 41 8 9 10 43 33 51 11 52 14 13 47 26 27 28 12 25 4 6 15 5 24 48 38 37 40 39 36 35 34 44 46 16 29 50 20 23 30 2 7 42 21 17 3 18 31 22 1
Knapsack Array = 1 0 0 0 0 0 0 0 0 0 0 0 0 0 0 0 1 0 0 0 1 0 0 0 0 0 0 0 0 1 0 0 0 0 0 0 0 0 0 0 0 0 0 0 0 0 0 0 0 0 0 
Picked Items (item,city) = (1 , 2) (17 , 18) (21 , 22) (30 , 31) 

Travel Time: 7556.046009941790544; Profit: 1597; TSP Distance : 7544.3659000000006927; Weight: 493 / 6735; 0000000
TSP Tour = 1 22 31 18 3 17 21 42 7 2 30 23 20 50 29 16 46 44 34 35 36 39 40 37 38 48 24 5 15 6 4 25 12 28 27 26 47 13 14 52 11 51 33 43 10 9 8 41 19 45 32 49 1
Knapsack Array = 0 0 0 0 0 0 1 0 0 0 0 0 0 0 0 0 0 0 0 0 0 0 0 0 0 0 0 0 0 0 0 0 0 0 0 0 0 0 0 0 0 0 0 0 0 0 0 1 0 0 0 
Picked Items (item,city) = (7 , 8) (48 , 49) 

Travel Time: 8084.4392320243323411; Profit: 8294; TSP Distance : 7748.3357000000032713; Weight: 2862 / 6735; 0000000
TSP Tour = 1 44 46 16 29 50 20 23 30 2 7 42 21 17 3 45 19 41 8 9 10 43 33 51 11 52 14 13 47 26 27 28 12 25 4 6 15 5 24 48 38 37 40 39 34 35 36 49 32 18 31 22 1
Knapsack Array = 0 0 1 0 0 0 1 0 0 0 0 0 0 0 0 0 1 1 0 0 1 0 1 0 0 0 0 0 0 1 1 0 1 0 0 1 0 0 0 0 0 0 0 0 0 0 0 1 0 0 0 
Picked Items (item,city) = (3 , 4) (7 , 8) (17 , 18) (18 , 19) (21 , 22) (23 , 24) (30 , 31) (31 , 32) (33 , 34) (36 , 37) (48 , 49) 

Travel Time: 8087.5664886800323075; Profit: 8553; TSP Distance : 7748.3357000000032713; Weight: 2944 / 6735; 0000000
TSP Tour = 1 44 46 16 29 50 20 23 30 2 7 42 21 17 3 45 19 41 8 9 10 43 33 51 11 52 14 13 47 26 27 28 12 25 4 6 15 5 24 48 38 37 40 39 34 35 36 49 32 18 31 22 1
Knapsack Array = 0 0 1 0 0 0 0 0 0 0 0 0 0 0 0 0 1 1 0 0 1 0 1 0 0 0 0 0 0 1 1 0 1 0 0 1 0 0 0 0 0 0 0 0 0 0 0 1 0 0 1 
Picked Items (item,city) = (3 , 4) (17 , 18) (18 , 19) (21 , 22) (23 , 24) (30 , 31) (31 , 32) (33 , 34) (36 , 37) (48 , 49) (51 , 52) 

Travel Time: 9072.41499933295745; Profit: 12749; TSP Distance : 7748.3357000000032713; Weight: 5083 / 6735; 0000000
TSP Tour = 1 44 46 16 29 50 20 23 30 2 7 42 21 17 3 45 19 41 8 9 10 43 33 51 11 52 14 13 47 26 27 28 12 25 4 6 15 5 24 48 38 37 40 39 34 35 36 49 32 18 31 22 1
Knapsack Array = 1 0 1 0 0 0 1 0 0 0 1 1 0 0 0 0 1 1 0 0 1 0 1 1 0 0 1 0 0 1 1 0 1 0 0 1 0 0 0 0 0 0 0 0 0 0 0 1 0 0 1 
Picked Items (item,city) = (1 , 2) (3 , 4) (7 , 8) (11 , 12) (12 , 13) (17 , 18) (18 , 19) (21 , 22) (23 , 24) (24 , 25) (27 , 28) (30 , 31) (31 , 32) (33 , 34) (36 , 37) (48 , 49) (51 , 52) 

Travel Time: 9263.0126037289373926; Profit: 13080; TSP Distance : 7748.3357000000032713; Weight: 5206 / 6735; 0000000
TSP Tour = 1 44 46 16 29 50 20 23 30 2 7 42 21 17 3 45 19 41 8 9 10 43 33 51 11 52 14 13 47 26 27 28 12 25 4 6 15 5 24 48 38 37 40 39 34 35 36 49 32 18 31 22 1
Knapsack Array = 1 0 1 0 0 0 1 0 0 0 1 1 0 0 1 0 1 1 0 0 1 0 1 1 0 0 1 0 0 1 1 0 1 0 0 1 0 0 0 0 0 0 0 0 0 0 0 1 0 0 1 
Picked Items (item,city) = (1 , 2) (3 , 4) (7 , 8) (11 , 12) (12 , 13) (15 , 16) (17 , 18) (18 , 19) (21 , 22) (23 , 24) (24 , 25) (27 , 28) (30 , 31) (31 , 32) (33 , 34) (36 , 37) (48 , 49) (51 , 52) 

Travel Time: 9454.2088659281398577; Profit: 13330; TSP Distance : 7748.3357000000032713; Weight: 5363 / 6735; 0000000
TSP Tour = 1 44 46 16 29 50 20 23 30 2 7 42 21 17 3 45 19 41 8 9 10 43 33 51 11 52 14 13 47 26 27 28 12 25 4 6 15 5 24 48 38 37 40 39 34 35 36 49 32 18 31 22 1
Knapsack Array = 1 0 1 0 0 0 1 0 0 0 1 1 0 0 1 0 1 1 0 0 1 0 1 1 0 0 1 0 0 1 1 0 1 0 0 1 0 0 0 0 0 1 0 0 0 0 0 1 0 0 1 
Picked Items (item,city) = (1 , 2) (3 , 4) (7 , 8) (11 , 12) (12 , 13) (15 , 16) (17 , 18) (18 , 19) (21 , 22) (23 , 24) (24 , 25) (27 , 28) (30 , 31) (31 , 32) (33 , 34) (36 , 37) (42 , 43) (48 , 49) (51 , 52) 

Travel Time: 9679.1363668965932447; Profit: 13647; TSP Distance : 7748.3357000000032713; Weight: 5493 / 6735; 0000000
TSP Tour = 1 44 46 16 29 50 20 23 30 2 7 42 21 17 3 45 19 41 8 9 10 43 33 51 11 52 14 13 47 26 27 28 12 25 4 6 15 5 24 48 38 37 40 39 34 35 36 49 32 18 31 22 1
Knapsack Array = 1 0 1 0 0 0 1 0 0 0 1 1 0 0 0 0 1 1 0 0 1 0 1 1 0 0 1 0 0 1 1 0 1 0 0 1 0 0 0 0 1 0 0 0 0 0 0 1 0 0 1 
Picked Items (item,city) = (1 , 2) (3 , 4) (7 , 8) (11 , 12) (12 , 13) (17 , 18) (18 , 19) (21 , 22) (23 , 24) (24 , 25) (27 , 28) (30 , 31) (31 , 32) (33 , 34) (36 , 37) (41 , 42) (48 , 49) (51 , 52) 

Travel Time: 9905.877161499200156; Profit: 13978; TSP Distance : 7748.3357000000032713; Weight: 5616 / 6735; 0000000
TSP Tour = 1 44 46 16 29 50 20 23 30 2 7 42 21 17 3 45 19 41 8 9 10 43 33 51 11 52 14 13 47 26 27 28 12 25 4 6 15 5 24 48 38 37 40 39 34 35 36 49 32 18 31 22 1
Knapsack Array = 1 0 1 0 0 0 1 0 0 0 1 1 0 0 1 0 1 1 0 0 1 0 1 1 0 0 1 0 0 1 1 0 1 0 0 1 0 0 0 0 1 0 0 0 0 0 0 1 0 0 1 
Picked Items (item,city) = (1 , 2) (3 , 4) (7 , 8) (11 , 12) (12 , 13) (15 , 16) (17 , 18) (18 , 19) (21 , 22) (23 , 24) (24 , 25) (27 , 28) (30 , 31) (31 , 32) (33 , 34) (36 , 37) (41 , 42) (48 , 49) (51 , 52) 

Travel Time: 10090.188556345459801; Profit: 13996; TSP Distance : 7748.3357000000032713; Weight: 5751 / 6735; 0000000
TSP Tour = 1 44 46 16 29 50 20 23 30 2 7 42 21 17 3 45 19 41 8 9 10 43 33 51 11 52 14 13 47 26 27 28 12 25 4 6 15 5 24 48 38 37 40 39 34 35 36 49 32 18 31 22 1
Knapsack Array = 1 0 1 0 0 0 1 0 0 0 1 1 0 0 0 0 1 1 0 0 1 0 1 1 0 0 1 0 1 1 1 0 1 0 0 1 0 0 0 0 1 1 0 0 0 0 0 1 0 0 1 
Picked Items (item,city) = (1 , 2) (3 , 4) (7 , 8) (11 , 12) (12 , 13) (17 , 18) (18 , 19) (21 , 22) (23 , 24) (24 , 25) (27 , 28) (29 , 30) (30 , 31) (31 , 32) (33 , 34) (36 , 37) (41 , 42) (42 , 43) (48 , 49) (51 , 52) 

Travel Time: 10092.862594094884116; Profit: 14077; TSP Distance : 7748.3357000000032713; Weight: 5717 / 6735; 0000000
TSP Tour = 1 44 46 16 29 50 20 23 30 2 7 42 21 17 3 45 19 41 8 9 10 43 33 51 11 52 14 13 47 26 27 28 12 25 4 6 15 5 24 48 38 37 40 39 34 35 36 49 32 18 31 22 1
Knapsack Array = 1 0 1 0 0 0 1 0 0 0 1 1 0 0 1 0 1 1 0 0 1 0 1 1 0 0 1 0 1 1 1 0 1 0 0 1 0 0 0 0 1 0 0 0 0 0 0 1 0 0 1 
Picked Items (item,city) = (1 , 2) (3 , 4) (7 , 8) (11 , 12) (12 , 13) (15 , 16) (17 , 18) (18 , 19) (21 , 22) (23 , 24) (24 , 25) (27 , 28) (29 , 30) (30 , 31) (31 , 32) (33 , 34) (36 , 37) (41 , 42) (48 , 49) (51 , 52) 

Travel Time: 10144.41580039130713; Profit: 14228; TSP Distance : 7748.3357000000032713; Weight: 5773 / 6735; 0000000
TSP Tour = 1 44 46 16 29 50 20 23 30 2 7 42 21 17 3 45 19 41 8 9 10 43 33 51 11 52 14 13 47 26 27 28 12 25 4 6 15 5 24 48 38 37 40 39 34 35 36 49 32 18 31 22 1
Knapsack Array = 1 0 1 0 0 0 1 0 0 0 1 1 0 0 1 0 1 1 0 0 1 0 1 1 0 0 1 0 0 1 1 0 1 0 0 1 0 0 0 0 1 1 0 0 0 0 0 1 0 0 1 
Picked Items (item,city) = (1 , 2) (3 , 4) (7 , 8) (11 , 12) (12 , 13) (15 , 16) (17 , 18) (18 , 19) (21 , 22) (23 , 24) (24 , 25) (27 , 28) (30 , 31) (31 , 32) (33 , 34) (36 , 37) (41 , 42) (42 , 43) (48 , 49) (51 , 52) 

Travel Time: 10346.486329956511327; Profit: 14327; TSP Distance : 7748.3357000000032713; Weight: 5874 / 6735; 0000000
TSP Tour = 1 44 46 16 29 50 20 23 30 2 7 42 21 17 3 45 19 41 8 9 10 43 33 51 11 52 14 13 47 26 27 28 12 25 4 6 15 5 24 48 38 37 40 39 34 35 36 49 32 18 31 22 1
Knapsack Array = 1 0 1 0 0 0 1 0 0 0 1 1 0 0 1 0 1 1 0 0 1 0 1 1 0 0 1 0 1 1 1 0 1 0 0 1 0 0 0 0 1 1 0 0 0 0 0 1 0 0 1 
Picked Items (item,city) = (1 , 2) (3 , 4) (7 , 8) (11 , 12) (12 , 13) (15 , 16) (17 , 18) (18 , 19) (21 , 22) (23 , 24) (24 , 25) (27 , 28) (29 , 30) (30 , 31) (31 , 32) (33 , 34) (36 , 37) (41 , 42) (42 , 43) (48 , 49) (51 , 52) 

Travel Time: 10739.156471915084694; Profit: 14683; TSP Distance : 7849.4322000000020125; Weight: 6102 / 6735; 0000000
TSP Tour = 1 44 46 16 29 50 20 23 30 2 7 42 21 17 3 45 19 41 8 9 10 43 33 51 11 52 14 13 47 26 27 28 12 25 4 6 15 5 24 48 38 37 40 39 36 35 34 22 31 18 32 49 1
Knapsack Array = 1 0 1 0 0 0 1 1 0 0 1 1 0 0 1 0 1 1 0 0 1 0 1 1 0 0 1 0 0 1 1 0 1 0 0 1 0 0 0 0 1 0 0 0 0 0 0 1 0 0 1 
Picked Items (item,city) = (1 , 2) (3 , 4) (7 , 8) (8 , 9) (11 , 12) (12 , 13) (15 , 16) (17 , 18) (18 , 19) (21 , 22) (23 , 24) (24 , 25) (27 , 28) (30 , 31) (31 , 32) (33 , 34) (36 , 37) (41 , 42) (48 , 49) (51 , 52) 

Travel Time: 11044.020773170635948; Profit: 14933; TSP Distance : 7849.4322000000020125; Weight: 6259 / 6735; 0000000
TSP Tour = 1 44 46 16 29 50 20 23 30 2 7 42 21 17 3 45 19 41 8 9 10 43 33 51 11 52 14 13 47 26 27 28 12 25 4 6 15 5 24 48 38 37 40 39 36 35 34 22 31 18 32 49 1
Knapsack Array = 1 0 1 0 0 0 1 1 0 0 1 1 0 0 1 0 1 1 0 0 1 0 1 1 0 0 1 0 0 1 1 0 1 0 0 1 0 0 0 0 1 1 0 0 0 0 0 1 0 0 1 
Picked Items (item,city) = (1 , 2) (3 , 4) (7 , 8) (8 , 9) (11 , 12) (12 , 13) (15 , 16) (17 , 18) (18 , 19) (21 , 22) (23 , 24) (24 , 25) (27 , 28) (30 , 31) (31 , 32) (33 , 34) (36 , 37) (41 , 42) (42 , 43) (48 , 49) (51 , 52) 

Travel Time: 12105.974185008310087; Profit: 15487; TSP Distance : 7849.4322000000020125; Weight: 6722 / 6735; 0000000
TSP Tour = 1 44 46 16 29 50 20 23 30 2 7 42 21 17 3 45 19 41 8 9 10 43 33 51 11 52 14 13 47 26 27 28 12 25 4 6 15 5 24 48 38 37 40 39 36 35 34 22 31 18 32 49 1
Knapsack Array = 1 0 1 0 0 0 1 1 0 1 1 1 0 0 1 0 1 1 0 0 1 0 1 1 0 0 1 0 0 1 1 0 1 0 0 1 0 0 0 0 1 1 0 0 0 0 0 1 0 0 1 
Picked Items (item,city) = (1 , 2) (3 , 4) (7 , 8) (8 , 9) (10 , 11) (11 , 12) (12 , 13) (15 , 16) (17 , 18) (18 , 19) (21 , 22) (23 , 24) (24 , 25) (27 , 28) (30 , 31) (31 , 32) (33 , 34) (36 , 37) (41 , 42) (42 , 43) (48 , 49) (51 , 52) 

Travel Time: 7549.9005954761914836; Profit: 1294; TSP Distance : 7544.3659000000006927; Weight: 418 / 6735; 0000000
TSP Tour = 1 22 31 18 3 17 21 42 7 2 30 23 20 50 29 16 46 44 34 35 36 39 40 37 38 48 24 5 15 6 4 25 12 28 27 26 47 13 14 52 11 51 33 43 10 9 8 41 19 45 32 49 1
Knapsack Array = 0 0 0 0 0 0 0 0 0 0 0 0 0 0 0 0 0 1 0 0 0 0 0 0 0 0 0 0 0 0 0 0 0 0 0 0 0 0 0 0 0 0 0 0 0 0 0 1 0 0 0 
Picked Items (item,city) = (18 , 19) (48 , 49) 

Travel Time: 7558.3150432507227379; Profit: 2024; TSP Distance : 7544.3659000000006927; Weight: 540 / 6735; 0000000
TSP Tour = 1 22 31 18 3 17 21 42 7 2 30 23 20 50 29 16 46 44 34 35 36 39 40 37 38 48 24 5 15 6 4 25 12 28 27 26 47 13 14 52 11 51 33 43 10 9 8 41 19 45 32 49 1
Knapsack Array = 0 0 0 0 0 0 1 0 0 0 0 0 0 0 0 0 0 1 0 0 0 0 0 0 0 0 0 0 0 0 0 0 0 0 0 0 0 0 0 0 0 0 0 0 0 0 0 1 0 0 0 
Picked Items (item,city) = (7 , 8) (18 , 19) (48 , 49) 

Travel Time: 7564.4662298161892977; Profit: 2232; TSP Distance : 7544.3659000000006927; Weight: 1170 / 6735; 0000000
TSP Tour = 1 22 31 18 3 17 21 42 7 2 30 23 20 50 29 16 46 44 34 35 36 39 40 37 38 48 24 5 15 6 4 25 12 28 27 26 47 13 14 52 11 51 33 43 10 9 8 41 19 45 32 49 1
Knapsack Array = 1 0 0 0 0 0 0 0 0 0 0 0 0 0 0 0 0 1 0 0 0 0 0 0 0 0 0 0 0 0 1 0 0 0 0 0 0 0 0 0 0 0 0 0 0 0 0 1 0 0 0 
Picked Items (item,city) = (1 , 2) (18 , 19) (31 , 32) (48 , 49) 

Travel Time: 7572.5380039181591201; Profit: 2843; TSP Distance : 7544.3659000000006927; Weight: 1291 / 6735; 0000000
TSP Tour = 1 22 31 18 3 17 21 42 7 2 30 23 20 50 29 16 46 44 34 35 36 39 40 37 38 48 24 5 15 6 4 25 12 28 27 26 47 13 14 52 11 51 33 43 10 9 8 41 19 45 32 49 1
Knapsack Array = 0 0 0 0 0 0 1 0 0 0 0 0 0 0 0 0 0 1 0 0 0 0 0 0 0 0 0 0 0 0 1 0 0 0 0 0 0 0 0 0 0 0 0 0 0 0 0 1 0 0 0 
Picked Items (item,city) = (7 , 8) (18 , 19) (31 , 32) (48 , 49) 

Travel Time: 7592.2418482626571858; Profit: 3427; TSP Distance : 7544.3659000000006927; Weight: 1322 / 6735; 0000000
TSP Tour = 1 22 31 18 3 17 21 42 7 2 30 23 20 50 29 16 46 44 34 35 36 39 40 37 38 48 24 5 15 6 4 25 12 28 27 26 47 13 14 52 11 51 33 43 10 9 8 41 19 45 32 49 1
Knapsack Array = 0 0 0 0 0 0 1 0 0 0 0 0 0 0 0 0 0 1 0 0 0 0 0 0 0 0 0 0 0 0 1 0 0 0 0 1 0 0 0 0 0 0 0 0 0 0 0 1 0 0 0 
Picked Items (item,city) = (7 , 8) (18 , 19) (31 , 32) (36 , 37) (48 , 49) 

Travel Time: 7616.7071204725752978; Profit: 3677; TSP Distance : 7544.3659000000006927; Weight: 1479 / 6735; 0000000
TSP Tour = 1 22 31 18 3 17 21 42 7 2 30 23 20 50 29 16 46 44 34 35 36 39 40 37 38 48 24 5 15 6 4 25 12 28 27 26 47 13 14 52 11 51 33 43 10 9 8 41 19 45 32 49 1
Knapsack Array = 0 0 0 0 0 0 1 0 0 0 0 0 0 0 0 0 0 1 0 0 0 0 0 0 0 0 0 0 0 0 1 0 0 0 0 1 0 0 0 0 0 1 0 0 0 0 0 1 0 0 0 
Picked Items (item,city) = (7 , 8) (18 , 19) (31 , 32) (36 , 37) (42 , 43) (48 , 49) 

Travel Time: 7642.2754431802723047; Profit: 3824; TSP Distance : 7544.3659000000006927; Weight: 1762 / 6735; 0000000
TSP Tour = 1 22 31 18 3 17 21 42 7 2 30 23 20 50 29 16 46 44 34 35 36 39 40 37 38 48 24 5 15 6 4 25 12 28 27 26 47 13 14 52 11 51 33 43 10 9 8 41 19 45 32 49 1
Knapsack Array = 1 0 0 0 0 0 1 1 0 0 0 0 0 0 0 0 0 0 0 0 0 0 0 0 0 0 0 0 0 0 1 0 0 0 0 1 0 0 0 0 0 0 0 0 0 0 0 1 0 0 0 
Picked Items (item,city) = (1 , 2) (7 , 8) (8 , 9) (31 , 32) (36 , 37) (48 , 49) 

Travel Time: 7644.2879061227331476; Profit: 4132; TSP Distance : 7544.3659000000006927; Weight: 1808 / 6735; 0000000
TSP Tour = 1 22 31 18 3 17 21 42 7 2 30 23 20 50 29 16 46 44 34 35 36 39 40 37 38 48 24 5 15 6 4 25 12 28 27 26 47 13 14 52 11 51 33 43 10 9 8 41 19 45 32 49 1
Knapsack Array = 0 0 0 0 0 0 1 1 0 0 0 0 0 0 0 0 0 1 0 0 0 0 0 0 0 0 0 0 0 0 1 0 0 0 0 1 0 0 0 0 0 0 0 0 0 0 0 1 0 0 0 
Picked Items (item,city) = (7 , 8) (8 , 9) (18 , 19) (31 , 32) (36 , 37) (48 , 49) 

Travel Time: 7656.3369632983285555; Profit: 4384; TSP Distance : 7544.3659000000006927; Weight: 1423 / 6735; 0000000
TSP Tour = 1 22 31 18 3 17 21 42 7 2 30 23 20 50 29 16 46 44 34 35 36 39 40 37 38 48 24 5 15 6 4 25 12 28 27 26 47 13 14 52 11 51 33 43 10 9 8 41 19 45 32 49 1
Knapsack Array = 1 0 0 0 0 0 1 0 0 0 0 0 0 0 0 0 0 1 0 0 0 0 1 0 0 0 0 0 0 0 1 0 0 0 0 1 0 0 0 0 0 0 0 0 0 0 0 1 0 0 0 
Picked Items (item,city) = (1 , 2) (7 , 8) (18 , 19) (23 , 24) (31 , 32) (36 , 37) (48 , 49) 

Travel Time: 7681.5097982190109178; Profit: 4634; TSP Distance : 7544.3659000000006927; Weight: 1580 / 6735; 0000000
TSP Tour = 1 22 31 18 3 17 21 42 7 2 30 23 20 50 29 16 46 44 34 35 36 39 40 37 38 48 24 5 15 6 4 25 12 28 27 26 47 13 14 52 11 51 33 43 10 9 8 41 19 45 32 49 1
Knapsack Array = 1 0 0 0 0 0 1 0 0 0 0 0 0 0 0 0 0 1 0 0 0 0 1 0 0 0 0 0 0 0 1 0 0 0 0 1 0 0 0 0 0 1 0 0 0 0 0 1 0 0 0 
Picked Items (item,city) = (1 , 2) (7 , 8) (18 , 19) (23 , 24) (31 , 32) (36 , 37) (42 , 43) (48 , 49) 

Travel Time: 7694.1044674499071334; Profit: 4785; TSP Distance : 7544.3659000000006927; Weight: 1684 / 6735; 0000000
TSP Tour = 1 22 31 18 3 17 21 42 7 2 30 23 20 50 29 16 46 44 34 35 36 39 40 37 38 48 24 5 15 6 4 25 12 28 27 26 47 13 14 52 11 51 33 43 10 9 8 41 19 45 32 49 1
Knapsack Array = 1 0 0 0 0 0 1 0 0 0 0 0 0 0 0 0 0 1 0 0 0 0 0 0 0 0 0 0 0 0 1 0 0 0 0 1 0 0 0 0 0 1 0 0 0 0 0 1 0 0 1 
Picked Items (item,city) = (1 , 2) (7 , 8) (18 , 19) (31 , 32) (36 , 37) (42 , 43) (48 , 49) (51 , 52) 

Travel Time: 7709.0662045079116069; Profit: 4970; TSP Distance : 7544.3659000000006927; Weight: 1908 / 6735; 0000000
TSP Tour = 1 22 31 18 3 17 21 42 7 2 30 23 20 50 29 16 46 44 34 35 36 39 40 37 38 48 24 5 15 6 4 25 12 28 27 26 47 13 14 52 11 51 33 43 10 9 8 41 19 45 32 49 1
Knapsack Array = 0 0 0 0 0 0 1 1 0 0 0 0 0 0 0 0 0 1 0 0 0 0 1 0 0 0 0 0 0 0 1 0 0 0 0 1 0 0 0 0 0 0 0 0 0 0 0 1 0 0 0 
Picked Items (item,city) = (7 , 8) (8 , 9) (18 , 19) (23 , 24) (31 , 32) (36 , 37) (48 , 49) 

Travel Time: 7722.5893649103645657; Profit: 5121; TSP Distance : 7544.3659000000006927; Weight: 2012 / 6735; 0000000
TSP Tour = 1 22 31 18 3 17 21 42 7 2 30 23 20 50 29 16 46 44 34 35 36 39 40 37 38 48 24 5 15 6 4 25 12 28 27 26 47 13 14 52 11 51 33 43 10 9 8 41 19 45 32 49 1
Knapsack Array = 0 0 0 0 0 0 1 1 0 0 0 0 0 0 0 0 0 1 0 0 0 0 0 0 0 0 0 0 0 0 1 0 0 0 0 1 0 0 0 0 0 0 0 0 0 0 0 1 0 0 1 
Picked Items (item,city) = (7 , 8) (8 , 9) (18 , 19) (31 , 32) (36 , 37) (48 , 49) (51 , 52) 

Travel Time: 7733.5266682226802004; Profit: 5373; TSP Distance : 7544.3659000000006927; Weight: 1627 / 6735; 0000000
TSP Tour = 1 22 31 18 3 17 21 42 7 2 30 23 20 50 29 16 46 44 34 35 36 39 40 37 38 48 24 5 15 6 4 25 12 28 27 26 47 13 14 52 11 51 33 43 10 9 8 41 19 45 32 49 1
Knapsack Array = 1 0 0 0 0 0 1 0 0 0 0 0 0 0 0 0 0 1 0 0 0 0 1 0 0 0 0 0 0 0 1 0 0 0 0 1 0 0 0 0 0 0 0 0 0 0 0 1 0 0 1 
Picked Items (item,city) = (1 , 2) (7 , 8) (18 , 19) (23 , 24) (31 , 32) (36 , 37) (48 , 49) (51 , 52) 

Travel Time: 7760.2259586086274794; Profit: 5623; TSP Distance : 7544.3659000000006927; Weight: 1784 / 6735; 0000000
TSP Tour = 1 22 31 18 3 17 21 42 7 2 30 23 20 50 29 16 46 44 34 35 36 39 40 37 38 48 24 5 15 6 4 25 12 28 27 26 47 13 14 52 11 51 33 43 10 9 8 41 19 45 32 49 1
Knapsack Array = 1 0 0 0 0 0 1 0 0 0 0 0 0 0 0 0 0 1 0 0 0 0 1 0 0 0 0 0 0 0 1 0 0 0 0 1 0 0 0 0 0 1 0 0 0 0 0 1 0 0 1 
Picked Items (item,city) = (1 , 2) (7 , 8) (18 , 19) (23 , 24) (31 , 32) (36 , 37) (42 , 43) (48 , 49) (51 , 52) 

Travel Time: 7789.0336720843270086; Profit: 5881; TSP Distance : 7544.3659000000006927; Weight: 2725 / 6735; 0000000
TSP Tour = 1 22 31 18 3 17 21 42 7 2 30 23 20 50 29 16 46 44 34 35 36 39 40 37 38 48 24 5 15 6 4 25 12 28 27 26 47 13 14 52 11 51 33 43 10 9 8 41 19 45 32 49 1
Knapsack Array = 1 0 0 0 0 0 1 1 0 0 0 0 0 0 0 0 0 1 0 0 0 0 0 0 0 0 0 0 0 0 1 0 0 0 0 1 0 0 0 1 0 0 0 0 0 0 0 1 0 0 1 
Picked Items (item,city) = (1 , 2) (7 , 8) (8 , 9) (18 , 19) (31 , 32) (36 , 37) (40 , 41) (48 , 49) (51 , 52) 

Travel Time: 7790.5443212999389289; Profit: 6078; TSP Distance : 7544.3659000000006927; Weight: 2113 / 6735; 0000000
TSP Tour = 1 22 31 18 3 17 21 42 7 2 30 23 20 50 29 16 46 44 34 35 36 39 40 37 38 48 24 5 15 6 4 25 12 28 27 26 47 13 14 52 11 51 33 43 10 9 8 41 19 45 32 49 1
Knapsack Array = 1 0 0 0 0 0 1 1 0 0 0 0 0 0 0 0 0 1 0 0 0 0 1 0 0 0 0 0 0 0 1 0 0 0 0 1 0 0 0 0 0 0 0 0 0 0 0 1 0 0 1 
Picked Items (item,city) = (1 , 2) (7 , 8) (8 , 9) (18 , 19) (23 , 24) (31 , 32) (36 , 37) (48 , 49) (51 , 52) 

Travel Time: 7820.0871229517078973; Profit: 6328; TSP Distance : 7544.3659000000006927; Weight: 2270 / 6735; 0000000
TSP Tour = 1 22 31 18 3 17 21 42 7 2 30 23 20 50 29 16 46 44 34 35 36 39 40 37 38 48 24 5 15 6 4 25 12 28 27 26 47 13 14 52 11 51 33 43 10 9 8 41 19 45 32 49 1
Knapsack Array = 1 0 0 0 0 0 1 1 0 0 0 0 0 0 0 0 0 1 0 0 0 0 1 0 0 0 0 0 0 0 1 0 0 0 0 1 0 0 0 0 0 1 0 0 0 0 0 1 0 0 1 
Picked Items (item,city) = (1 , 2) (7 , 8) (8 , 9) (18 , 19) (23 , 24) (31 , 32) (36 , 37) (42 , 43) (48 , 49) (51 , 52) 

Travel Time: 7857.45944837526622; Profit: 6600; TSP Distance : 7544.3659000000006927; Weight: 2824 / 6735; 0000000
TSP Tour = 1 22 31 18 3 17 21 42 7 2 30 23 20 50 29 16 46 44 34 35 36 39 40 37 38 48 24 5 15 6 4 25 12 28 27 26 47 13 14 52 11 51 33 43 10 9 8 41 19 45 32 49 1
Knapsack Array = 0 0 0 0 0 0 1 1 0 0 0 0 0 0 0 0 0 1 0 0 0 0 1 0 0 0 0 0 0 0 1 0 0 0 0 1 0 0 0 1 0 0 0 0 0 0 0 1 0 0 1 
Picked Items (item,city) = (7 , 8) (8 , 9) (18 , 19) (23 , 24) (31 , 32) (36 , 37) (40 , 41) (48 , 49) (51 , 52) 

Travel Time: 7858.3943578004136725; Profit: 6719; TSP Distance : 7544.3659000000006927; Weight: 2825 / 6735; 0000000
TSP Tour = 1 22 31 18 3 17 21 42 7 2 30 23 20 50 29 16 46 44 34 35 36 39 40 37 38 48 24 5 15 6 4 25 12 28 27 26 47 13 14 52 11 51 33 43 10 9 8 41 19 45 32 49 1
Knapsack Array = 1 0 0 0 0 0 1 1 0 0 0 0 0 0 0 0 0 1 0 0 0 0 1 0 0 0 0 0 0 0 1 0 0 0 0 1 0 0 0 1 0 0 0 0 0 0 0 1 0 0 1 
Picked Items (item,city) = (1 , 2) (7 , 8) (8 , 9) (18 , 19) (23 , 24) (31 , 32) (36 , 37) (40 , 41) (48 , 49) (51 , 52) 

Travel Time: 7890.8532475044403327; Profit: 6850; TSP Distance : 7544.3659000000006927; Weight: 2981 / 6735; 0000000
TSP Tour = 1 22 31 18 3 17 21 42 7 2 30 23 20 50 29 16 46 44 34 35 36 39 40 37 38 48 24 5 15 6 4 25 12 28 27 26 47 13 14 52 11 51 33 43 10 9 8 41 19 45 32 49 1
Knapsack Array = 0 0 0 0 0 0 1 1 0 0 0 0 0 0 0 0 0 1 0 0 0 0 1 0 0 0 0 0 0 0 1 0 0 0 0 1 0 0 0 1 0 1 0 0 0 0 0 1 0 0 1 
Picked Items (item,city) = (7 , 8) (8 , 9) (18 , 19) (23 , 24) (31 , 32) (36 , 37) (40 , 41) (42 , 43) (48 , 49) (51 , 52) 

Travel Time: 7891.7993684384464359; Profit: 6969; TSP Distance : 7544.3659000000006927; Weight: 2982 / 6735; 0000000
TSP Tour = 1 22 31 18 3 17 21 42 7 2 30 23 20 50 29 16 46 44 34 35 36 39 40 37 38 48 24 5 15 6 4 25 12 28 27 26 47 13 14 52 11 51 33 43 10 9 8 41 19 45 32 49 1
Knapsack Array = 1 0 0 0 0 0 1 1 0 0 0 0 0 0 0 0 0 1 0 0 0 0 1 0 0 0 0 0 0 0 1 0 0 0 0 1 0 0 0 1 0 1 0 0 0 0 0 1 0 0 1 
Picked Items (item,city) = (1 , 2) (7 , 8) (8 , 9) (18 , 19) (23 , 24) (31 , 32) (36 , 37) (40 , 41) (42 , 43) (48 , 49) (51 , 52) 

Travel Time: 7975.5137153375117123; Profit: 7298; TSP Distance : 7544.6619000000018787; Weight: 2595 / 6735; 0000000
TSP Tour = 1 22 31 18 3 17 21 42 7 2 30 23 20 50 29 16 46 44 34 35 36 39 40 37 38 48 24 5 15 6 4 25 12 28 27 26 47 14 13 52 11 51 33 43 10 9 8 41 19 45 32 49 1
Knapsack Array = 1 0 0 0 0 0 1 1 0 0 0 1 0 0 0 0 0 1 0 0 0 0 1 0 0 0 0 0 0 0 1 0 0 0 0 1 0 0 0 0 0 1 0 0 0 0 0 1 0 0 1 
Picked Items (item,city) = (1 , 2) (7 , 8) (8 , 9) (12 , 13) (18 , 19) (23 , 24) (31 , 32) (36 , 37) (42 , 43) (48 , 49) (51 , 52) 

Travel Time: 8324.9036999778054451; Profit: 10372; TSP Distance : 7748.3357000000032713; Weight: 3392 / 6735; 0000000
TSP Tour = 1 44 46 16 29 50 20 23 30 2 7 42 21 17 3 45 19 41 8 9 10 43 33 51 11 52 14 13 47 26 27 28 12 25 4 6 15 5 24 48 38 37 40 39 34 35 36 49 32 18 31 22 1
Knapsack Array = 1 0 1 0 0 0 1 0 0 0 0 1 0 0 0 0 1 1 0 0 1 0 1 0 0 0 0 0 0 1 1 0 1 0 0 1 0 0 0 0 0 0 0 0 0 0 0 1 0 0 1 
Picked Items (item,city) = (1 , 2) (3 , 4) (7 , 8) (12 , 13) (17 , 18) (18 , 19) (21 , 22) (23 , 24) (30 , 31) (31 , 32) (33 , 34) (36 , 37) (48 , 49) (51 , 52) 

Travel Time: 9901.4042851470894675; Profit: 13897; TSP Distance : 7748.3357000000032713; Weight: 5650 / 6735; 0000000
TSP Tour = 1 44 46 16 29 50 20 23 30 2 7 42 21 17 3 45 19 41 8 9 10 43 33 51 11 52 14 13 47 26 27 28 12 25 4 6 15 5 24 48 38 37 40 39 34 35 36 49 32 18 31 22 1
Knapsack Array = 1 0 1 0 0 0 1 0 0 0 1 1 0 0 0 0 1 1 0 0 1 0 1 1 0 0 1 0 0 1 1 0 1 0 0 1 0 0 0 0 1 1 0 0 0 0 0 1 0 0 1 
Picked Items (item,city) = (1 , 2) (3 , 4) (7 , 8) (11 , 12) (12 , 13) (17 , 18) (18 , 19) (21 , 22) (23 , 24) (24 , 25) (27 , 28) (30 , 31) (31 , 32) (33 , 34) (36 , 37) (41 , 42) (42 , 43) (48 , 49) (51 , 52) 

Travel Time: 10142.526172617232078; Profit: 14109; TSP Distance : 7748.3357000000032713; Weight: 5772 / 6735; 0000000
TSP Tour = 1 44 46 16 29 50 20 23 30 2 7 42 21 17 3 45 19 41 8 9 10 43 33 51 11 52 14 13 47 26 27 28 12 25 4 6 15 5 24 48 38 37 40 39 34 35 36 49 32 18 31 22 1
Knapsack Array = 0 0 1 0 0 0 1 0 0 0 1 1 0 0 1 0 1 1 0 0 1 0 1 1 0 0 1 0 0 1 1 0 1 0 0 1 0 0 0 0 1 1 0 0 0 0 0 1 0 0 1 
Picked Items (item,city) = (3 , 4) (7 , 8) (11 , 12) (12 , 13) (15 , 16) (17 , 18) (18 , 19) (21 , 22) (23 , 24) (24 , 25) (27 , 28) (30 , 31) (31 , 32) (33 , 34) (36 , 37) (41 , 42) (42 , 43) (48 , 49) (51 , 52) 

Travel Time: 8012.4583132538518839; Profit: 7853; TSP Distance : 7748.3357000000032713; Weight: 2194 / 6735; 0000000
TSP Tour = 1 44 46 16 29 50 20 23 30 2 7 42 21 17 3 45 19 41 8 9 10 43 33 51 11 52 14 13 47 26 27 28 12 25 4 6 15 5 24 48 38 37 40 39 34 35 36 49 32 18 31 22 1
Knapsack Array = 1 0 1 0 0 0 0 0 0 0 0 0 0 0 0 0 1 1 0 0 1 0 1 0 0 0 0 0 0 1 0 0 1 0 0 1 0 0 0 0 0 0 0 0 0 0 0 1 0 0 1 
Picked Items (item,city) = (1 , 2) (3 , 4) (17 , 18) (18 , 19) (21 , 22) (23 , 24) (30 , 31) (33 , 34) (36 , 37) (48 , 49) (51 , 52) 

Travel Time: 8011.5509181881379845; Profit: 7734; TSP Distance : 7748.3357000000032713; Weight: 2193 / 6735; 0000000
TSP Tour = 1 44 46 16 29 50 20 23 30 2 7 42 21 17 3 45 19 41 8 9 10 43 33 51 11 52 14 13 47 26 27 28 12 25 4 6 15 5 24 48 38 37 40 39 34 35 36 49 32 18 31 22 1
Knapsack Array = 0 0 1 0 0 0 0 0 0 0 0 0 0 0 0 0 1 1 0 0 1 0 1 0 0 0 0 0 0 1 0 0 1 0 0 1 0 0 0 0 0 0 0 0 0 0 0 1 0 0 1 
Picked Items (item,city) = (3 , 4) (17 , 18) (18 , 19) (21 , 22) (23 , 24) (30 , 31) (33 , 34) (36 , 37) (48 , 49) (51 , 52) 

Travel Time: 7615.8408338016597554; Profit: 3598; TSP Distance : 7544.3659000000016022; Weight: 965 / 6735; 0000000
TSP Tour = 1 49 32 45 19 41 8 9 10 43 33 51 11 52 14 13 47 26 27 28 12 25 4 6 15 5 24 48 38 37 40 39 36 35 34 44 46 16 29 50 20 23 30 2 7 42 21 17 3 18 31 22 1
Knapsack Array = 1 0 0 0 0 0 0 0 0 0 0 0 0 0 0 0 1 0 0 0 1 0 1 0 0 0 0 0 0 1 0 0 0 0 0 1 0 0 0 0 0 0 0 0 0 0 0 0 0 0 0 
Picked Items (item,city) = (1 , 2) (17 , 18) (21 , 22) (23 , 24) (30 , 31) (36 , 37) 

Travel Time: 7976.53136933713904; Profit: 7307; TSP Distance : 7748.3357000000032713; Weight: 2146 / 6735; 0000000
TSP Tour = 1 44 46 16 29 50 20 23 30 2 7 42 21 17 3 45 19 41 8 9 10 43 33 51 11 52 14 13 47 26 27 28 12 25 4 6 15 5 24 48 38 37 40 39 34 35 36 49 32 18 31 22 1
Knapsack Array = 0 0 1 0 0 0 0 0 0 0 0 0 0 0 0 0 1 0 0 0 1 0 1 0 0 0 0 0 0 1 0 0 1 0 0 1 0 0 0 0 0 0 0 0 0 0 0 1 0 0 1 
Picked Items (item,city) = (3 , 4) (17 , 18) (21 , 22) (23 , 24) (30 , 31) (33 , 34) (36 , 37) (48 , 49) (51 , 52) 

Travel Time: 7977.4288190040897462; Profit: 7426; TSP Distance : 7748.3357000000032713; Weight: 2147 / 6735; 0000000
TSP Tour = 1 44 46 16 29 50 20 23 30 2 7 42 21 17 3 45 19 41 8 9 10 43 33 51 11 52 14 13 47 26 27 28 12 25 4 6 15 5 24 48 38 37 40 39 34 35 36 49 32 18 31 22 1
Knapsack Array = 1 0 1 0 0 0 0 0 0 0 0 0 0 0 0 0 1 0 0 0 1 0 1 0 0 0 0 0 0 1 0 0 1 0 0 1 0 0 0 0 0 0 0 0 0 0 0 1 0 0 1 
Picked Items (item,city) = (1 , 2) (3 , 4) (17 , 18) (21 , 22) (23 , 24) (30 , 31) (33 , 34) (36 , 37) (48 , 49) (51 , 52) 

Travel Time: 8051.2296677022222866; Profit: 8126; TSP Distance : 7748.3357000000032713; Weight: 2897 / 6735; 0000000
TSP Tour = 1 44 46 16 29 50 20 23 30 2 7 42 21 17 3 45 19 41 8 9 10 43 33 51 11 52 14 13 47 26 27 28 12 25 4 6 15 5 24 48 38 37 40 39 34 35 36 49 32 18 31 22 1
Knapsack Array = 0 0 1 0 0 0 0 0 0 0 0 0 0 0 0 0 1 0 0 0 1 0 1 0 0 0 0 0 0 1 1 0 1 0 0 1 0 0 0 0 0 0 0 0 0 0 0 1 0 0 1 
Picked Items (item,city) = (3 , 4) (17 , 18) (21 , 22) (23 , 24) (30 , 31) (31 , 32) (33 , 34) (36 , 37) (48 , 49) (51 , 52) 

Travel Time: 9252.5775905142472766; Profit: 12999; TSP Distance : 7748.3357000000032713; Weight: 5240 / 6735; 0000000
TSP Tour = 1 44 46 16 29 50 20 23 30 2 7 42 21 17 3 45 19 41 8 9 10 43 33 51 11 52 14 13 47 26 27 28 12 25 4 6 15 5 24 48 38 37 40 39 34 35 36 49 32 18 31 22 1
Knapsack Array = 1 0 1 0 0 0 1 0 0 0 1 1 0 0 0 0 1 1 0 0 1 0 1 1 0 0 1 0 0 1 1 0 1 0 0 1 0 0 0 0 0 1 0 0 0 0 0 1 0 0 1 
Picked Items (item,city) = (1 , 2) (3 , 4) (7 , 8) (11 , 12) (12 , 13) (17 , 18) (18 , 19) (21 , 22) (23 , 24) (24 , 25) (27 , 28) (30 , 31) (31 , 32) (33 , 34) (36 , 37) (42 , 43) (48 , 49) (51 , 52) 

Travel Time: 11257.27202378585207; Profit: 15071; TSP Distance : 7851.7581000000018321; Weight: 6533 / 6735; 0000000
TSP Tour = 1 44 46 16 29 50 20 23 30 2 7 42 21 17 3 45 19 41 8 9 10 43 33 51 11 52 14 13 47 26 27 28 12 25 4 6 15 5 24 48 38 37 40 39 34 35 36 22 31 18 32 49 1
Knapsack Array = 1 0 1 0 0 0 1 0 0 0 1 1 0 0 1 0 1 1 0 0 1 0 1 1 1 0 1 0 0 1 1 0 1 0 0 1 0 0 0 0 1 1 0 0 0 0 0 1 0 0 1 
Picked Items (item,city) = (1 , 2) (3 , 4) (7 , 8) (11 , 12) (12 , 13) (15 , 16) (17 , 18) (18 , 19) (21 , 22) (23 , 24) (24 , 25) (25 , 26) (27 , 28) (30 , 31) (31 , 32) (33 , 34) (36 , 37) (41 , 42) (42 , 43) (48 , 49) (51 , 52) 

Travel Time: 11556.383977205852716; Profit: 15170; TSP Distance : 7851.7581000000018321; Weight: 6634 / 6735; 0000000
TSP Tour = 1 44 46 16 29 50 20 23 30 2 7 42 21 17 3 45 19 41 8 9 10 43 33 51 11 52 14 13 47 26 27 28 12 25 4 6 15 5 24 48 38 37 40 39 34 35 36 22 31 18 32 49 1
Knapsack Array = 1 0 1 0 0 0 1 0 0 0 1 1 0 0 1 0 1 1 0 0 1 0 1 1 1 0 1 0 1 1 1 0 1 0 0 1 0 0 0 0 1 1 0 0 0 0 0 1 0 0 1 
Picked Items (item,city) = (1 , 2) (3 , 4) (7 , 8) (11 , 12) (12 , 13) (15 , 16) (17 , 18) (18 , 19) (21 , 22) (23 , 24) (24 , 25) (25 , 26) (27 , 28) (29 , 30) (30 , 31) (31 , 32) (33 , 34) (36 , 37) (41 , 42) (42 , 43) (48 , 49) (51 , 52) 

Travel Time: 7788.1188509681278447; Profit: 5762; TSP Distance : 7544.3659000000006927; Weight: 2724 / 6735; 0000000
TSP Tour = 1 22 31 18 3 17 21 42 7 2 30 23 20 50 29 16 46 44 34 35 36 39 40 37 38 48 24 5 15 6 4 25 12 28 27 26 47 13 14 52 11 51 33 43 10 9 8 41 19 45 32 49 1
Knapsack Array = 0 0 0 0 0 0 1 1 0 0 0 0 0 0 0 0 0 1 0 0 0 0 0 0 0 0 0 0 0 0 1 0 0 0 0 1 0 0 0 1 0 0 0 0 0 0 0 1 0 0 1 
Picked Items (item,city) = (7 , 8) (8 , 9) (18 , 19) (31 , 32) (36 , 37) (40 , 41) (48 , 49) (51 , 52) 

Travel Time: 8394.4711190587495366; Profit: 10619; TSP Distance : 7748.3357000000032713; Weight: 3745 / 6735; 0000000
TSP Tour = 1 44 46 16 29 50 20 23 30 2 7 42 21 17 3 45 19 41 8 9 10 43 33 51 11 52 14 13 47 26 27 28 12 25 4 6 15 5 24 48 38 37 40 39 34 35 36 49 32 18 31 22 1
Knapsack Array = 1 0 1 0 0 0 0 0 0 0 0 1 0 0 0 0 1 1 0 0 1 0 1 0 0 0 1 0 0 1 1 0 1 0 0 1 0 0 0 0 0 0 0 0 0 0 0 1 0 0 1 
Picked Items (item,city) = (1 , 2) (3 , 4) (12 , 13) (17 , 18) (18 , 19) (21 , 22) (23 , 24) (27 , 28) (30 , 31) (31 , 32) (33 , 34) (36 , 37) (48 , 49) (51 , 52) 

Travel Time: 7942.753735141684956; Profit: 7048; TSP Distance : 7544.6619000000018787; Weight: 2438 / 6735; 0000000
TSP Tour = 1 22 31 18 3 17 21 42 7 2 30 23 20 50 29 16 46 44 34 35 36 39 40 37 38 48 24 5 15 6 4 25 12 28 27 26 47 14 13 52 11 51 33 43 10 9 8 41 19 45 32 49 1
Knapsack Array = 1 0 0 0 0 0 1 1 0 0 0 1 0 0 0 0 0 1 0 0 0 0 1 0 0 0 0 0 0 0 1 0 0 0 0 1 0 0 0 0 0 0 0 0 0 0 0 1 0 0 1 
Picked Items (item,city) = (1 , 2) (7 , 8) (8 , 9) (12 , 13) (18 , 19) (23 , 24) (31 , 32) (36 , 37) (48 , 49) (51 , 52) 

Travel Time: 12108.979459590547776; Profit: 15569; TSP Distance : 7903.5078999999996086; Weight: 6731 / 6735; 0000000
TSP Tour = 1 44 16 29 50 20 23 30 2 7 42 21 17 3 45 19 41 8 9 10 43 33 51 11 52 14 13 47 26 27 28 12 25 4 6 15 5 24 48 46 37 38 40 39 36 35 34 22 31 18 32 49 1
Knapsack Array = 1 0 1 0 0 0 1 1 0 0 1 1 0 0 1 0 1 1 0 0 1 0 1 1 0 0 1 0 0 1 1 0 1 0 0 1 0 0 0 0 1 1 0 0 1 0 0 1 0 0 1 
Picked Items (item,city) = (1 , 2) (3 , 4) (7 , 8) (8 , 9) (11 , 12) (12 , 13) (15 , 16) (17 , 18) (18 , 19) (21 , 22) (23 , 24) (24 , 25) (27 , 28) (30 , 31) (31 , 32) (33 , 34) (36 , 37) (41 , 42) (42 , 43) (45 , 46) (48 , 49) (51 , 52) 

Travel Time: 11651.881611765073103; Profit: 15319; TSP Distance : 7903.5078999999996086; Weight: 6574 / 6735; 0000000
TSP Tour = 1 44 16 29 50 20 23 30 2 7 42 21 17 3 45 19 41 8 9 10 43 33 51 11 52 14 13 47 26 27 28 12 25 4 6 15 5 24 48 46 37 38 40 39 36 35 34 22 31 18 32 49 1
Knapsack Array = 1 0 1 0 0 0 1 1 0 0 1 1 0 0 1 0 1 1 0 0 1 0 1 1 0 0 1 0 0 1 1 0 1 0 0 1 0 0 0 0 1 0 0 0 1 0 0 1 0 0 1 
Picked Items (item,city) = (1 , 2) (3 , 4) (7 , 8) (8 , 9) (11 , 12) (12 , 13) (15 , 16) (17 , 18) (18 , 19) (21 , 22) (23 , 24) (24 , 25) (27 , 28) (30 , 31) (31 , 32) (33 , 34) (36 , 37) (41 , 42) (45 , 46) (48 , 49) (51 , 52) 

Travel Time: 11040.210585634120434; Profit: 14894; TSP Distance : 7903.5078999999996086; Weight: 6142 / 6735; 0000000
TSP Tour = 1 44 16 29 50 20 23 30 2 7 42 21 17 3 45 19 41 8 9 10 43 33 51 11 52 14 13 47 26 27 28 12 25 4 6 15 5 24 48 46 37 38 40 39 36 35 34 22 31 18 32 49 1
Knapsack Array = 1 0 1 0 0 0 1 1 0 0 0 1 0 0 1 0 1 1 0 0 1 0 1 1 0 0 1 0 0 1 1 0 1 0 0 1 0 0 0 0 1 1 0 0 1 0 0 1 0 0 1 
Picked Items (item,city) = (1 , 2) (3 , 4) (7 , 8) (8 , 9) (12 , 13) (15 , 16) (17 , 18) (18 , 19) (21 , 22) (23 , 24) (24 , 25) (27 , 28) (30 , 31) (31 , 32) (33 , 34) (36 , 37) (41 , 42) (42 , 43) (45 , 46) (48 , 49) (51 , 52) 

Travel Time: 11107.828664700939044; Profit: 14963; TSP Distance : 7903.5078999999996086; Weight: 6346 / 6735; 0000000
TSP Tour = 1 44 16 29 50 20 23 30 2 7 42 21 17 3 45 19 41 8 9 10 43 33 51 11 52 14 13 47 26 27 28 12 25 4 6 15 5 24 48 46 37 38 40 39 36 35 34 22 31 18 32 49 1
Knapsack Array = 1 0 1 0 0 0 1 0 0 0 1 1 0 0 1 0 1 1 0 0 1 0 1 1 0 0 1 0 1 1 1 0 1 0 0 1 0 0 0 0 1 1 0 0 1 0 0 1 0 0 1 
Picked Items (item,city) = (1 , 2) (3 , 4) (7 , 8) (11 , 12) (12 , 13) (15 , 16) (17 , 18) (18 , 19) (21 , 22) (23 , 24) (24 , 25) (27 , 28) (29 , 30) (30 , 31) (31 , 32) (33 , 34) (36 , 37) (41 , 42) (42 , 43) (45 , 46) (48 , 49) (51 , 52) 

Travel Time: 10563.838311423280174; Profit: 14614; TSP Distance : 7903.5078999999996086; Weight: 6088 / 6735; 0000000
TSP Tour = 1 44 16 29 50 20 23 30 2 7 42 21 17 3 45 19 41 8 9 10 43 33 51 11 52 14 13 47 26 27 28 12 25 4 6 15 5 24 48 46 37 38 40 39 36 35 34 22 31 18 32 49 1
Knapsack Array = 1 0 1 0 0 0 1 0 0 0 1 1 0 0 1 0 1 1 0 0 1 0 1 1 0 0 1 0 0 1 1 0 1 0 0 1 0 0 0 0 1 0 0 0 1 0 0 1 0 0 1 
Picked Items (item,city) = (1 , 2) (3 , 4) (7 , 8) (11 , 12) (12 , 13) (15 , 16) (17 , 18) (18 , 19) (21 , 22) (23 , 24) (24 , 25) (27 , 28) (30 , 31) (31 , 32) (33 , 34) (36 , 37) (41 , 42) (45 , 46) (48 , 49) (51 , 52) 

Travel Time: 10297.490548895579195; Profit: 14283; TSP Distance : 7903.5078999999996086; Weight: 5965 / 6735; 0000000
TSP Tour = 1 44 16 29 50 20 23 30 2 7 42 21 17 3 45 19 41 8 9 10 43 33 51 11 52 14 13 47 26 27 28 12 25 4 6 15 5 24 48 46 37 38 40 39 36 35 34 22 31 18 32 49 1
Knapsack Array = 1 0 1 0 0 0 1 0 0 0 1 1 0 0 0 0 1 1 0 0 1 0 1 1 0 0 1 0 0 1 1 0 1 0 0 1 0 0 0 0 1 0 0 0 1 0 0 1 0 0 1 
Picked Items (item,city) = (1 , 2) (3 , 4) (7 , 8) (11 , 12) (12 , 13) (17 , 18) (18 , 19) (21 , 22) (23 , 24) (24 , 25) (27 , 28) (30 , 31) (31 , 32) (33 , 34) (36 , 37) (41 , 42) (45 , 46) (48 , 49) (51 , 52) 

Travel Time: 10861.333514724341512; Profit: 14864; TSP Distance : 7903.5078999999996086; Weight: 6245 / 6735; 0000000
TSP Tour = 1 44 16 29 50 20 23 30 2 7 42 21 17 3 45 19 41 8 9 10 43 33 51 11 52 14 13 47 26 27 28 12 25 4 6 15 5 24 48 46 37 38 40 39 36 35 34 22 31 18 32 49 1
Knapsack Array = 1 0 1 0 0 0 1 0 0 0 1 1 0 0 1 0 1 1 0 0 1 0 1 1 0 0 1 0 0 1 1 0 1 0 0 1 0 0 0 0 1 1 0 0 1 0 0 1 0 0 1 
Picked Items (item,city) = (1 , 2) (3 , 4) (7 , 8) (11 , 12) (12 , 13) (15 , 16) (17 , 18) (18 , 19) (21 , 22) (23 , 24) (24 , 25) (27 , 28) (30 , 31) (31 , 32) (33 , 34) (36 , 37) (41 , 42) (42 , 43) (45 , 46) (48 , 49) (51 , 52) 

Travel Time: 12026.876082369724827; Profit: 15448; TSP Distance : 7903.5078999999996086; Weight: 6605 / 6735; 0000000
TSP Tour = 1 44 16 29 50 20 23 30 2 7 42 21 17 3 45 19 41 8 9 10 43 33 51 11 52 14 13 47 26 27 28 12 25 4 6 15 5 24 48 46 37 38 40 39 36 35 34 22 31 18 32 49 1
Knapsack Array = 1 0 1 0 0 0 1 1 0 1 0 1 0 0 1 0 1 1 0 0 1 0 1 1 0 0 1 0 0 1 1 0 1 0 0 1 0 0 0 0 1 1 0 0 1 0 0 1 0 0 1 
Picked Items (item,city) = (1 , 2) (3 , 4) (7 , 8) (8 , 9) (10 , 11) (12 , 13) (15 , 16) (17 , 18) (18 , 19) (21 , 22) (23 , 24) (24 , 25) (27 , 28) (30 , 31) (31 , 32) (33 , 34) (36 , 37) (41 , 42) (42 , 43) (45 , 46) (48 , 49) (51 , 52) 

Travel Time: 9554.6377656280874362; Profit: 13385; TSP Distance : 7802.4114000000008673; Weight: 5555 / 6735; 0000000
TSP Tour = 1 44 16 29 50 20 23 30 2 7 42 21 17 3 45 19 41 8 9 10 43 33 51 11 52 14 13 47 26 27 28 12 25 4 6 15 5 24 48 46 37 38 40 39 34 35 36 49 32 18 31 22 1
Knapsack Array = 1 0 1 0 0 0 1 0 0 0 1 1 0 0 0 0 1 1 0 0 1 0 1 1 0 0 1 0 0 1 1 0 1 0 0 1 0 0 0 0 0 0 0 0 1 0 0 1 0 0 1 
Picked Items (item,city) = (1 , 2) (3 , 4) (7 , 8) (11 , 12) (12 , 13) (17 , 18) (18 , 19) (21 , 22) (23 , 24) (24 , 25) (27 , 28) (30 , 31) (31 , 32) (33 , 34) (36 , 37) (45 , 46) (48 , 49) (51 , 52) 

Travel Time: 11611.129438243064214; Profit: 15198; TSP Distance : 7903.5078999999996086; Weight: 6448 / 6735; 0000000
TSP Tour = 1 44 16 29 50 20 23 30 2 7 42 21 17 3 45 19 41 8 9 10 43 33 51 11 52 14 13 47 26 27 28 12 25 4 6 15 5 24 48 46 37 38 40 39 36 35 34 22 31 18 32 49 1
Knapsack Array = 1 0 1 0 0 0 1 1 0 1 0 1 0 0 1 0 1 1 0 0 1 0 1 1 0 0 1 0 0 1 1 0 1 0 0 1 0 0 0 0 1 0 0 0 1 0 0 1 0 0 1 
Picked Items (item,city) = (1 , 2) (3 , 4) (7 , 8) (8 , 9) (10 , 11) (12 , 13) (15 , 16) (17 , 18) (18 , 19) (21 , 22) (23 , 24) (24 , 25) (27 , 28) (30 , 31) (31 , 32) (33 , 34) (36 , 37) (41 , 42) (45 , 46) (48 , 49) (51 , 52) 

Travel Time: 10561.746813539491995; Profit: 14495; TSP Distance : 7903.5078999999996086; Weight: 6087 / 6735; 0000000
TSP Tour = 1 44 16 29 50 20 23 30 2 7 42 21 17 3 45 19 41 8 9 10 43 33 51 11 52 14 13 47 26 27 28 12 25 4 6 15 5 24 48 46 37 38 40 39 36 35 34 22 31 18 32 49 1
Knapsack Array = 0 0 1 0 0 0 1 0 0 0 1 1 0 0 1 0 1 1 0 0 1 0 1 1 0 0 1 0 0 1 1 0 1 0 0 1 0 0 0 0 1 0 0 0 1 0 0 1 0 0 1 
Picked Items (item,city) = (3 , 4) (7 , 8) (11 , 12) (12 , 13) (15 , 16) (17 , 18) (18 , 19) (21 , 22) (23 , 24) (24 , 25) (27 , 28) (30 , 31) (31 , 32) (33 , 34) (36 , 37) (41 , 42) (45 , 46) (48 , 49) (51 , 52) 

Travel Time: 10787.500105265460661; Profit: 14713; TSP Distance : 7903.5078999999996086; Weight: 6189 / 6735; 0000000
TSP Tour = 1 44 16 29 50 20 23 30 2 7 42 21 17 3 45 19 41 8 9 10 43 33 51 11 52 14 13 47 26 27 28 12 25 4 6 15 5 24 48 46 37 38 40 39 36 35 34 22 31 18 32 49 1
Knapsack Array = 1 0 1 0 0 0 1 0 0 0 1 1 0 0 1 0 1 1 0 0 1 0 1 1 0 0 1 0 1 1 1 0 1 0 0 1 0 0 0 0 1 0 0 0 1 0 0 1 0 0 1 
Picked Items (item,city) = (1 , 2) (3 , 4) (7 , 8) (11 , 12) (12 , 13) (15 , 16) (17 , 18) (18 , 19) (21 , 22) (23 , 24) (24 , 25) (27 , 28) (29 , 30) (30 , 31) (31 , 32) (33 , 34) (36 , 37) (41 , 42) (45 , 46) (48 , 49) (51 , 52) 

Travel Time: 10859.032449405689476; Profit: 14745; TSP Distance : 7903.5078999999996086; Weight: 6244 / 6735; 0000000
TSP Tour = 1 44 16 29 50 20 23 30 2 7 42 21 17 3 45 19 41 8 9 10 43 33 51 11 52 14 13 47 26 27 28 12 25 4 6 15 5 24 48 46 37 38 40 39 36 35 34 22 31 18 32 49 1
Knapsack Array = 0 0 1 0 0 0 1 0 0 0 1 1 0 0 1 0 1 1 0 0 1 0 1 1 0 0 1 0 0 1 1 0 1 0 0 1 0 0 0 0 1 1 0 0 1 0 0 1 0 0 1 
Picked Items (item,city) = (3 , 4) (7 , 8) (11 , 12) (12 , 13) (15 , 16) (17 , 18) (18 , 19) (21 , 22) (23 , 24) (24 , 25) (27 , 28) (30 , 31) (31 , 32) (33 , 34) (36 , 37) (41 , 42) (42 , 43) (45 , 46) (48 , 49) (51 , 52) 

Travel Time: 8225.1326784932534792; Profit: 9642; TSP Distance : 7748.3357000000032713; Weight: 3270 / 6735; 0000000
TSP Tour = 1 44 46 16 29 50 20 23 30 2 7 42 21 17 3 45 19 41 8 9 10 43 33 51 11 52 14 13 47 26 27 28 12 25 4 6 15 5 24 48 38 37 40 39 34 35 36 49 32 18 31 22 1
Knapsack Array = 1 0 1 0 0 0 0 0 0 0 0 1 0 0 0 0 1 1 0 0 1 0 1 0 0 0 0 0 0 1 1 0 1 0 0 1 0 0 0 0 0 0 0 0 0 0 0 1 0 0 1 
Picked Items (item,city) = (1 , 2) (3 , 4) (12 , 13) (17 , 18) (18 , 19) (21 , 22) (23 , 24) (30 , 31) (31 , 32) (33 , 34) (36 , 37) (48 , 49) (51 , 52) 

Travel Time: 7546.1064142988388994; Profit: 769; TSP Distance : 7544.3659000000016022; Weight: 248 / 6735; 0000000
TSP Tour = 1 49 32 45 19 41 8 9 10 43 33 51 11 52 14 13 47 26 27 28 12 25 4 6 15 5 24 48 38 37 40 39 36 35 34 44 46 16 29 50 20 23 30 2 7 42 21 17 3 18 31 22 1
Knapsack Array = 1 0 0 0 0 0 0 0 0 0 0 0 0 0 0 0 0 0 0 0 1 0 0 0 0 0 0 0 0 0 0 0 0 0 0 0 0 0 0 0 0 0 0 0 0 0 0 0 0 0 0 
Picked Items (item,city) = (1 , 2) (21 , 22) 

Travel Time: 13273.003174897476129; Profit: 15571; TSP Distance : 7908.4039000000011583; Weight: 6715 / 6735; 0000000
TSP Tour = 1 39 40 38 37 44 16 29 50 20 23 30 2 7 42 21 17 3 45 19 41 8 9 10 43 33 51 11 52 14 13 47 26 27 28 12 25 4 6 15 5 24 48 46 34 35 36 49 32 18 31 22 1
Knapsack Array = 1 0 1 0 0 0 1 1 0 1 0 1 0 0 1 0 1 1 0 0 1 0 1 1 1 0 1 0 1 1 0 0 1 0 0 1 0 0 0 0 1 1 0 0 1 0 0 1 0 0 1 
Picked Items (item,city) = (1 , 2) (3 , 4) (7 , 8) (8 , 9) (10 , 11) (12 , 13) (15 , 16) (17 , 18) (18 , 19) (21 , 22) (23 , 24) (24 , 25) (25 , 26) (27 , 28) (29 , 30) (30 , 31) (33 , 34) (36 , 37) (41 , 42) (42 , 43) (45 , 46) (48 , 49) (51 , 52) 

Travel Time: 11907.805826720959885; Profit: 15418; TSP Distance : 7903.5078999999996086; Weight: 6708 / 6735; 0000000
TSP Tour = 1 44 16 29 50 20 23 30 2 7 42 21 17 3 45 19 41 8 9 10 43 33 51 11 52 14 13 47 26 27 28 12 25 4 6 15 5 24 48 46 37 38 40 39 36 35 34 22 31 18 32 49 1
Knapsack Array = 1 0 1 0 0 0 1 0 0 1 1 1 0 0 1 0 1 1 0 0 1 0 1 1 0 0 1 0 0 1 1 0 1 0 0 1 0 0 0 0 1 1 0 0 1 0 0 1 0 0 1 
Picked Items (item,city) = (1 , 2) (3 , 4) (7 , 8) (10 , 11) (11 , 12) (12 , 13) (15 , 16) (17 , 18) (18 , 19) (21 , 22) (23 , 24) (24 , 25) (27 , 28) (30 , 31) (31 , 32) (33 , 34) (36 , 37) (41 , 42) (42 , 43) (45 , 46) (48 , 49) (51 , 52) 

Travel Time: 11466.968569363412826; Profit: 15168; TSP Distance : 7903.5078999999996086; Weight: 6551 / 6735; 0000000
TSP Tour = 1 44 16 29 50 20 23 30 2 7 42 21 17 3 45 19 41 8 9 10 43 33 51 11 52 14 13 47 26 27 28 12 25 4 6 15 5 24 48 46 37 38 40 39 36 35 34 22 31 18 32 49 1
Knapsack Array = 1 0 1 0 0 0 1 0 0 1 1 1 0 0 1 0 1 1 0 0 1 0 1 1 0 0 1 0 0 1 1 0 1 0 0 1 0 0 0 0 1 0 0 0 1 0 0 1 0 0 1 
Picked Items (item,city) = (1 , 2) (3 , 4) (7 , 8) (10 , 11) (11 , 12) (12 , 13) (15 , 16) (17 , 18) (18 , 19) (21 , 22) (23 , 24) (24 , 25) (27 , 28) (30 , 31) (31 , 32) (33 , 34) (36 , 37) (41 , 42) (45 , 46) (48 , 49) (51 , 52) 

Travel Time: 12105.481589478162277; Profit: 15450; TSP Distance : 7903.5078999999996086; Weight: 6730 / 6735; 0000000
TSP Tour = 1 44 16 29 50 20 23 30 2 7 42 21 17 3 45 19 41 8 9 10 43 33 51 11 52 14 13 47 26 27 28 12 25 4 6 15 5 24 48 46 37 38 40 39 36 35 34 22 31 18 32 49 1
Knapsack Array = 0 0 1 0 0 0 1 1 0 0 1 1 0 0 1 0 1 1 0 0 1 0 1 1 0 0 1 0 0 1 1 0 1 0 0 1 0 0 0 0 1 1 0 0 1 0 0 1 0 0 1 
Picked Items (item,city) = (3 , 4) (7 , 8) (8 , 9) (11 , 12) (12 , 13) (15 , 16) (17 , 18) (18 , 19) (21 , 22) (23 , 24) (24 , 25) (27 , 28) (30 , 31) (31 , 32) (33 , 34) (36 , 37) (41 , 42) (42 , 43) (45 , 46) (48 , 49) (51 , 52) 

Travel Time: 11220.37965728430936; Profit: 15032; TSP Distance : 7905.8337999999994281; Weight: 6416 / 6735; 0000000
TSP Tour = 1 44 16 29 50 20 23 30 2 7 42 21 17 3 45 19 41 8 9 10 43 33 51 11 52 14 13 47 26 27 28 12 25 4 6 15 5 24 48 46 37 38 40 39 34 35 36 22 31 18 32 49 1
Knapsack Array = 1 0 1 0 0 0 1 0 0 0 0 1 0 0 1 0 1 1 0 0 1 0 1 1 1 0 1 0 0 1 1 0 1 0 0 1 0 0 0 0 1 1 0 0 1 0 0 1 0 0 1 
Picked Items (item,city) = (1 , 2) (3 , 4) (7 , 8) (12 , 13) (15 , 16) (17 , 18) (18 , 19) (21 , 22) (23 , 24) (24 , 25) (25 , 26) (27 , 28) (30 , 31) (31 , 32) (33 , 34) (36 , 37) (41 , 42) (42 , 43) (45 , 46) (48 , 49) (51 , 52) 

Travel Time: 7732.6327937894920979; Profit: 5254; TSP Distance : 7544.3659000000006927; Weight: 1626 / 6735; 0000000
TSP Tour = 1 22 31 18 3 17 21 42 7 2 30 23 20 50 29 16 46 44 34 35 36 39 40 37 38 48 24 5 15 6 4 25 12 28 27 26 47 13 14 52 11 51 33 43 10 9 8 41 19 45 32 49 1
Knapsack Array = 0 0 0 0 0 0 1 0 0 0 0 0 0 0 0 0 0 1 0 0 0 0 1 0 0 0 0 0 0 0 1 0 0 0 0 1 0 0 0 0 0 0 0 0 0 0 0 1 0 0 1 
Picked Items (item,city) = (7 , 8) (18 , 19) (23 , 24) (31 , 32) (36 , 37) (48 , 49) (51 , 52) 

Travel Time: 7789.6329937274977055; Profit: 5959; TSP Distance : 7544.3659000000006927; Weight: 2112 / 6735; 0000000
TSP Tour = 1 22 31 18 3 17 21 42 7 2 30 23 20 50 29 16 46 44 34 35 36 39 40 37 38 48 24 5 15 6 4 25 12 28 27 26 47 13 14 52 11 51 33 43 10 9 8 41 19 45 32 49 1
Knapsack Array = 0 0 0 0 0 0 1 1 0 0 0 0 0 0 0 0 0 1 0 0 0 0 1 0 0 0 0 0 0 0 1 0 0 0 0 1 0 0 0 0 0 0 0 0 0 0 0 1 0 0 1 
Picked Items (item,city) = (7 , 8) (8 , 9) (18 , 19) (23 , 24) (31 , 32) (36 , 37) (48 , 49) (51 , 52) 

Travel Time: 7759.3242649132489532; Profit: 5504; TSP Distance : 7544.3659000000006927; Weight: 1783 / 6735; 0000000
TSP Tour = 1 22 31 18 3 17 21 42 7 2 30 23 20 50 29 16 46 44 34 35 36 39 40 37 38 48 24 5 15 6 4 25 12 28 27 26 47 13 14 52 11 51 33 43 10 9 8 41 19 45 32 49 1
Knapsack Array = 0 0 0 0 0 0 1 0 0 0 0 0 0 0 0 0 0 1 0 0 0 0 1 0 0 0 0 0 0 0 1 0 0 0 0 1 0 0 0 0 0 1 0 0 0 0 0 1 0 0 1 
Picked Items (item,city) = (7 , 8) (18 , 19) (23 , 24) (31 , 32) (36 , 37) (42 , 43) (48 , 49) (51 , 52) 

Travel Time: 7819.1666459390917225; Profit: 6209; TSP Distance : 7544.3659000000006927; Weight: 2269 / 6735; 0000000
TSP Tour = 1 22 31 18 3 17 21 42 7 2 30 23 20 50 29 16 46 44 34 35 36 39 40 37 38 48 24 5 15 6 4 25 12 28 27 26 47 13 14 52 11 51 33 43 10 9 8 41 19 45 32 49 1
Knapsack Array = 0 0 0 0 0 0 1 1 0 0 0 0 0 0 0 0 0 1 0 0 0 0 1 0 0 0 0 0 0 0 1 0 0 0 0 1 0 0 0 0 0 1 0 0 0 0 0 1 0 0 1 
Picked Items (item,city) = (7 , 8) (8 , 9) (18 , 19) (23 , 24) (31 , 32) (36 , 37) (42 , 43) (48 , 49) (51 , 52) 

Travel Time: 7593.0968945670229004; Profit: 3546; TSP Distance : 7544.3659000000006927; Weight: 1323 / 6735; 0000000
TSP Tour = 1 22 31 18 3 17 21 42 7 2 30 23 20 50 29 16 46 44 34 35 36 39 40 37 38 48 24 5 15 6 4 25 12 28 27 26 47 13 14 52 11 51 33 43 10 9 8 41 19 45 32 49 1
Knapsack Array = 1 0 0 0 0 0 1 0 0 0 0 0 0 0 0 0 0 1 0 0 0 0 0 0 0 0 0 0 0 0 1 0 0 0 0 1 0 0 0 0 0 0 0 0 0 0 0 1 0 0 0 
Picked Items (item,city) = (1 , 2) (7 , 8) (18 , 19) (31 , 32) (36 , 37) (48 , 49) 

Travel Time: 7559.1605203336803243; Profit: 2143; TSP Distance : 7544.3659000000006927; Weight: 541 / 6735; 0000000
TSP Tour = 1 22 31 18 3 17 21 42 7 2 30 23 20 50 29 16 46 44 34 35 36 39 40 37 38 48 24 5 15 6 4 25 12 28 27 26 47 13 14 52 11 51 33 43 10 9 8 41 19 45 32 49 1
Knapsack Array = 1 0 0 0 0 0 1 0 0 0 0 0 0 0 0 0 0 1 0 0 0 0 0 0 0 0 0 0 0 0 0 0 0 0 0 0 0 0 0 0 0 0 0 0 0 0 0 1 0 0 0 
Picked Items (item,city) = (1 , 2) (7 , 8) (18 , 19) (48 , 49) 

Travel Time: 7617.5690248534829152; Profit: 3796; TSP Distance : 7544.3659000000006927; Weight: 1480 / 6735; 0000000
TSP Tour = 1 22 31 18 3 17 21 42 7 2 30 23 20 50 29 16 46 44 34 35 36 39 40 37 38 48 24 5 15 6 4 25 12 28 27 26 47 13 14 52 11 51 33 43 10 9 8 41 19 45 32 49 1
Knapsack Array = 1 0 0 0 0 0 1 0 0 0 0 0 0 0 0 0 0 1 0 0 0 0 0 0 0 0 0 0 0 0 1 0 0 0 0 1 0 0 0 0 0 1 0 0 0 0 0 1 0 0 0 
Picked Items (item,city) = (1 , 2) (7 , 8) (18 , 19) (31 , 32) (36 , 37) (42 , 43) (48 , 49) 

Travel Time: 7952.0950257236327161; Profit: 7090; TSP Distance : 7748.3357000000032713; Weight: 2238 / 6735; 0000000
TSP Tour = 1 44 46 16 29 50 20 23 30 2 7 42 21 17 3 45 19 41 8 9 10 43 33 51 11 52 14 13 47 26 27 28 12 25 4 6 15 5 24 48 38 37 40 39 34 35 36 49 32 18 31 22 1
Knapsack Array = 1 0 1 0 0 0 0 0 0 0 0 0 0 0 0 0 1 1 0 0 1 0 1 0 0 0 0 0 0 1 0 0 1 1 0 1 0 0 0 0 0 0 0 0 0 0 0 1 0 0 0 
Picked Items (item,city) = (1 , 2) (3 , 4) (17 , 18) (18 , 19) (21 , 22) (23 , 24) (30 , 31) (33 , 34) (34 , 35) (36 , 37) (48 , 49) 

Travel Time: 8042.2678209617033644; Profit: 8079; TSP Distance : 7748.3357000000032713; Weight: 2442 / 6735; 0000000
TSP Tour = 1 44 46 16 29 50 20 23 30 2 7 42 21 17 3 45 19 41 8 9 10 43 33 51 11 52 14 13 47 26 27 28 12 25 4 6 15 5 24 48 38 37 40 39 34 35 36 49 32 18 31 22 1
Knapsack Array = 1 0 1 0 0 0 0 0 0 0 0 0 0 0 0 0 1 1 0 0 1 0 1 0 0 0 0 0 0 1 0 0 1 1 0 1 0 0 0 0 0 0 0 0 0 0 0 1 0 0 1 
Picked Items (item,city) = (1 , 2) (3 , 4) (17 , 18) (18 , 19) (21 , 22) (23 , 24) (30 , 31) (33 , 34) (34 , 35) (36 , 37) (48 , 49) (51 , 52) 

Travel Time: 8125.8834618646151284; Profit: 8898; TSP Distance : 7748.3357000000032713; Weight: 3193 / 6735; 0000000
TSP Tour = 1 44 46 16 29 50 20 23 30 2 7 42 21 17 3 45 19 41 8 9 10 43 33 51 11 52 14 13 47 26 27 28 12 25 4 6 15 5 24 48 38 37 40 39 34 35 36 49 32 18 31 22 1
Knapsack Array = 1 0 1 0 0 0 0 0 0 0 0 0 0 0 0 0 1 1 0 0 1 0 1 0 0 0 0 0 0 1 1 0 1 1 0 1 0 0 0 0 0 0 0 0 0 0 0 1 0 0 1 
Picked Items (item,city) = (1 , 2) (3 , 4) (17 , 18) (18 , 19) (21 , 22) (23 , 24) (30 , 31) (31 , 32) (33 , 34) (34 , 35) (36 , 37) (48 , 49) (51 , 52) 

Travel Time: 8172.4170635488908374; Profit: 9049; TSP Distance : 7748.3357000000032713; Weight: 2767 / 6735; 0000000
TSP Tour = 1 44 46 16 29 50 20 23 30 2 7 42 21 17 3 45 19 41 8 9 10 43 33 51 11 52 14 13 47 26 27 28 12 25 4 6 15 5 24 48 38 37 40 39 34 35 36 49 32 18 31 22 1
Knapsack Array = 1 0 1 0 0 0 0 0 0 0 0 1 0 0 0 0 1 1 0 0 1 0 1 0 0 0 0 0 0 1 0 0 1 1 0 1 0 0 0 0 0 0 0 0 0 0 0 1 0 0 1 
Picked Items (item,city) = (1 , 2) (3 , 4) (12 , 13) (17 , 18) (18 , 19) (21 , 22) (23 , 24) (30 , 31) (33 , 34) (34 , 35) (36 , 37) (48 , 49) (51 , 52) 

Travel Time: 8220.8947471015981137; Profit: 9509; TSP Distance : 7748.3357000000032713; Weight: 3314 / 6735; 0000000
TSP Tour = 1 44 46 16 29 50 20 23 30 2 7 42 21 17 3 45 19 41 8 9 10 43 33 51 11 52 14 13 47 26 27 28 12 25 4 6 15 5 24 48 38 37 40 39 34 35 36 49 32 18 31 22 1
Knapsack Array = 0 0 1 0 0 0 1 0 0 0 0 0 0 0 0 0 1 1 0 0 1 0 1 0 0 0 0 0 0 1 1 0 1 1 0 1 0 0 0 0 0 0 0 0 0 0 0 1 0 0 1 
Picked Items (item,city) = (3 , 4) (7 , 8) (17 , 18) (18 , 19) (21 , 22) (23 , 24) (30 , 31) (31 , 32) (33 , 34) (34 , 35) (36 , 37) (48 , 49) (51 , 52) 

Travel Time: 8267.8083270534443727; Profit: 9868; TSP Distance : 7748.3357000000032713; Weight: 3518 / 6735; 0000000
TSP Tour = 1 44 46 16 29 50 20 23 30 2 7 42 21 17 3 45 19 41 8 9 10 43 33 51 11 52 14 13 47 26 27 28 12 25 4 6 15 5 24 48 38 37 40 39 34 35 36 49 32 18 31 22 1
Knapsack Array = 1 0 1 0 0 0 0 0 0 0 0 1 0 0 0 0 1 1 0 0 1 0 1 0 0 0 0 0 0 1 1 0 1 1 0 1 0 0 0 0 0 0 0 0 0 0 0 1 0 0 1 
Picked Items (item,city) = (1 , 2) (3 , 4) (12 , 13) (17 , 18) (18 , 19) (21 , 22) (23 , 24) (30 , 31) (31 , 32) (33 , 34) (34 , 35) (36 , 37) (48 , 49) (51 , 52) 

Travel Time: 8368.8339003446835704; Profit: 10479; TSP Distance : 7748.3357000000032713; Weight: 3639 / 6735; 0000000
TSP Tour = 1 44 46 16 29 50 20 23 30 2 7 42 21 17 3 45 19 41 8 9 10 43 33 51 11 52 14 13 47 26 27 28 12 25 4 6 15 5 24 48 38 37 40 39 34 35 36 49 32 18 31 22 1
Knapsack Array = 0 0 1 0 0 0 1 0 0 0 0 1 0 0 0 0 1 1 0 0 1 0 1 0 0 0 0 0 0 1 1 0 1 1 0 1 0 0 0 0 0 0 0 0 0 0 0 1 0 0 1 
Picked Items (item,city) = (3 , 4) (7 , 8) (12 , 13) (17 , 18) (18 , 19) (21 , 22) (23 , 24) (30 , 31) (31 , 32) (33 , 34) (34 , 35) (36 , 37) (48 , 49) (51 , 52) 

Travel Time: 8433.4512650645374379; Profit: 10756; TSP Distance : 7748.3357000000032713; Weight: 3364 / 6735; 0000000
TSP Tour = 1 44 46 16 29 50 20 23 30 2 7 42 21 17 3 45 19 41 8 9 10 43 33 51 11 52 14 13 47 26 27 28 12 25 4 6 15 5 24 48 38 37 40 39 34 35 36 49 32 18 31 22 1
Knapsack Array = 1 0 1 0 0 0 1 0 0 0 0 1 0 0 0 0 1 1 0 0 1 0 1 0 0 0 1 0 0 1 0 0 1 1 0 1 0 0 0 0 0 0 0 0 0 0 0 1 0 0 1 
Picked Items (item,city) = (1 , 2) (3 , 4) (7 , 8) (12 , 13) (17 , 18) (18 , 19) (21 , 22) (23 , 24) (27 , 28) (30 , 31) (33 , 34) (34 , 35) (36 , 37) (48 , 49) (51 , 52) 

Travel Time: 8557.0331367665639846; Profit: 11456; TSP Distance : 7748.3357000000032713; Weight: 4114 / 6735; 0000000
TSP Tour = 1 44 46 16 29 50 20 23 30 2 7 42 21 17 3 45 19 41 8 9 10 43 33 51 11 52 14 13 47 26 27 28 12 25 4 6 15 5 24 48 38 37 40 39 34 35 36 49 32 18 31 22 1
Knapsack Array = 0 0 1 0 0 0 1 0 0 0 0 1 0 0 0 0 1 1 0 0 1 0 1 0 0 0 1 0 0 1 1 0 1 1 0 1 0 0 0 0 0 0 0 0 0 0 0 1 0 0 1 
Picked Items (item,city) = (3 , 4) (7 , 8) (12 , 13) (17 , 18) (18 , 19) (21 , 22) (23 , 24) (27 , 28) (30 , 31) (31 , 32) (33 , 34) (34 , 35) (36 , 37) (48 , 49) (51 , 52) 

Travel Time: 8558.1398118832585169; Profit: 11575; TSP Distance : 7748.3357000000032713; Weight: 4115 / 6735; 0000000
TSP Tour = 1 44 46 16 29 50 20 23 30 2 7 42 21 17 3 45 19 41 8 9 10 43 33 51 11 52 14 13 47 26 27 28 12 25 4 6 15 5 24 48 38 37 40 39 34 35 36 49 32 18 31 22 1
Knapsack Array = 1 0 1 0 0 0 1 0 0 0 0 1 0 0 0 0 1 1 0 0 1 0 1 0 0 0 1 0 0 1 1 0 1 1 0 1 0 0 0 0 0 0 0 0 0 0 0 1 0 0 1 
Picked Items (item,city) = (1 , 2) (3 , 4) (7 , 8) (12 , 13) (17 , 18) (18 , 19) (21 , 22) (23 , 24) (27 , 28) (30 , 31) (31 , 32) (33 , 34) (34 , 35) (36 , 37) (48 , 49) (51 , 52) 

Travel Time: 8695.1195906114044192; Profit: 11825; TSP Distance : 7748.3357000000032713; Weight: 4272 / 6735; 0000000
TSP Tour = 1 44 46 16 29 50 20 23 30 2 7 42 21 17 3 45 19 41 8 9 10 43 33 51 11 52 14 13 47 26 27 28 12 25 4 6 15 5 24 48 38 37 40 39 34 35 36 49 32 18 31 22 1
Knapsack Array = 1 0 1 0 0 0 1 0 0 0 0 1 0 0 0 0 1 1 0 0 1 0 1 0 0 0 1 0 0 1 1 0 1 1 0 1 0 0 0 0 0 1 0 0 0 0 0 1 0 0 1 
Picked Items (item,city) = (1 , 2) (3 , 4) (7 , 8) (12 , 13) (17 , 18) (18 , 19) (21 , 22) (23 , 24) (27 , 28) (30 , 31) (31 , 32) (33 , 34) (34 , 35) (36 , 37) (42 , 43) (48 , 49) (51 , 52) 

Travel Time: 8816.6221014710827149; Profit: 12181; TSP Distance : 7748.3357000000032713; Weight: 4741 / 6735; 0000000
TSP Tour = 1 44 46 16 29 50 20 23 30 2 7 42 21 17 3 45 19 41 8 9 10 43 33 51 11 52 14 13 47 26 27 28 12 25 4 6 15 5 24 48 38 37 40 39 34 35 36 49 32 18 31 22 1
Knapsack Array = 0 0 1 0 0 0 1 0 0 0 0 1 0 0 0 0 1 1 0 0 1 0 1 1 0 0 1 0 0 1 1 0 1 1 0 1 0 0 0 0 0 0 0 0 0 0 0 1 0 0 1 
Picked Items (item,city) = (3 , 4) (7 , 8) (12 , 13) (17 , 18) (18 , 19) (21 , 22) (23 , 24) (24 , 25) (27 , 28) (30 , 31) (31 , 32) (33 , 34) (34 , 35) (36 , 37) (48 , 49) (51 , 52) 

Travel Time: 8817.8560107338162197; Profit: 12300; TSP Distance : 7748.3357000000032713; Weight: 4742 / 6735; 0000000
TSP Tour = 1 44 46 16 29 50 20 23 30 2 7 42 21 17 3 45 19 41 8 9 10 43 33 51 11 52 14 13 47 26 27 28 12 25 4 6 15 5 24 48 38 37 40 39 34 35 36 49 32 18 31 22 1
Knapsack Array = 1 0 1 0 0 0 1 0 0 0 0 1 0 0 0 0 1 1 0 0 1 0 1 1 0 0 1 0 0 1 1 0 1 1 0 1 0 0 0 0 0 0 0 0 0 0 0 1 0 0 1 
Picked Items (item,city) = (1 , 2) (3 , 4) (7 , 8) (12 , 13) (17 , 18) (18 , 19) (21 , 22) (23 , 24) (24 , 25) (27 , 28) (30 , 31) (31 , 32) (33 , 34) (34 , 35) (36 , 37) (48 , 49) (51 , 52) 

Travel Time: 8990.2478667293053149; Profit: 12512; TSP Distance : 7748.3357000000032713; Weight: 4864 / 6735; 0000000
TSP Tour = 1 44 46 16 29 50 20 23 30 2 7 42 21 17 3 45 19 41 8 9 10 43 33 51 11 52 14 13 47 26 27 28 12 25 4 6 15 5 24 48 38 37 40 39 34 35 36 49 32 18 31 22 1
Knapsack Array = 0 0 1 0 0 0 1 0 0 0 0 1 0 0 1 0 1 1 0 0 1 0 1 1 0 0 1 0 0 1 1 0 1 1 0 1 0 0 0 0 0 0 0 0 0 0 0 1 0 0 1 
Picked Items (item,city) = (3 , 4) (7 , 8) (12 , 13) (15 , 16) (17 , 18) (18 , 19) (21 , 22) (23 , 24) (24 , 25) (27 , 28) (30 , 31) (31 , 32) (33 , 34) (34 , 35) (36 , 37) (48 , 49) (51 , 52) 

Travel Time: 8991.541846373489534; Profit: 12631; TSP Distance : 7748.3357000000032713; Weight: 4865 / 6735; 0000000
TSP Tour = 1 44 46 16 29 50 20 23 30 2 7 42 21 17 3 45 19 41 8 9 10 43 33 51 11 52 14 13 47 26 27 28 12 25 4 6 15 5 24 48 38 37 40 39 34 35 36 49 32 18 31 22 1
Knapsack Array = 1 0 1 0 0 0 1 0 0 0 0 1 0 0 1 0 1 1 0 0 1 0 1 1 0 0 1 0 0 1 1 0 1 1 0 1 0 0 0 0 0 0 0 0 0 0 0 1 0 0 1 
Picked Items (item,city) = (1 , 2) (3 , 4) (7 , 8) (12 , 13) (15 , 16) (17 , 18) (18 , 19) (21 , 22) (23 , 24) (24 , 25) (27 , 28) (30 , 31) (31 , 32) (33 , 34) (34 , 35) (36 , 37) (48 , 49) (51 , 52) 

Travel Time: 9158.3263403559085418; Profit: 12881; TSP Distance : 7748.3357000000032713; Weight: 5022 / 6735; 0000000
TSP Tour = 1 44 46 16 29 50 20 23 30 2 7 42 21 17 3 45 19 41 8 9 10 43 33 51 11 52 14 13 47 26 27 28 12 25 4 6 15 5 24 48 38 37 40 39 34 35 36 49 32 18 31 22 1
Knapsack Array = 1 0 1 0 0 0 1 0 0 0 0 1 0 0 1 0 1 1 0 0 1 0 1 1 0 0 1 0 0 1 1 0 1 1 0 1 0 0 0 0 0 1 0 0 0 0 0 1 0 0 1 
Picked Items (item,city) = (1 , 2) (3 , 4) (7 , 8) (12 , 13) (15 , 16) (17 , 18) (18 , 19) (21 , 22) (23 , 24) (24 , 25) (27 , 28) (30 , 31) (31 , 32) (33 , 34) (34 , 35) (36 , 37) (42 , 43) (48 , 49) (51 , 52) 

Travel Time: 9360.1759301630354457; Profit: 13198; TSP Distance : 7748.3357000000032713; Weight: 5152 / 6735; 0000000
TSP Tour = 1 44 46 16 29 50 20 23 30 2 7 42 21 17 3 45 19 41 8 9 10 43 33 51 11 52 14 13 47 26 27 28 12 25 4 6 15 5 24 48 38 37 40 39 34 35 36 49 32 18 31 22 1
Knapsack Array = 1 0 1 0 0 0 1 0 0 0 0 1 0 0 0 0 1 1 0 0 1 0 1 1 0 0 1 0 0 1 1 0 1 1 0 1 0 0 0 0 1 0 0 0 0 0 0 1 0 0 1 
Picked Items (item,city) = (1 , 2) (3 , 4) (7 , 8) (12 , 13) (17 , 18) (18 , 19) (21 , 22) (23 , 24) (24 , 25) (27 , 28) (30 , 31) (31 , 32) (33 , 34) (34 , 35) (36 , 37) (41 , 42) (48 , 49) (51 , 52) 

Travel Time: 9562.1989670490511344; Profit: 13529; TSP Distance : 7748.3357000000032713; Weight: 5275 / 6735; 0000000
TSP Tour = 1 44 46 16 29 50 20 23 30 2 7 42 21 17 3 45 19 41 8 9 10 43 33 51 11 52 14 13 47 26 27 28 12 25 4 6 15 5 24 48 38 37 40 39 34 35 36 49 32 18 31 22 1
Knapsack Array = 1 0 1 0 0 0 1 0 0 0 0 1 0 0 1 0 1 1 0 0 1 0 1 1 0 0 1 0 0 1 1 0 1 1 0 1 0 0 0 0 1 0 0 0 0 0 0 1 0 0 1 
Picked Items (item,city) = (1 , 2) (3 , 4) (7 , 8) (12 , 13) (15 , 16) (17 , 18) (18 , 19) (21 , 22) (23 , 24) (24 , 25) (27 , 28) (30 , 31) (31 , 32) (33 , 34) (34 , 35) (36 , 37) (41 , 42) (48 , 49) (51 , 52) 

Travel Time: 9764.2018863024841266; Profit: 13779; TSP Distance : 7748.3357000000032713; Weight: 5432 / 6735; 0000000
TSP Tour = 1 44 46 16 29 50 20 23 30 2 7 42 21 17 3 45 19 41 8 9 10 43 33 51 11 52 14 13 47 26 27 28 12 25 4 6 15 5 24 48 38 37 40 39 34 35 36 49 32 18 31 22 1
Knapsack Array = 1 0 1 0 0 0 1 0 0 0 0 1 0 0 1 0 1 1 0 0 1 0 1 1 0 0 1 0 0 1 1 0 1 1 0 1 0 0 0 0 1 1 0 0 0 0 0 1 0 0 1 
Picked Items (item,city) = (1 , 2) (3 , 4) (7 , 8) (12 , 13) (15 , 16) (17 , 18) (18 , 19) (21 , 22) (23 , 24) (24 , 25) (27 , 28) (30 , 31) (31 , 32) (33 , 34) (34 , 35) (36 , 37) (41 , 42) (42 , 43) (48 , 49) (51 , 52) 

Travel Time: 10118.886891327949343; Profit: 14083; TSP Distance : 7748.3357000000032713; Weight: 5738 / 6735; 0000000
TSP Tour = 1 44 46 16 29 50 20 23 30 2 7 42 21 17 3 45 19 41 8 9 10 43 33 51 11 52 14 13 47 26 27 28 12 25 4 6 15 5 24 48 38 37 40 39 34 35 36 49 32 18 31 22 1
Knapsack Array = 1 0 1 0 0 0 1 0 0 1 0 1 0 0 1 0 1 1 0 0 1 0 1 1 0 0 1 0 0 1 1 0 1 1 0 1 0 0 0 0 1 0 0 0 0 0 0 1 0 0 1 
Picked Items (item,city) = (1 , 2) (3 , 4) (7 , 8) (10 , 11) (12 , 13) (15 , 16) (17 , 18) (18 , 19) (21 , 22) (23 , 24) (24 , 25) (27 , 28) (30 , 31) (31 , 32) (33 , 34) (34 , 35) (36 , 37) (41 , 42) (48 , 49) (51 , 52) 

Travel Time: 10375.920915968563349; Profit: 14333; TSP Distance : 7748.3357000000032713; Weight: 5895 / 6735; 0000000
TSP Tour = 1 44 46 16 29 50 20 23 30 2 7 42 21 17 3 45 19 41 8 9 10 43 33 51 11 52 14 13 47 26 27 28 12 25 4 6 15 5 24 48 38 37 40 39 34 35 36 49 32 18 31 22 1
Knapsack Array = 1 0 1 0 0 0 1 0 0 1 0 1 0 0 1 0 1 1 0 0 1 0 1 1 0 0 1 0 0 1 1 0 1 1 0 1 0 0 0 0 1 1 0 0 0 0 0 1 0 0 1 
Picked Items (item,city) = (1 , 2) (3 , 4) (7 , 8) (10 , 11) (12 , 13) (15 , 16) (17 , 18) (18 , 19) (21 , 22) (23 , 24) (24 , 25) (27 , 28) (30 , 31) (31 , 32) (33 , 34) (34 , 35) (36 , 37) (41 , 42) (42 , 43) (48 , 49) (51 , 52) 

Travel Time: 10545.302643772351075; Profit: 14484; TSP Distance : 7748.3357000000032713; Weight: 5918 / 6735; 0000000
TSP Tour = 1 44 46 16 29 50 20 23 30 2 7 42 21 17 3 45 19 41 8 9 10 43 33 51 11 52 14 13 47 26 27 28 12 25 4 6 15 5 24 48 38 37 40 39 34 35 36 49 32 18 31 22 1
Knapsack Array = 1 0 1 0 0 0 1 1 0 0 0 1 0 0 1 0 1 1 0 0 1 0 1 1 0 0 1 0 0 1 1 0 1 1 0 1 0 0 0 0 1 1 0 0 0 0 0 1 0 0 1 
Picked Items (item,city) = (1 , 2) (3 , 4) (7 , 8) (8 , 9) (12 , 13) (15 , 16) (17 , 18) (18 , 19) (21 , 22) (23 , 24) (24 , 25) (27 , 28) (30 , 31) (31 , 32) (33 , 34) (34 , 35) (36 , 37) (41 , 42) (42 , 43) (48 , 49) (51 , 52) 

Travel Time: 8369.8650244857581129; Profit: 10598; TSP Distance : 7748.3357000000032713; Weight: 3640 / 6735; 0000000
TSP Tour = 1 44 46 16 29 50 20 23 30 2 7 42 21 17 3 45 19 41 8 9 10 43 33 51 11 52 14 13 47 26 27 28 12 25 4 6 15 5 24 48 38 37 40 39 34 35 36 49 32 18 31 22 1
Knapsack Array = 1 0 1 0 0 0 1 0 0 0 0 1 0 0 0 0 1 1 0 0 1 0 1 0 0 0 0 0 0 1 1 0 1 1 0 1 0 0 0 0 0 0 0 0 0 0 0 1 0 0 1 
Picked Items (item,city) = (1 , 2) (3 , 4) (7 , 8) (12 , 13) (17 , 18) (18 , 19) (21 , 22) (23 , 24) (30 , 31) (31 , 32) (33 , 34) (34 , 35) (36 , 37) (48 , 49) (51 , 52) 

Travel Time: 8221.8745119761952083; Profit: 9628; TSP Distance : 7748.3357000000032713; Weight: 3315 / 6735; 0000000
TSP Tour = 1 44 46 16 29 50 20 23 30 2 7 42 21 17 3 45 19 41 8 9 10 43 33 51 11 52 14 13 47 26 27 28 12 25 4 6 15 5 24 48 38 37 40 39 34 35 36 49 32 18 31 22 1
Knapsack Array = 1 0 1 0 0 0 1 0 0 0 0 0 0 0 0 0 1 1 0 0 1 0 1 0 0 0 0 0 0 1 1 0 1 1 0 1 0 0 0 0 0 0 0 0 0 0 0 1 0 0 1 
Picked Items (item,city) = (1 , 2) (3 , 4) (7 , 8) (17 , 18) (18 , 19) (21 , 22) (23 , 24) (30 , 31) (31 , 32) (33 , 34) (34 , 35) (36 , 37) (48 , 49) (51 , 52) 

Travel Time: 8974.8066656545488513; Profit: 12431; TSP Distance : 7748.3357000000032713; Weight: 4898 / 6735; 0000000
TSP Tour = 1 44 46 16 29 50 20 23 30 2 7 42 21 17 3 45 19 41 8 9 10 43 33 51 11 52 14 13 47 26 27 28 12 25 4 6 15 5 24 48 38 37 40 39 34 35 36 49 32 18 31 22 1
Knapsack Array = 0 0 1 0 0 0 1 0 0 0 0 1 0 0 0 0 1 1 0 0 1 0 1 1 0 0 1 0 0 1 1 0 1 1 0 1 0 0 0 0 0 1 0 0 0 0 0 1 0 0 1 
Picked Items (item,city) = (3 , 4) (7 , 8) (12 , 13) (17 , 18) (18 , 19) (21 , 22) (23 , 24) (24 , 25) (27 , 28) (30 , 31) (31 , 32) (33 , 34) (34 , 35) (36 , 37) (42 , 43) (48 , 49) (51 , 52) 

Travel Time: 7645.1581682899568477; Profit: 4251; TSP Distance : 7544.3659000000006927; Weight: 1809 / 6735; 0000000
TSP Tour = 1 22 31 18 3 17 21 42 7 2 30 23 20 50 29 16 46 44 34 35 36 39 40 37 38 48 24 5 15 6 4 25 12 28 27 26 47 13 14 52 11 51 33 43 10 9 8 41 19 45 32 49 1
Knapsack Array = 1 0 0 0 0 0 1 1 0 0 0 0 0 0 0 0 0 1 0 0 0 0 0 0 0 0 0 0 0 0 1 0 0 0 0 1 0 0 0 0 0 0 0 0 0 0 0 1 0 0 0 
Picked Items (item,city) = (1 , 2) (7 , 8) (8 , 9) (18 , 19) (31 , 32) (36 , 37) (48 , 49) 

Travel Time: 7667.2945885482067752; Profit: 4416; TSP Distance : 7544.3659000000006927; Weight: 1526 / 6735; 0000000
TSP Tour = 1 22 31 18 3 17 21 42 7 2 30 23 20 50 29 16 46 44 34 35 36 39 40 37 38 48 24 5 15 6 4 25 12 28 27 26 47 13 14 52 11 51 33 43 10 9 8 41 19 45 32 49 1
Knapsack Array = 0 0 0 0 0 0 1 0 0 0 0 0 0 0 0 0 0 1 0 0 0 0 0 0 0 0 0 0 0 0 1 0 0 0 0 1 0 0 0 0 0 0 0 0 0 0 0 1 0 0 1 
Picked Items (item,city) = (7 , 8) (18 , 19) (31 , 32) (36 , 37) (48 , 49) (51 , 52) 

Travel Time: 7693.2212168018104421; Profit: 4666; TSP Distance : 7544.3659000000006927; Weight: 1683 / 6735; 0000000
TSP Tour = 1 22 31 18 3 17 21 42 7 2 30 23 20 50 29 16 46 44 34 35 36 39 40 37 38 48 24 5 15 6 4 25 12 28 27 26 47 13 14 52 11 51 33 43 10 9 8 41 19 45 32 49 1
Knapsack Array = 0 0 0 0 0 0 1 0 0 0 0 0 0 0 0 0 0 1 0 0 0 0 0 0 0 0 0 0 0 0 1 0 0 0 0 1 0 0 0 0 0 1 0 0 0 0 0 1 0 0 1 
Picked Items (item,city) = (7 , 8) (18 , 19) (31 , 32) (36 , 37) (42 , 43) (48 , 49) (51 , 52) 

Travel Time: 7709.9543817710664371; Profit: 5089; TSP Distance : 7544.3659000000006927; Weight: 1909 / 6735; 0000000
TSP Tour = 1 22 31 18 3 17 21 42 7 2 30 23 20 50 29 16 46 44 34 35 36 39 40 37 38 48 24 5 15 6 4 25 12 28 27 26 47 13 14 52 11 51 33 43 10 9 8 41 19 45 32 49 1
Knapsack Array = 1 0 0 0 0 0 1 1 0 0 0 0 0 0 0 0 0 1 0 0 0 0 1 0 0 0 0 0 0 0 1 0 0 0 0 1 0 0 0 0 0 0 0 0 0 0 0 1 0 0 0 
Picked Items (item,city) = (1 , 2) (7 , 8) (8 , 9) (18 , 19) (23 , 24) (31 , 32) (36 , 37) (48 , 49) 

Travel Time: 7752.1304383755878007; Profit: 5490; TSP Distance : 7544.3659000000006927; Weight: 2170 / 6735; 0000000
TSP Tour = 1 22 31 18 3 17 21 42 7 2 30 23 20 50 29 16 46 44 34 35 36 39 40 37 38 48 24 5 15 6 4 25 12 28 27 26 47 13 14 52 11 51 33 43 10 9 8 41 19 45 32 49 1
Knapsack Array = 1 0 0 0 0 0 1 1 0 0 0 0 0 0 0 0 0 1 0 0 0 0 0 0 0 0 0 0 0 0 1 0 0 0 0 1 0 0 0 0 0 1 0 0 0 0 0 1 0 0 1 
Picked Items (item,city) = (1 , 2) (7 , 8) (8 , 9) (18 , 19) (31 , 32) (36 , 37) (42 , 43) (48 , 49) (51 , 52) 

Travel Time: 7550.7437774719173831; Profit: 1413; TSP Distance : 7544.3659000000006927; Weight: 419 / 6735; 0000000
TSP Tour = 1 22 31 18 3 17 21 42 7 2 30 23 20 50 29 16 46 44 34 35 36 39 40 37 38 48 24 5 15 6 4 25 12 28 27 26 47 13 14 52 11 51 33 43 10 9 8 41 19 45 32 49 1
Knapsack Array = 1 0 0 0 0 0 0 0 0 0 0 0 0 0 0 0 0 1 0 0 0 0 0 0 0 0 0 0 0 0 0 0 0 0 0 0 0 0 0 0 0 0 0 0 0 0 0 1 0 0 0 
Picked Items (item,city) = (1 , 2) (18 , 19) (48 , 49) 

Travel Time: 7773.2388740315127507; Profit: 5730; TSP Distance : 7544.3659000000006927; Weight: 2621 / 6735; 0000000
TSP Tour = 1 22 31 18 3 17 21 42 7 2 30 23 20 50 29 16 46 44 34 35 36 39 40 37 38 48 24 5 15 6 4 25 12 28 27 26 47 13 14 52 11 51 33 43 10 9 8 41 19 45 32 49 1
Knapsack Array = 1 0 0 0 0 0 1 1 0 0 0 0 0 0 0 0 0 1 0 0 0 0 1 0 0 0 0 0 0 0 1 0 0 0 0 1 0 0 0 1 0 0 0 0 0 0 0 1 0 0 0 
Picked Items (item,city) = (1 , 2) (7 , 8) (8 , 9) (18 , 19) (23 , 24) (31 , 32) (36 , 37) (40 , 41) (48 , 49) 

Travel Time: 7655.4646930181615971; Profit: 4265; TSP Distance : 7544.3659000000006927; Weight: 1422 / 6735; 0000000
TSP Tour = 1 22 31 18 3 17 21 42 7 2 30 23 20 50 29 16 46 44 34 35 36 39 40 37 38 48 24 5 15 6 4 25 12 28 27 26 47 13 14 52 11 51 33 43 10 9 8 41 19 45 32 49 1
Knapsack Array = 0 0 0 0 0 0 1 0 0 0 0 0 0 0 0 0 0 1 0 0 0 0 1 0 0 0 0 0 0 0 1 0 0 0 0 1 0 0 0 0 0 0 0 0 0 0 0 1 0 0 0 
Picked Items (item,city) = (7 , 8) (18 , 19) (23 , 24) (31 , 32) (36 , 37) (48 , 49) 

Travel Time: 7668.1703549754856795; Profit: 4535; TSP Distance : 7544.3659000000006927; Weight: 1527 / 6735; 0000000
TSP Tour = 1 22 31 18 3 17 21 42 7 2 30 23 20 50 29 16 46 44 34 35 36 39 40 37 38 48 24 5 15 6 4 25 12 28 27 26 47 13 14 52 11 51 33 43 10 9 8 41 19 45 32 49 1
Knapsack Array = 1 0 0 0 0 0 1 0 0 0 0 0 0 0 0 0 0 1 0 0 0 0 0 0 0 0 0 0 0 0 1 0 0 0 0 1 0 0 0 0 0 0 0 0 0 0 0 1 0 0 1 
Picked Items (item,city) = (1 , 2) (7 , 8) (18 , 19) (31 , 32) (36 , 37) (48 , 49) (51 , 52) 

Travel Time: 7706.3725254592291094; Profit: 4892; TSP Distance : 7544.3659000000006927; Weight: 2521 / 6735; 0000000
TSP Tour = 1 22 31 18 3 17 21 42 7 2 30 23 20 50 29 16 46 44 34 35 36 39 40 37 38 48 24 5 15 6 4 25 12 28 27 26 47 13 14 52 11 51 33 43 10 9 8 41 19 45 32 49 1
Knapsack Array = 1 0 0 0 0 0 1 1 0 0 0 0 0 0 0 0 0 1 0 0 0 0 0 0 0 0 0 0 0 0 1 0 0 0 0 1 0 0 0 1 0 0 0 0 0 0 0 1 0 0 0 
Picked Items (item,city) = (1 , 2) (7 , 8) (8 , 9) (18 , 19) (31 , 32) (36 , 37) (40 , 41) (48 , 49) 

Travel Time: 7928.3539177669454148; Profit: 6978; TSP Distance : 7616.2462000000014086; Weight: 2517 / 6735; 0000000
TSP Tour = 1 31 18 3 17 21 42 7 2 30 23 20 50 29 16 46 44 34 35 36 39 40 37 38 48 24 5 15 6 4 25 12 28 27 26 47 13 14 52 11 51 33 43 10 9 8 41 19 45 32 49 22 1
Knapsack Array = 1 0 0 0 0 0 1 1 0 0 0 0 0 0 0 0 0 1 0 0 1 0 1 0 0 0 0 0 0 0 1 0 0 0 0 1 0 0 0 0 0 1 0 0 0 0 0 1 0 0 1 
Picked Items (item,city) = (1 , 2) (7 , 8) (8 , 9) (18 , 19) (21 , 22) (23 , 24) (31 , 32) (36 , 37) (42 , 43) (48 , 49) (51 , 52) 

Travel Time: 7724.0686192522216515; Profit: 5176; TSP Distance : 7544.3659000000006927; Weight: 2239 / 6735; 0000000
TSP Tour = 1 22 31 18 3 17 21 42 7 2 30 23 20 50 29 16 46 44 34 35 36 39 40 37 38 48 24 5 15 6 4 25 12 28 27 26 47 13 14 52 11 51 33 43 10 9 8 41 19 45 32 49 1
Knapsack Array = 1 0 0 0 0 0 1 0 0 0 0 0 0 0 0 0 0 1 0 0 0 0 0 0 0 0 0 0 0 0 1 0 0 0 0 1 0 0 0 1 0 0 0 0 0 0 0 1 0 0 1 
Picked Items (item,city) = (1 , 2) (7 , 8) (18 , 19) (31 , 32) (36 , 37) (40 , 41) (48 , 49) (51 , 52) 

Travel Time: 7573.3877310634070454; Profit: 2962; TSP Distance : 7544.3659000000006927; Weight: 1292 / 6735; 0000000
TSP Tour = 1 22 31 18 3 17 21 42 7 2 30 23 20 50 29 16 46 44 34 35 36 39 40 37 38 48 24 5 15 6 4 25 12 28 27 26 47 13 14 52 11 51 33 43 10 9 8 41 19 45 32 49 1
Knapsack Array = 1 0 0 0 0 0 1 0 0 0 0 0 0 0 0 0 0 1 0 0 0 0 0 0 0 0 0 0 0 0 1 0 0 0 0 0 0 0 0 0 0 0 0 0 0 0 0 1 0 0 0 
Picked Items (item,city) = (1 , 2) (7 , 8) (18 , 19) (31 , 32) (48 , 49) 


Pareto (Travel Time; Profit; IsValid)

7544.3659000000006927 ; 0; 0000000
7544.5325194814440692 ; 119; 0000000
7545.9393670275012482 ; 650; 0000000
7547.7059536907718211 ; 867; 0000000
7548.5485408821759847 ; 986; 0000000
7555.8787714287809649 ; 1448; 0000000
7570.0713497535498391 ; 2416; 0000000
7570.9203631492609929 ; 2535; 0000000
7589.7529221859695099 ; 3000; 0000000
7590.607244998571332 ; 3119; 0000000
7958.9445521540801565 ; 7137; 0000000
7959.8415806359616909 ; 7256; 0000000
7993.9468169996607685 ; 7564; 0000000
7994.853901273027077 ; 7683; 0000000
8052.1547850347769781 ; 8245; 0000000
8085.3727068957987285 ; 8413; 0000000
8088.5022902808623257 ; 8672; 0000000
8144.9741752537247521 ; 8975; 0000000
8181.6653320110372078 ; 9283; 0000000
8182.6292485129188208 ; 9402; 0000000
8239.0835022378851136 ; 9649; 0000000
8299.5873893135049002 ; 9952; 0000000
8323.8920608022108354 ; 10253; 0000000
8339.8551812958849041 ; 10379; 0000000
8458.1508597685842687 ; 10803; 0000000
8459.2160883998349163 ; 10922; 0000000
8501.1555438241211959 ; 11230; 0000000
8502.2350712923089304 ; 11349; 0000000
8634.6895006205304526 ; 11599; 0000000
8655.9858027204700193 ; 11680; 0000000
8738.7485465844893042 ; 11955; 0000000
8739.9373650976085628 ; 12074; 0000000
8890.5794565247706487 ; 12324; 0000000
8907.7561228834983922 ; 12405; 0000000
9066.0101386609385372 ; 12655; 0000000
9438.5274537588029489 ; 13222; 0000000
9453.0237548408676957 ; 13303; 0000000
9642.0494051263176516 ; 13553; 0000000
10412.90722034056671 ; 14396; 0000000
11402.485614208912011 ; 15101; 0000000
7556.8908617064280406 ; 1716; 0000000
7562.587483181033349 ; 2176; 0000000
7556.046009941790544 ; 1597; 0000000
8084.4392320243323411 ; 8294; 0000000
8087.5664886800323075 ; 8553; 0000000
9072.41499933295745 ; 12749; 0000000
9263.0126037289373926 ; 13080; 0000000
9454.2088659281398577 ; 13330; 0000000
9679.1363668965932447 ; 13647; 0000000
9905.877161499200156 ; 13978; 0000000
10090.188556345459801 ; 13996; 0000000
10092.862594094884116 ; 14077; 0000000
10144.41580039130713 ; 14228; 0000000
10346.486329956511327 ; 14327; 0000000
10739.156471915084694 ; 14683; 0000000
11044.020773170635948 ; 14933; 0000000
12105.974185008310087 ; 15487; 0000000
7549.9005954761914836 ; 1294; 0000000
7558.3150432507227379 ; 2024; 0000000
7564.4662298161892977 ; 2232; 0000000
7572.5380039181591201 ; 2843; 0000000
7592.2418482626571858 ; 3427; 0000000
7616.7071204725752978 ; 3677; 0000000
7642.2754431802723047 ; 3824; 0000000
7644.2879061227331476 ; 4132; 0000000
7656.3369632983285555 ; 4384; 0000000
7681.5097982190109178 ; 4634; 0000000
7694.1044674499071334 ; 4785; 0000000
7709.0662045079116069 ; 4970; 0000000
7722.5893649103645657 ; 5121; 0000000
7733.5266682226802004 ; 5373; 0000000
7760.2259586086274794 ; 5623; 0000000
7789.0336720843270086 ; 5881; 0000000
7790.5443212999389289 ; 6078; 0000000
7820.0871229517078973 ; 6328; 0000000
7857.45944837526622 ; 6600; 0000000
7858.3943578004136725 ; 6719; 0000000
7890.8532475044403327 ; 6850; 0000000
7891.7993684384464359 ; 6969; 0000000
7975.5137153375117123 ; 7298; 0000000
8324.9036999778054451 ; 10372; 0000000
9901.4042851470894675 ; 13897; 0000000
10142.526172617232078 ; 14109; 0000000
8012.4583132538518839 ; 7853; 0000000
8011.5509181881379845 ; 7734; 0000000
7615.8408338016597554 ; 3598; 0000000
7976.53136933713904 ; 7307; 0000000
7977.4288190040897462 ; 7426; 0000000
8051.2296677022222866 ; 8126; 0000000
9252.5775905142472766 ; 12999; 0000000
11257.27202378585207 ; 15071; 0000000
11556.383977205852716 ; 15170; 0000000
7788.1188509681278447 ; 5762; 0000000
8394.4711190587495366 ; 10619; 0000000
7942.753735141684956 ; 7048; 0000000
12108.979459590547776 ; 15569; 0000000
11651.881611765073103 ; 15319; 0000000
11040.210585634120434 ; 14894; 0000000
11107.828664700939044 ; 14963; 0000000
10563.838311423280174 ; 14614; 0000000
10297.490548895579195 ; 14283; 0000000
10861.333514724341512 ; 14864; 0000000
12026.876082369724827 ; 15448; 0000000
9554.6377656280874362 ; 13385; 0000000
11611.129438243064214 ; 15198; 0000000
10561.746813539491995 ; 14495; 0000000
10787.500105265460661 ; 14713; 0000000
10859.032449405689476 ; 14745; 0000000
8225.1326784932534792 ; 9642; 0000000
7546.1064142988388994 ; 769; 0000000
13273.003174897476129 ; 15571; 0000000
11907.805826720959885 ; 15418; 0000000
11466.968569363412826 ; 15168; 0000000
12105.481589478162277 ; 15450; 0000000
11220.37965728430936 ; 15032; 0000000
7732.6327937894920979 ; 5254; 0000000
7789.6329937274977055 ; 5959; 0000000
7759.3242649132489532 ; 5504; 0000000
7819.1666459390917225 ; 6209; 0000000
7593.0968945670229004 ; 3546; 0000000
7559.1605203336803243 ; 2143; 0000000
7617.5690248534829152 ; 3796; 0000000
7952.0950257236327161 ; 7090; 0000000
8042.2678209617033644 ; 8079; 0000000
8125.8834618646151284 ; 8898; 0000000
8172.4170635488908374 ; 9049; 0000000
8220.8947471015981137 ; 9509; 0000000
8267.8083270534443727 ; 9868; 0000000
8368.8339003446835704 ; 10479; 0000000
8433.4512650645374379 ; 10756; 0000000
8557.0331367665639846 ; 11456; 0000000
8558.1398118832585169 ; 11575; 0000000
8695.1195906114044192 ; 11825; 0000000
8816.6221014710827149 ; 12181; 0000000
8817.8560107338162197 ; 12300; 0000000
8990.2478667293053149 ; 12512; 0000000
8991.541846373489534 ; 12631; 0000000
9158.3263403559085418 ; 12881; 0000000
9360.1759301630354457 ; 13198; 0000000
9562.1989670490511344 ; 13529; 0000000
9764.2018863024841266 ; 13779; 0000000
10118.886891327949343 ; 14083; 0000000
10375.920915968563349 ; 14333; 0000000
10545.302643772351075 ; 14484; 0000000
8369.8650244857581129 ; 10598; 0000000
8221.8745119761952083 ; 9628; 0000000
8974.8066656545488513 ; 12431; 0000000
7645.1581682899568477 ; 4251; 0000000
7667.2945885482067752 ; 4416; 0000000
7693.2212168018104421 ; 4666; 0000000
7709.9543817710664371 ; 5089; 0000000
7752.1304383755878007 ; 5490; 0000000
7550.7437774719173831 ; 1413; 0000000
7773.2388740315127507 ; 5730; 0000000
7655.4646930181615971 ; 4265; 0000000
7668.1703549754856795 ; 4535; 0000000
7706.3725254592291094 ; 4892; 0000000
7928.3539177669454148 ; 6978; 0000000
7724.0686192522216515 ; 5176; 0000000
7573.3877310634070454 ; 2962; 0000000
