Travel Time: 7544.3659000000006927; Profit: 0; TSP Distance : 7544.3659000000006927; Weight: 0 / 2245; 0000000
TSP Tour = 1 22 31 18 3 17 21 42 7 2 30 23 20 50 29 16 46 44 34 35 36 39 40 37 38 48 24 5 15 6 4 25 12 28 27 26 47 13 14 52 11 51 33 43 10 9 8 41 19 45 32 49 1
Knapsack Array = 0 0 0 0 0 0 0 0 0 0 0 0 0 0 0 0 0 0 0 0 0 0 0 0 0 0 0 0 0 0 0 0 0 0 0 0 0 0 0 0 0 0 0 0 0 0 0 0 0 0 0 
Picked Items (item,city) = 

Travel Time: 7544.8658920903726539; Profit: 119; TSP Distance : 7544.3659000000006927; Weight: 1 / 2245; 0000000
TSP Tour = 1 49 32 45 19 41 8 9 10 43 33 51 11 52 14 13 47 26 27 28 12 25 4 6 15 5 24 48 38 37 40 39 36 35 34 44 46 16 29 50 20 23 30 2 7 42 21 17 3 18 31 22 1
Knapsack Array = 1 0 0 0 0 0 0 0 0 0 0 0 0 0 0 0 0 0 0 0 0 0 0 0 0 0 0 0 0 0 0 0 0 0 0 0 0 0 0 0 0 0 0 0 0 0 0 0 0 0 0 
Picked Items (item,city) = (1 , 2) 

Travel Time: 7549.4321573342576812; Profit: 650; TSP Distance : 7544.3659000000016022; Weight: 247 / 2245; 0000000
TSP Tour = 1 49 32 45 19 41 8 9 10 43 33 51 11 52 14 13 47 26 27 28 12 25 4 6 15 5 24 48 38 37 40 39 36 35 34 44 46 16 29 50 20 23 30 2 7 42 21 17 3 18 31 22 1
Knapsack Array = 0 0 0 0 0 0 0 0 0 0 0 0 0 0 0 0 0 0 0 0 1 0 0 0 0 0 0 0 0 0 0 0 0 0 0 0 0 0 0 0 0 0 0 0 0 0 0 0 0 0 0 
Picked Items (item,city) = (21 , 22) 

Travel Time: 7549.9364373936923585; Profit: 769; TSP Distance : 7544.3659000000016022; Weight: 248 / 2245; 0000000
TSP Tour = 1 49 32 45 19 41 8 9 10 43 33 51 11 52 14 13 47 26 27 28 12 25 4 6 15 5 24 48 38 37 40 39 36 35 34 44 46 16 29 50 20 23 30 2 7 42 21 17 3 18 31 22 1
Knapsack Array = 1 0 0 0 0 0 0 0 0 0 0 0 0 0 0 0 0 0 0 0 1 0 0 0 0 0 0 0 0 0 0 0 0 0 0 0 0 0 0 0 0 0 0 0 0 0 0 0 0 0 0 
Picked Items (item,city) = (1 , 2) (21 , 22) 

Travel Time: 7555.553183595835435; Profit: 867; TSP Distance : 7544.3659000000006927; Weight: 371 / 2245; 0000000
TSP Tour = 1 22 31 18 3 17 21 42 7 2 30 23 20 50 29 16 46 44 34 35 36 39 40 37 38 48 24 5 15 6 4 25 12 28 27 26 47 13 14 52 11 51 33 43 10 9 8 41 19 45 32 49 1
Knapsack Array = 0 0 0 0 0 0 0 0 0 0 0 0 0 0 0 0 0 0 0 0 0 0 0 0 0 0 0 0 0 0 0 0 0 0 0 0 0 0 0 0 0 0 0 0 0 0 0 1 0 0 0 
Picked Items (item,city) = (48 , 49) 

Travel Time: 7558.0886316071409965; Profit: 986; TSP Distance : 7544.3659000000006927; Weight: 372 / 2245; 0000000
TSP Tour = 1 22 31 18 3 17 21 42 7 2 30 23 20 50 29 16 46 44 34 35 36 39 40 37 38 48 24 5 15 6 4 25 12 28 27 26 47 13 14 52 11 51 33 43 10 9 8 41 19 45 32 49 1
Knapsack Array = 1 0 0 0 0 0 0 0 0 0 0 0 0 0 0 0 0 0 0 0 0 0 0 0 0 0 0 0 0 0 0 0 0 0 0 0 0 0 0 0 0 0 0 0 0 0 0 1 0 0 0 
Picked Items (item,city) = (1 , 2) (48 , 49) 

Travel Time: 7562.5622444457840174; Profit: 1294; TSP Distance : 7544.3659000000006927; Weight: 418 / 2245; 0000000
TSP Tour = 1 22 31 18 3 17 21 42 7 2 30 23 20 50 29 16 46 44 34 35 36 39 40 37 38 48 24 5 15 6 4 25 12 28 27 26 47 13 14 52 11 51 33 43 10 9 8 41 19 45 32 49 1
Knapsack Array = 0 0 0 0 0 0 0 0 0 0 0 0 0 0 0 0 0 1 0 0 0 0 0 0 0 0 0 0 0 0 0 0 0 0 0 0 0 0 0 0 0 0 0 0 0 0 0 1 0 0 0 
Picked Items (item,city) = (18 , 19) (48 , 49) 

Travel Time: 7565.1036134653404588; Profit: 1413; TSP Distance : 7544.3659000000006927; Weight: 419 / 2245; 0000000
TSP Tour = 1 22 31 18 3 17 21 42 7 2 30 23 20 50 29 16 46 44 34 35 36 39 40 37 38 48 24 5 15 6 4 25 12 28 27 26 47 13 14 52 11 51 33 43 10 9 8 41 19 45 32 49 1
Knapsack Array = 1 0 0 0 0 0 0 0 0 0 0 0 0 0 0 0 0 1 0 0 0 0 0 0 0 0 0 0 0 0 0 0 0 0 0 0 0 0 0 0 0 0 0 0 0 0 0 1 0 0 0 
Picked Items (item,city) = (1 , 2) (18 , 19) (48 , 49) 

Travel Time: 7582.3677681566359752; Profit: 1597; TSP Distance : 7544.3659000000006927; Weight: 493 / 2245; 0000000
TSP Tour = 1 22 31 18 3 17 21 42 7 2 30 23 20 50 29 16 46 44 34 35 36 39 40 37 38 48 24 5 15 6 4 25 12 28 27 26 47 13 14 52 11 51 33 43 10 9 8 41 19 45 32 49 1
Knapsack Array = 0 0 0 0 0 0 1 0 0 0 0 0 0 0 0 0 0 0 0 0 0 0 0 0 0 0 0 0 0 0 0 0 0 0 0 0 0 0 0 0 0 0 0 0 0 0 0 1 0 0 0 
Picked Items (item,city) = (7 , 8) (48 , 49) 

Travel Time: 7584.9259623152320273; Profit: 1716; TSP Distance : 7544.3659000000006927; Weight: 494 / 2245; 0000000
TSP Tour = 1 22 31 18 3 17 21 42 7 2 30 23 20 50 29 16 46 44 34 35 36 39 40 37 38 48 24 5 15 6 4 25 12 28 27 26 47 13 14 52 11 51 33 43 10 9 8 41 19 45 32 49 1
Knapsack Array = 1 0 0 0 0 0 1 0 0 0 0 0 0 0 0 0 0 0 0 0 0 0 0 0 0 0 0 0 0 0 0 0 0 0 0 0 0 0 0 0 0 0 0 0 0 0 0 1 0 0 0 
Picked Items (item,city) = (1 , 2) (7 , 8) (48 , 49) 

Travel Time: 7590.1589570757978436; Profit: 2024; TSP Distance : 7544.3659000000006927; Weight: 540 / 2245; 0000000
TSP Tour = 1 22 31 18 3 17 21 42 7 2 30 23 20 50 29 16 46 44 34 35 36 39 40 37 38 48 24 5 15 6 4 25 12 28 27 26 47 13 14 52 11 51 33 43 10 9 8 41 19 45 32 49 1
Knapsack Array = 0 0 0 0 0 0 1 0 0 0 0 0 0 0 0 0 0 1 0 0 0 0 0 0 0 0 0 0 0 0 0 0 0 0 0 0 0 0 0 0 0 0 0 0 0 0 0 1 0 0 0 
Picked Items (item,city) = (7 , 8) (18 , 19) (48 , 49) 

Travel Time: 7592.724096944075427; Profit: 2143; TSP Distance : 7544.3659000000006927; Weight: 541 / 2245; 0000000
TSP Tour = 1 22 31 18 3 17 21 42 7 2 30 23 20 50 29 16 46 44 34 35 36 39 40 37 38 48 24 5 15 6 4 25 12 28 27 26 47 13 14 52 11 51 33 43 10 9 8 41 19 45 32 49 1
Knapsack Array = 1 0 0 0 0 0 1 0 0 0 0 0 0 0 0 0 0 1 0 0 0 0 0 0 0 0 0 0 0 0 0 0 0 0 0 0 0 0 0 0 0 0 0 0 0 0 0 1 0 0 0 
Picked Items (item,city) = (1 , 2) (7 , 8) (18 , 19) (48 , 49) 

Travel Time: 7611.2641168056798051; Profit: 2176; TSP Distance : 7544.3659000000016022; Weight: 834 / 2245; 0000000
TSP Tour = 1 49 32 45 19 41 8 9 10 43 33 51 11 52 14 13 47 26 27 28 12 25 4 6 15 5 24 48 38 37 40 39 36 35 34 44 46 16 29 50 20 23 30 2 7 42 21 17 3 18 31 22 1
Knapsack Array = 1 0 0 0 0 0 0 0 0 0 0 0 0 0 0 0 1 0 0 0 1 0 0 0 0 0 0 0 0 1 0 0 0 0 0 0 0 0 0 0 0 0 0 0 0 0 0 0 0 0 0 
Picked Items (item,city) = (1 , 2) (17 , 18) (21 , 22) (30 , 31) 

Travel Time: 7644.8493288753033994; Profit: 2300; TSP Distance : 7544.3659000000006927; Weight: 525 / 2245; 0000000
TSP Tour = 1 22 31 18 3 17 21 42 7 2 30 23 20 50 29 16 46 44 34 35 36 39 40 37 38 48 24 5 15 6 4 25 12 28 27 26 47 13 14 52 11 51 33 43 10 9 8 41 19 45 32 49 1
Knapsack Array = 1 0 0 0 0 0 1 0 0 0 0 0 0 0 0 0 0 0 0 0 0 0 0 0 0 0 0 0 0 0 0 0 0 0 0 1 0 0 0 0 0 0 0 0 0 0 0 1 0 0 0 
Picked Items (item,city) = (1 , 2) (7 , 8) (36 , 37) (48 , 49) 

Travel Time: 7648.7711039803634776; Profit: 2641; TSP Distance : 7544.3659000000016022; Weight: 864 / 2245; 0000000
TSP Tour = 1 49 32 45 19 41 8 9 10 43 33 51 11 52 14 13 47 26 27 28 12 25 4 6 15 5 24 48 38 37 40 39 36 35 34 44 46 16 29 50 20 23 30 2 7 42 21 17 3 18 31 22 1
Knapsack Array = 0 0 0 0 0 0 0 0 0 0 0 0 0 0 0 0 1 0 0 0 1 0 0 0 0 0 0 0 0 1 0 0 0 0 0 1 0 0 0 0 0 0 0 0 0 0 0 0 0 0 0 
Picked Items (item,city) = (17 , 18) (21 , 22) (30 , 31) (36 , 37) 

Travel Time: 7649.3490556494125485; Profit: 2760; TSP Distance : 7544.3659000000016022; Weight: 865 / 2245; 0000000
TSP Tour = 1 49 32 45 19 41 8 9 10 43 33 51 11 52 14 13 47 26 27 28 12 25 4 6 15 5 24 48 38 37 40 39 36 35 34 44 46 16 29 50 20 23 30 2 7 42 21 17 3 18 31 22 1
Knapsack Array = 1 0 0 0 0 0 0 0 0 0 0 0 0 0 0 0 1 0 0 0 1 0 0 0 0 0 0 0 0 1 0 0 0 0 0 1 0 0 0 0 0 0 0 0 0 0 0 0 0 0 0 
Picked Items (item,city) = (1 , 2) (17 , 18) (21 , 22) (30 , 31) (36 , 37) 

Travel Time: 7783.8346546094744554; Profit: 3598; TSP Distance : 7544.3659000000006927; Weight: 965 / 2245; 0000000
TSP Tour = 1 49 32 45 19 41 8 9 10 43 33 51 11 52 14 13 47 26 27 28 12 25 4 6 15 5 24 48 38 37 40 39 36 35 34 44 46 16 29 50 20 23 30 2 7 42 21 17 3 18 31 22 1
Knapsack Array = 1 0 0 0 0 0 0 0 0 0 0 0 0 0 0 0 1 0 0 0 1 0 1 0 0 0 0 0 0 1 0 0 0 0 0 1 0 0 0 0 0 0 0 0 0 0 0 0 0 0 0 
Picked Items (item,city) = (1 , 2) (17 , 18) (21 , 22) (23 , 24) (30 , 31) (36 , 37) 

Travel Time: 7826.0341124536398638; Profit: 3627; TSP Distance : 7632.7636000000011336; Weight: 1236 / 2245; 0000000
TSP Tour = 1 32 45 19 41 8 9 10 43 33 51 11 52 14 13 47 26 27 28 12 25 4 6 15 5 24 48 38 37 40 39 36 35 34 44 46 16 29 50 20 23 30 2 7 42 21 17 3 18 31 22 49 1
Knapsack Array = 1 0 0 0 0 0 0 0 0 0 0 0 0 0 0 0 1 0 0 0 1 0 0 0 0 0 0 0 0 1 0 0 0 0 0 1 0 0 0 0 0 0 0 0 0 0 0 1 0 0 0 
Picked Items (item,city) = (1 , 2) (17 , 18) (21 , 22) (30 , 31) (36 , 37) (48 , 49) 

Travel Time: 7956.276222166819025; Profit: 4454; TSP Distance : 7748.3357000000032713; Weight: 1204 / 2245; 0000000
TSP Tour = 1 44 46 16 29 50 20 23 30 2 7 42 21 17 3 45 19 41 8 9 10 43 33 51 11 52 14 13 47 26 27 28 12 25 4 6 15 5 24 48 38 37 40 39 34 35 36 49 32 18 31 22 1
Knapsack Array = 0 0 0 0 0 0 0 0 0 0 0 0 0 0 0 0 1 0 0 0 1 0 1 0 0 0 0 0 0 1 0 0 1 0 0 1 0 0 0 0 0 0 0 0 0 0 0 0 0 0 0 
Picked Items (item,city) = (17 , 18) (21 , 22) (23 , 24) (30 , 31) (33 , 34) (36 , 37) 

Travel Time: 7958.9769815401105006; Profit: 4573; TSP Distance : 7748.3357000000032713; Weight: 1205 / 2245; 0000000
TSP Tour = 1 44 46 16 29 50 20 23 30 2 7 42 21 17 3 45 19 41 8 9 10 43 33 51 11 52 14 13 47 26 27 28 12 25 4 6 15 5 24 48 38 37 40 39 34 35 36 49 32 18 31 22 1
Knapsack Array = 1 0 0 0 0 0 0 0 0 0 0 0 0 0 0 0 1 0 0 0 1 0 1 0 0 0 0 0 0 1 0 0 1 0 0 1 0 0 0 0 0 0 0 0 0 0 0 0 0 0 0 
Picked Items (item,city) = (1 , 2) (17 , 18) (21 , 22) (23 , 24) (30 , 31) (33 , 34) (36 , 37) 

Travel Time: 8050.0231440864708929; Profit: 4911; TSP Distance : 7781.2792000000017651; Weight: 1356 / 2245; 0000000
TSP Tour = 1 44 46 16 29 50 20 23 30 2 7 42 21 17 3 18 31 32 45 19 41 8 9 10 43 33 51 11 52 14 13 47 26 27 28 12 25 4 6 15 5 24 48 38 37 40 39 34 35 36 49 22 1
Knapsack Array = 0 0 1 0 0 0 0 0 0 0 0 0 0 0 0 0 0 0 0 0 1 0 1 0 0 0 0 0 0 0 0 0 1 0 0 1 0 0 0 0 0 0 0 0 0 0 0 1 0 0 0 
Picked Items (item,city) = (3 , 4) (21 , 22) (23 , 24) (33 , 34) (36 , 37) (48 , 49) 

Travel Time: 8052.8114161603998582; Profit: 5030; TSP Distance : 7781.2792000000017651; Weight: 1357 / 2245; 0000000
TSP Tour = 1 44 46 16 29 50 20 23 30 2 7 42 21 17 3 18 31 32 45 19 41 8 9 10 43 33 51 11 52 14 13 47 26 27 28 12 25 4 6 15 5 24 48 38 37 40 39 34 35 36 49 22 1
Knapsack Array = 1 0 1 0 0 0 0 0 0 0 0 0 0 0 0 0 0 0 0 0 1 0 1 0 0 0 0 0 0 0 0 0 1 0 0 1 0 0 0 0 0 0 0 0 0 0 0 1 0 0 0 
Picked Items (item,city) = (1 , 2) (3 , 4) (21 , 22) (23 , 24) (33 , 34) (36 , 37) (48 , 49) 

Travel Time: 8248.9878150564127282; Profit: 5867; TSP Distance : 7748.3357000000032713; Weight: 1623 / 2245; 0000000
TSP Tour = 1 44 46 16 29 50 20 23 30 2 7 42 21 17 3 45 19 41 8 9 10 43 33 51 11 52 14 13 47 26 27 28 12 25 4 6 15 5 24 48 38 37 40 39 34 35 36 49 32 18 31 22 1
Knapsack Array = 1 0 0 0 0 0 0 0 0 0 0 0 0 0 0 0 1 1 0 0 1 0 1 0 0 0 0 0 0 1 0 0 1 0 0 1 0 0 0 0 0 0 0 0 0 0 0 1 0 0 0 
Picked Items (item,city) = (1 , 2) (17 , 18) (18 , 19) (21 , 22) (23 , 24) (30 , 31) (33 , 34) (36 , 37) (48 , 49) 

Travel Time: 8578.2097706016520533; Profit: 6597; TSP Distance : 7748.3357000000032713; Weight: 1745 / 2245; 0000000
TSP Tour = 1 44 46 16 29 50 20 23 30 2 7 42 21 17 3 45 19 41 8 9 10 43 33 51 11 52 14 13 47 26 27 28 12 25 4 6 15 5 24 48 38 37 40 39 34 35 36 49 32 18 31 22 1
Knapsack Array = 1 0 0 0 0 0 1 0 0 0 0 0 0 0 0 0 1 1 0 0 1 0 1 0 0 0 0 0 0 1 0 0 1 0 0 1 0 0 0 0 0 0 0 0 0 0 0 1 0 0 0 
Picked Items (item,city) = (1 , 2) (7 , 8) (17 , 18) (18 , 19) (21 , 22) (23 , 24) (30 , 31) (33 , 34) (36 , 37) (48 , 49) 

Travel Time: 8632.2872610228387202; Profit: 6856; TSP Distance : 7748.3357000000032713; Weight: 1827 / 2245; 0000000
TSP Tour = 1 44 46 16 29 50 20 23 30 2 7 42 21 17 3 45 19 41 8 9 10 43 33 51 11 52 14 13 47 26 27 28 12 25 4 6 15 5 24 48 38 37 40 39 34 35 36 49 32 18 31 22 1
Knapsack Array = 1 0 0 0 0 0 0 0 0 0 0 0 0 0 0 0 1 1 0 0 1 0 1 0 0 0 0 0 0 1 0 0 1 0 0 1 0 0 0 0 0 0 0 0 0 0 0 1 0 0 1 
Picked Items (item,city) = (1 , 2) (17 , 18) (18 , 19) (21 , 22) (23 , 24) (30 , 31) (33 , 34) (36 , 37) (48 , 49) (51 , 52) 

Travel Time: 8999.6430685203013127; Profit: 7244; TSP Distance : 7873.2256000000015774; Weight: 1913 / 2245; 0000000
TSP Tour = 1 44 46 16 29 50 20 23 30 2 7 42 21 31 17 3 45 19 41 8 9 10 43 33 51 11 52 14 13 47 26 27 28 12 25 4 6 15 5 24 48 38 37 40 39 34 35 36 49 32 18 22 1
Knapsack Array = 1 0 1 0 0 0 0 0 0 0 0 0 0 0 0 0 1 1 0 0 1 0 1 0 0 0 0 0 0 0 0 0 1 0 0 1 0 0 0 0 0 0 0 0 0 0 0 1 0 0 1 
Picked Items (item,city) = (1 , 2) (3 , 4) (17 , 18) (18 , 19) (21 , 22) (23 , 24) (33 , 34) (36 , 37) (48 , 49) (51 , 52) 

Travel Time: 9010.4241967910893436; Profit: 7289; TSP Distance : 7748.3357000000032713; Weight: 1898 / 2245; 0000000
TSP Tour = 1 44 46 16 29 50 20 23 30 2 7 42 21 17 3 45 19 41 8 9 10 43 33 51 11 52 14 13 47 26 27 28 12 25 4 6 15 5 24 48 38 37 40 39 34 35 36 49 32 18 31 22 1
Knapsack Array = 1 0 1 0 0 0 1 0 0 0 0 0 0 0 0 0 1 0 0 0 1 0 1 0 0 0 0 0 0 1 0 0 1 0 0 1 0 0 0 0 0 0 0 0 0 0 0 0 0 0 1 
Picked Items (item,city) = (1 , 2) (3 , 4) (7 , 8) (17 , 18) (21 , 22) (23 , 24) (30 , 31) (33 , 34) (36 , 37) (51 , 52) 

Travel Time: 9028.3470361050967767; Profit: 7467; TSP Distance : 7748.3357000000032713; Weight: 1948 / 2245; 0000000
TSP Tour = 1 44 46 16 29 50 20 23 30 2 7 42 21 17 3 45 19 41 8 9 10 43 33 51 11 52 14 13 47 26 27 28 12 25 4 6 15 5 24 48 38 37 40 39 34 35 36 49 32 18 31 22 1
Knapsack Array = 0 0 0 0 0 0 1 0 0 0 0 0 0 0 0 0 1 1 0 0 1 0 1 0 0 0 0 0 0 1 0 0 1 0 0 1 0 0 0 0 0 0 0 0 0 0 0 1 0 0 1 
Picked Items (item,city) = (7 , 8) (17 , 18) (18 , 19) (21 , 22) (23 , 24) (30 , 31) (33 , 34) (36 , 37) (48 , 49) (51 , 52) 

Travel Time: 9032.4505913902139582; Profit: 7586; TSP Distance : 7748.3357000000032713; Weight: 1949 / 2245; 0000000
TSP Tour = 1 44 46 16 29 50 20 23 30 2 7 42 21 17 3 45 19 41 8 9 10 43 33 51 11 52 14 13 47 26 27 28 12 25 4 6 15 5 24 48 38 37 40 39 34 35 36 49 32 18 31 22 1
Knapsack Array = 1 0 0 0 0 0 1 0 0 0 0 0 0 0 0 0 1 1 0 0 1 0 1 0 0 0 0 0 0 1 0 0 1 0 0 1 0 0 0 0 0 0 0 0 0 0 0 1 0 0 1 
Picked Items (item,city) = (1 , 2) (7 , 8) (17 , 18) (18 , 19) (21 , 22) (23 , 24) (30 , 31) (33 , 34) (36 , 37) (48 , 49) (51 , 52) 

Travel Time: 9167.0167629555689928; Profit: 7594; TSP Distance : 7748.3357000000032713; Weight: 2112 / 2245; 0000000
TSP Tour = 1 44 46 16 29 50 20 23 30 2 7 42 21 17 3 45 19 41 8 9 10 43 33 51 11 52 14 13 47 26 27 28 12 25 4 6 15 5 24 48 38 37 40 39 34 35 36 49 32 18 31 22 1
Knapsack Array = 1 0 1 0 0 0 1 0 0 0 0 0 0 0 0 0 1 1 0 0 1 0 1 0 0 0 0 0 0 1 0 0 1 0 0 1 0 0 0 0 0 0 0 0 0 0 0 1 0 0 0 
Picked Items (item,city) = (1 , 2) (3 , 4) (7 , 8) (17 , 18) (18 , 19) (21 , 22) (23 , 24) (30 , 31) (33 , 34) (36 , 37) (48 , 49) 

Travel Time: 9178.8140173385181697; Profit: 7597; TSP Distance : 7748.3357000000032713; Weight: 1944 / 2245; 0000000
TSP Tour = 1 44 46 16 29 50 20 23 30 2 7 42 21 17 3 45 19 41 8 9 10 43 33 51 11 52 14 13 47 26 27 28 12 25 4 6 15 5 24 48 38 37 40 39 34 35 36 49 32 18 31 22 1
Knapsack Array = 0 0 1 0 0 0 1 0 0 0 0 0 0 0 0 0 1 1 0 0 1 0 1 0 0 0 0 0 0 1 0 0 1 0 0 1 0 0 0 0 0 0 0 0 0 0 0 0 0 0 1 
Picked Items (item,city) = (3 , 4) (7 , 8) (17 , 18) (18 , 19) (21 , 22) (23 , 24) (30 , 31) (33 , 34) (36 , 37) (51 , 52) 

Travel Time: 9183.0830247937628883; Profit: 7716; TSP Distance : 7748.3357000000032713; Weight: 1945 / 2245; 0000000
TSP Tour = 1 44 46 16 29 50 20 23 30 2 7 42 21 17 3 45 19 41 8 9 10 43 33 51 11 52 14 13 47 26 27 28 12 25 4 6 15 5 24 48 38 37 40 39 34 35 36 49 32 18 31 22 1
Knapsack Array = 1 0 1 0 0 0 1 0 0 0 0 0 0 0 0 0 1 1 0 0 1 0 1 0 0 0 0 0 0 1 0 0 1 0 0 1 0 0 0 0 0 0 0 0 0 0 0 0 0 0 1 
Picked Items (item,city) = (1 , 2) (3 , 4) (7 , 8) (17 , 18) (18 , 19) (21 , 22) (23 , 24) (30 , 31) (33 , 34) (36 , 37) (51 , 52) 

Travel Time: 9352.6746515267950599; Profit: 7734; TSP Distance : 7748.3357000000032713; Weight: 2193 / 2245; 0000000
TSP Tour = 1 44 46 16 29 50 20 23 30 2 7 42 21 17 3 45 19 41 8 9 10 43 33 51 11 52 14 13 47 26 27 28 12 25 4 6 15 5 24 48 38 37 40 39 34 35 36 49 32 18 31 22 1
Knapsack Array = 0 0 1 0 0 0 0 0 0 0 0 0 0 0 0 0 1 1 0 0 1 0 1 0 0 0 0 0 0 1 0 0 1 0 0 1 0 0 0 0 0 0 0 0 0 0 0 1 0 0 1 
Picked Items (item,city) = (3 , 4) (17 , 18) (18 , 19) (21 , 22) (23 , 24) (30 , 31) (33 , 34) (36 , 37) (48 , 49) (51 , 52) 

Travel Time: 9358.2722551819224464; Profit: 7853; TSP Distance : 7748.3357000000032713; Weight: 2194 / 2245; 0000000
TSP Tour = 1 44 46 16 29 50 20 23 30 2 7 42 21 17 3 45 19 41 8 9 10 43 33 51 11 52 14 13 47 26 27 28 12 25 4 6 15 5 24 48 38 37 40 39 34 35 36 49 32 18 31 22 1
Knapsack Array = 1 0 1 0 0 0 0 0 0 0 0 0 0 0 0 0 1 1 0 0 1 0 1 0 0 0 0 0 0 1 0 0 1 0 0 1 0 0 0 0 0 0 0 0 0 0 0 1 0 0 1 
Picked Items (item,city) = (1 , 2) (3 , 4) (17 , 18) (18 , 19) (21 , 22) (23 , 24) (30 , 31) (33 , 34) (36 , 37) (48 , 49) (51 , 52) 

Travel Time: 9456.2234379841447662; Profit: 7974; TSP Distance : 7873.2256000000015774; Weight: 2035 / 2245; 0000000
TSP Tour = 1 44 46 16 29 50 20 23 30 2 7 42 21 31 17 3 45 19 41 8 9 10 43 33 51 11 52 14 13 47 26 27 28 12 25 4 6 15 5 24 48 38 37 40 39 34 35 36 49 32 18 22 1
Knapsack Array = 1 0 1 0 0 0 1 0 0 0 0 0 0 0 0 0 1 1 0 0 1 0 1 0 0 0 0 0 0 0 0 0 1 0 0 1 0 0 0 0 0 0 0 0 0 0 0 1 0 0 1 
Picked Items (item,city) = (1 , 2) (3 , 4) (7 , 8) (17 , 18) (18 , 19) (21 , 22) (23 , 24) (33 , 34) (36 , 37) (48 , 49) (51 , 52) 

Travel Time: 10077.051042777875409; Profit: 8259; TSP Distance : 7748.3357000000032713; Weight: 2223 / 2245; 0000000
TSP Tour = 1 44 46 16 29 50 20 23 30 2 7 42 21 17 3 45 19 41 8 9 10 43 33 51 11 52 14 13 47 26 27 28 12 25 4 6 15 5 24 48 38 37 40 39 34 35 36 49 32 18 31 22 1
Knapsack Array = 1 0 1 0 0 0 1 0 0 0 0 1 0 0 0 0 1 0 0 0 1 0 1 0 0 0 0 0 0 1 0 0 1 0 0 1 0 0 0 0 0 0 0 0 0 0 0 0 0 0 1 
Picked Items (item,city) = (1 , 2) (3 , 4) (7 , 8) (12 , 13) (17 , 18) (21 , 22) (23 , 24) (30 , 31) (33 , 34) (36 , 37) (51 , 52) 

Travel Time: 7872.3856205540751034; Profit: 3914; TSP Distance : 7746.8571000000019922; Weight: 989 / 2245; 0000000
TSP Tour = 1 44 46 16 29 50 20 23 30 2 7 42 21 31 18 17 3 45 19 41 8 9 10 43 33 51 11 52 14 13 47 26 27 28 12 25 4 6 15 5 24 48 38 37 40 39 34 35 36 49 32 22 1
Knapsack Array = 0 0 0 0 0 0 0 0 0 0 0 0 0 0 0 0 0 0 0 0 1 0 1 0 0 0 0 0 0 0 0 0 1 0 0 1 0 0 0 0 0 0 0 0 0 0 0 1 0 0 0 
Picked Items (item,city) = (21 , 22) (23 , 24) (33 , 34) (36 , 37) (48 , 49) 

Travel Time: 7874.9988364534619905; Profit: 4033; TSP Distance : 7746.8571000000019922; Weight: 990 / 2245; 0000000
TSP Tour = 1 44 46 16 29 50 20 23 30 2 7 42 21 31 18 17 3 45 19 41 8 9 10 43 33 51 11 52 14 13 47 26 27 28 12 25 4 6 15 5 24 48 38 37 40 39 34 35 36 49 32 22 1
Knapsack Array = 1 0 0 0 0 0 0 0 0 0 0 0 0 0 0 0 0 0 0 0 1 0 1 0 0 0 0 0 0 0 0 0 1 0 0 1 0 0 0 0 0 0 0 0 0 0 0 1 0 0 0 
Picked Items (item,city) = (1 , 2) (21 , 22) (23 , 24) (33 , 34) (36 , 37) (48 , 49) 

Travel Time: 8003.1383037572622925; Profit: 4688; TSP Distance : 7815.5871000000015556; Weight: 1156 / 2245; 0000000
TSP Tour = 1 22 31 18 3 17 21 42 7 2 30 23 20 50 29 16 44 46 25 12 28 27 26 47 13 14 52 11 51 33 43 10 9 8 41 19 45 32 39 40 38 5 15 4 6 24 48 37 34 35 36 49 1
Knapsack Array = 0 0 1 0 0 0 0 0 0 0 0 0 0 0 0 0 0 1 0 0 0 0 1 0 0 0 0 0 0 0 0 0 1 0 0 1 0 0 0 0 0 0 0 0 0 0 0 1 0 0 0 
Picked Items (item,city) = (3 , 4) (18 , 19) (23 , 24) (33 , 34) (36 , 37) (48 , 49) 

Travel Time: 8005.9589110734323185; Profit: 4807; TSP Distance : 7815.5871000000006461; Weight: 1157 / 2245; 0000000
TSP Tour = 1 22 31 18 3 17 21 42 7 2 30 23 20 50 29 16 44 46 25 12 28 27 26 47 13 14 52 11 51 33 43 10 9 8 41 19 45 32 39 40 38 5 15 4 6 24 48 37 34 35 36 49 1
Knapsack Array = 1 0 1 0 0 0 0 0 0 0 0 0 0 0 0 0 0 1 0 0 0 0 1 0 0 0 0 0 0 0 0 0 1 0 0 1 0 0 0 0 0 0 0 0 0 0 0 1 0 0 0 
Picked Items (item,city) = (1 , 2) (3 , 4) (18 , 19) (23 , 24) (33 , 34) (36 , 37) (48 , 49) 

Travel Time: 8062.5845290881707115; Profit: 5110; TSP Distance : 7815.5871000000006461; Weight: 1232 / 2245; 0000000
TSP Tour = 1 22 31 18 3 17 21 42 7 2 30 23 20 50 29 16 44 46 25 12 28 27 26 47 13 14 52 11 51 33 43 10 9 8 41 19 45 32 39 40 38 5 15 4 6 24 48 37 34 35 36 49 1
Knapsack Array = 1 0 1 0 0 0 1 0 0 0 0 0 0 0 0 0 0 0 0 0 0 0 1 0 0 0 0 0 0 0 0 0 1 0 0 1 0 0 0 0 0 0 0 0 0 0 0 1 0 0 0 
Picked Items (item,city) = (1 , 2) (3 , 4) (7 , 8) (23 , 24) (33 , 34) (36 , 37) (48 , 49) 

Travel Time: 8092.1601617072674344; Profit: 5418; TSP Distance : 7815.5871000000006461; Weight: 1278 / 2245; 0000000
TSP Tour = 1 22 31 18 3 17 21 42 7 2 30 23 20 50 29 16 44 46 25 12 28 27 26 47 13 14 52 11 51 33 43 10 9 8 41 19 45 32 39 40 38 5 15 4 6 24 48 37 34 35 36 49 1
Knapsack Array = 0 0 1 0 0 0 1 0 0 0 0 0 0 0 0 0 0 1 0 0 0 0 1 0 0 0 0 0 0 0 0 0 1 0 0 1 0 0 0 0 0 0 0 0 0 0 0 1 0 0 0 
Picked Items (item,city) = (3 , 4) (7 , 8) (18 , 19) (23 , 24) (33 , 34) (36 , 37) (48 , 49) 

Travel Time: 8095.0732441599384401; Profit: 5537; TSP Distance : 7815.5871000000015556; Weight: 1279 / 2245; 0000000
TSP Tour = 1 22 31 18 3 17 21 42 7 2 30 23 20 50 29 16 44 46 25 12 28 27 26 47 13 14 52 11 51 33 43 10 9 8 41 19 45 32 39 40 38 5 15 4 6 24 48 37 34 35 36 49 1
Knapsack Array = 1 0 1 0 0 0 1 0 0 0 0 0 0 0 0 0 0 1 0 0 0 0 1 0 0 0 0 0 0 0 0 0 1 0 0 1 0 0 0 0 0 0 0 0 0 0 0 1 0 0 0 
Picked Items (item,city) = (1 , 2) (3 , 4) (7 , 8) (18 , 19) (23 , 24) (33 , 34) (36 , 37) (48 , 49) 

Travel Time: 8227.7592821579873998; Profit: 5641; TSP Distance : 7887.4674000000004526; Weight: 1478 / 2245; 0000000
TSP Tour = 1 31 18 3 17 21 42 7 2 30 23 20 50 29 16 44 46 25 12 28 27 26 47 13 14 52 11 51 33 43 10 9 8 41 19 45 32 39 40 38 5 15 4 6 24 48 37 34 35 36 49 22 1
Knapsack Array = 0 0 1 0 0 0 1 0 0 0 0 0 0 0 0 0 0 0 0 0 1 0 1 0 0 0 0 0 0 0 0 0 1 0 0 1 0 0 0 0 0 0 0 0 0 0 0 1 0 0 0 
Picked Items (item,city) = (3 , 4) (7 , 8) (21 , 22) (23 , 24) (33 , 34) (36 , 37) (48 , 49) 

Travel Time: 8230.7953626661947055; Profit: 5760; TSP Distance : 7887.4674000000004526; Weight: 1479 / 2245; 0000000
TSP Tour = 1 31 18 3 17 21 42 7 2 30 23 20 50 29 16 44 46 25 12 28 27 26 47 13 14 52 11 51 33 43 10 9 8 41 19 45 32 39 40 38 5 15 4 6 24 48 37 34 35 36 49 22 1
Knapsack Array = 1 0 1 0 0 0 1 0 0 0 0 0 0 0 0 0 0 0 0 0 1 0 1 0 0 0 0 0 0 0 0 0 1 0 0 1 0 0 0 0 0 0 0 0 0 0 0 1 0 0 0 
Picked Items (item,city) = (1 , 2) (3 , 4) (7 , 8) (21 , 22) (23 , 24) (33 , 34) (36 , 37) (48 , 49) 

Travel Time: 8267.9790281840105308; Profit: 6068; TSP Distance : 7887.4674000000004526; Weight: 1525 / 2245; 0000000
TSP Tour = 1 31 18 3 17 21 42 7 2 30 23 20 50 29 16 44 46 25 12 28 27 26 47 13 14 52 11 51 33 43 10 9 8 41 19 45 32 39 40 38 5 15 4 6 24 48 37 34 35 36 49 22 1
Knapsack Array = 0 0 1 0 0 0 1 0 0 0 0 0 0 0 0 0 0 1 0 0 1 0 1 0 0 0 0 0 0 0 0 0 1 0 0 1 0 0 0 0 0 0 0 0 0 0 0 1 0 0 0 
Picked Items (item,city) = (3 , 4) (7 , 8) (18 , 19) (21 , 22) (23 , 24) (33 , 34) (36 , 37) (48 , 49) 

Travel Time: 8271.0650502145945211; Profit: 6187; TSP Distance : 7887.4674000000004526; Weight: 1526 / 2245; 0000000
TSP Tour = 1 31 18 3 17 21 42 7 2 30 23 20 50 29 16 44 46 25 12 28 27 26 47 13 14 52 11 51 33 43 10 9 8 41 19 45 32 39 40 38 5 15 4 6 24 48 37 34 35 36 49 22 1
Knapsack Array = 1 0 1 0 0 0 1 0 0 0 0 0 0 0 0 0 0 1 0 0 1 0 1 0 0 0 0 0 0 0 0 0 1 0 0 1 0 0 0 0 0 0 0 0 0 0 0 1 0 0 0 
Picked Items (item,city) = (1 , 2) (3 , 4) (7 , 8) (18 , 19) (21 , 22) (23 , 24) (33 , 34) (36 , 37) (48 , 49) 

Travel Time: 8457.3333011168906523; Profit: 6407; TSP Distance : 7815.5871000000015556; Weight: 1482 / 2245; 0000000
TSP Tour = 1 22 31 18 3 17 21 42 7 2 30 23 20 50 29 16 44 46 25 12 28 27 26 47 13 14 52 11 51 33 43 10 9 8 41 19 45 32 39 40 38 5 15 4 6 24 48 37 34 35 36 49 1
Knapsack Array = 0 0 1 0 0 0 1 0 0 0 0 0 0 0 0 0 0 1 0 0 0 0 1 0 0 0 0 0 0 0 0 0 1 0 0 1 0 0 0 0 0 0 0 0 0 0 0 1 0 0 1 
Picked Items (item,city) = (3 , 4) (7 , 8) (18 , 19) (23 , 24) (33 , 34) (36 , 37) (48 , 49) (51 , 52) 

Travel Time: 8460.6097512535943679; Profit: 6526; TSP Distance : 7815.5871000000015556; Weight: 1483 / 2245; 0000000
TSP Tour = 1 22 31 18 3 17 21 42 7 2 30 23 20 50 29 16 44 46 25 12 28 27 26 47 13 14 52 11 51 33 43 10 9 8 41 19 45 32 39 40 38 5 15 4 6 24 48 37 34 35 36 49 1
Knapsack Array = 1 0 1 0 0 0 1 0 0 0 0 0 0 0 0 0 0 1 0 0 0 0 1 0 0 0 0 0 0 0 0 0 1 0 0 1 0 0 0 0 0 0 0 0 0 0 0 1 0 0 1 
Picked Items (item,city) = (1 , 2) (3 , 4) (7 , 8) (18 , 19) (23 , 24) (33 , 34) (36 , 37) (48 , 49) (51 , 52) 

Travel Time: 8624.0286033493975992; Profit: 6630; TSP Distance : 7887.4674000000004526; Weight: 1682 / 2245; 0000000
TSP Tour = 1 31 18 3 17 21 42 7 2 30 23 20 50 29 16 44 46 25 12 28 27 26 47 13 14 52 11 51 33 43 10 9 8 41 19 45 32 39 40 38 5 15 4 6 24 48 37 34 35 36 49 22 1
Knapsack Array = 0 0 1 0 0 0 1 0 0 0 0 0 0 0 0 0 0 0 0 0 1 0 1 0 0 0 0 0 0 0 0 0 1 0 0 1 0 0 0 0 0 0 0 0 0 0 0 1 0 0 1 
Picked Items (item,city) = (3 , 4) (7 , 8) (21 , 22) (23 , 24) (33 , 34) (36 , 37) (48 , 49) (51 , 52) 

Travel Time: 8627.494544041575864; Profit: 6749; TSP Distance : 7887.4674000000004526; Weight: 1683 / 2245; 0000000
TSP Tour = 1 31 18 3 17 21 42 7 2 30 23 20 50 29 16 44 46 25 12 28 27 26 47 13 14 52 11 51 33 43 10 9 8 41 19 45 32 39 40 38 5 15 4 6 24 48 37 34 35 36 49 22 1
Knapsack Array = 1 0 1 0 0 0 1 0 0 0 0 0 0 0 0 0 0 0 0 0 1 0 1 0 0 0 0 0 0 0 0 0 1 0 0 1 0 0 0 0 0 0 0 0 0 0 0 1 0 0 1 
Picked Items (item,city) = (1 , 2) (3 , 4) (7 , 8) (21 , 22) (23 , 24) (33 , 34) (36 , 37) (48 , 49) (51 , 52) 

Travel Time: 8677.1221535637323541; Profit: 7057; TSP Distance : 7887.4674000000004526; Weight: 1729 / 2245; 0000000
TSP Tour = 1 31 18 3 17 21 42 7 2 30 23 20 50 29 16 44 46 25 12 28 27 26 47 13 14 52 11 51 33 43 10 9 8 41 19 45 32 39 40 38 5 15 4 6 24 48 37 34 35 36 49 22 1
Knapsack Array = 0 0 1 0 0 0 1 0 0 0 0 0 0 0 0 0 0 1 0 0 1 0 1 0 0 0 0 0 0 0 0 0 1 0 0 1 0 0 0 0 0 0 0 0 0 0 0 1 0 0 1 
Picked Items (item,city) = (3 , 4) (7 , 8) (18 , 19) (21 , 22) (23 , 24) (33 , 34) (36 , 37) (48 , 49) (51 , 52) 

Travel Time: 8680.6679763893625932; Profit: 7176; TSP Distance : 7887.4674000000004526; Weight: 1730 / 2245; 0000000
TSP Tour = 1 31 18 3 17 21 42 7 2 30 23 20 50 29 16 44 46 25 12 28 27 26 47 13 14 52 11 51 33 43 10 9 8 41 19 45 32 39 40 38 5 15 4 6 24 48 37 34 35 36 49 22 1
Knapsack Array = 1 0 1 0 0 0 1 0 0 0 0 0 0 0 0 0 0 1 0 0 1 0 1 0 0 0 0 0 0 0 0 0 1 0 0 1 0 0 0 0 0 0 0 0 0 0 0 1 0 0 1 
Picked Items (item,city) = (1 , 2) (3 , 4) (7 , 8) (18 , 19) (21 , 22) (23 , 24) (33 , 34) (36 , 37) (48 , 49) (51 , 52) 

Travel Time: 9310.1353284115630231; Profit: 7719; TSP Distance : 7896.569100000000617; Weight: 2008 / 2245; 0000000
TSP Tour = 1 31 18 3 17 21 42 7 2 30 23 20 50 29 16 44 46 48 5 15 38 40 39 32 45 19 41 8 9 10 43 33 51 11 52 14 13 47 26 27 28 12 25 4 6 24 37 34 35 36 49 22 1
Knapsack Array = 1 0 1 0 0 0 1 0 0 0 0 1 0 0 0 0 0 0 0 0 1 0 1 0 0 0 0 0 0 0 0 0 1 0 0 1 0 0 0 0 0 0 0 0 0 0 0 1 0 0 1 
Picked Items (item,city) = (1 , 2) (3 , 4) (7 , 8) (12 , 13) (21 , 22) (23 , 24) (33 , 34) (36 , 37) (48 , 49) (51 , 52) 

Travel Time: 9487.144427556775554; Profit: 8027; TSP Distance : 7896.569100000000617; Weight: 2054 / 2245; 0000000
TSP Tour = 1 31 18 3 17 21 42 7 2 30 23 20 50 29 16 44 46 48 5 15 38 40 39 32 45 19 41 8 9 10 43 33 51 11 52 14 13 47 26 27 28 12 25 4 6 24 37 34 35 36 49 22 1
Knapsack Array = 0 0 1 0 0 0 1 0 0 0 0 1 0 0 0 0 0 1 0 0 1 0 1 0 0 0 0 0 0 0 0 0 1 0 0 1 0 0 0 0 0 0 0 0 0 0 0 1 0 0 1 
Picked Items (item,city) = (3 , 4) (7 , 8) (12 , 13) (18 , 19) (21 , 22) (23 , 24) (33 , 34) (36 , 37) (48 , 49) (51 , 52) 

Travel Time: 9492.0034289725790586; Profit: 8146; TSP Distance : 7896.569100000000617; Weight: 2055 / 2245; 0000000
TSP Tour = 1 31 18 3 17 21 42 7 2 30 23 20 50 29 16 44 46 48 5 15 38 40 39 32 45 19 41 8 9 10 43 33 51 11 52 14 13 47 26 27 28 12 25 4 6 24 37 34 35 36 49 22 1
Knapsack Array = 1 0 1 0 0 0 1 0 0 0 0 1 0 0 0 0 0 1 0 0 1 0 1 0 0 0 0 0 0 0 0 0 1 0 0 1 0 0 0 0 0 0 0 0 0 0 0 1 0 0 1 
Picked Items (item,city) = (1 , 2) (3 , 4) (7 , 8) (12 , 13) (18 , 19) (21 , 22) (23 , 24) (33 , 34) (36 , 37) (48 , 49) (51 , 52) 

Travel Time: 10101.402459363884191; Profit: 8358; TSP Distance : 7896.569100000000617; Weight: 2177 / 2245; 0000000
TSP Tour = 1 31 18 3 17 21 42 7 2 30 23 20 50 29 16 44 46 48 5 15 38 40 39 32 45 19 41 8 9 10 43 33 51 11 52 14 13 47 26 27 28 12 25 4 6 24 37 34 35 36 49 22 1
Knapsack Array = 0 0 1 0 0 0 1 0 0 0 0 1 0 0 1 0 0 1 0 0 1 0 1 0 0 0 0 0 0 0 0 0 1 0 0 1 0 0 0 0 0 0 0 0 0 0 0 1 0 0 1 
Picked Items (item,city) = (3 , 4) (7 , 8) (12 , 13) (15 , 16) (18 , 19) (21 , 22) (23 , 24) (33 , 34) (36 , 37) (48 , 49) (51 , 52) 

Travel Time: 10107.549345828967489; Profit: 8477; TSP Distance : 7896.569100000000617; Weight: 2178 / 2245; 0000000
TSP Tour = 1 31 18 3 17 21 42 7 2 30 23 20 50 29 16 44 46 48 5 15 38 40 39 32 45 19 41 8 9 10 43 33 51 11 52 14 13 47 26 27 28 12 25 4 6 24 37 34 35 36 49 22 1
Knapsack Array = 1 0 1 0 0 0 1 0 0 0 0 1 0 0 1 0 0 1 0 0 1 0 1 0 0 0 0 0 0 0 0 0 1 0 0 1 0 0 0 0 0 0 0 0 0 0 0 1 0 0 1 
Picked Items (item,city) = (1 , 2) (3 , 4) (7 , 8) (12 , 13) (15 , 16) (18 , 19) (21 , 22) (23 , 24) (33 , 34) (36 , 37) (48 , 49) (51 , 52) 

Travel Time: 7869.3152403358617448; Profit: 3697; TSP Distance : 7544.3659000000006927; Weight: 1066 / 2245; 0000000
TSP Tour = 1 49 32 45 19 41 8 9 10 43 33 51 11 52 14 13 47 26 27 28 12 25 4 6 15 5 24 48 38 37 40 39 36 35 34 44 46 16 29 50 20 23 30 2 7 42 21 17 3 18 31 22 1
Knapsack Array = 1 0 0 0 0 0 0 0 0 0 0 0 0 0 0 0 1 0 0 0 1 0 1 0 0 0 0 0 1 1 0 0 0 0 0 1 0 0 0 0 0 0 0 0 0 0 0 0 0 0 0 
Picked Items (item,city) = (1 , 2) (17 , 18) (21 , 22) (23 , 24) (29 , 30) (30 , 31) (36 , 37) 

Travel Time: 8948.7895081894021132; Profit: 7187; TSP Distance : 7823.312500000001819; Weight: 1950 / 2245; 0000000
TSP Tour = 1 23 20 50 29 30 2 7 42 21 17 3 45 19 41 8 9 10 43 33 51 11 52 14 13 47 26 27 28 12 25 4 6 15 5 24 48 38 40 39 37 46 16 44 34 35 36 49 32 18 31 22 1
Knapsack Array = 1 0 0 0 0 0 0 0 0 0 0 0 0 0 1 0 1 1 0 0 1 0 1 0 0 0 0 0 0 1 0 0 1 0 0 1 0 0 0 0 0 0 0 0 0 0 0 1 0 0 1 
Picked Items (item,city) = (1 , 2) (15 , 16) (17 , 18) (18 , 19) (21 , 22) (23 , 24) (30 , 31) (33 , 34) (36 , 37) (48 , 49) (51 , 52) 

Travel Time: 9435.0633510781735822; Profit: 7917; TSP Distance : 7823.312500000001819; Weight: 2072 / 2245; 0000000
TSP Tour = 1 23 20 50 29 30 2 7 42 21 17 3 45 19 41 8 9 10 43 33 51 11 52 14 13 47 26 27 28 12 25 4 6 15 5 24 48 38 40 39 37 46 16 44 34 35 36 49 32 18 31 22 1
Knapsack Array = 1 0 0 0 0 0 1 0 0 0 0 0 0 0 1 0 1 1 0 0 1 0 1 0 0 0 0 0 0 1 0 0 1 0 0 1 0 0 0 0 0 0 0 0 0 0 0 1 0 0 1 
Picked Items (item,city) = (1 , 2) (7 , 8) (15 , 16) (17 , 18) (18 , 19) (21 , 22) (23 , 24) (30 , 31) (33 , 34) (36 , 37) (48 , 49) (51 , 52) 

Travel Time: 7868.9066115382220232; Profit: 3691; TSP Distance : 7716.6906000000008135; Weight: 789 / 2245; 0000000
TSP Tour = 1 44 46 16 29 50 20 23 30 2 7 42 21 17 3 18 31 22 32 45 19 41 8 9 10 43 33 51 11 52 14 13 47 26 27 28 12 25 4 6 15 5 24 48 38 37 40 39 34 35 36 49 1
Knapsack Array = 0 0 0 0 0 0 0 0 0 0 0 0 0 0 0 0 0 1 0 0 0 0 1 0 0 0 0 0 0 0 0 0 1 0 0 1 0 0 0 0 0 0 0 0 0 0 0 1 0 0 0 
Picked Items (item,city) = (18 , 19) (23 , 24) (33 , 34) (36 , 37) (48 , 49) 

Travel Time: 7871.5174230261973207; Profit: 3810; TSP Distance : 7716.6906000000008135; Weight: 790 / 2245; 0000000
TSP Tour = 1 44 46 16 29 50 20 23 30 2 7 42 21 17 3 18 31 22 32 45 19 41 8 9 10 43 33 51 11 52 14 13 47 26 27 28 12 25 4 6 15 5 24 48 38 37 40 39 34 35 36 49 1
Knapsack Array = 1 0 0 0 0 0 0 0 0 0 0 0 0 0 0 0 0 1 0 0 0 0 1 0 0 0 0 0 0 0 0 0 1 0 0 1 0 0 0 0 0 0 0 0 0 0 0 1 0 0 0 
Picked Items (item,city) = (1 , 2) (18 , 19) (23 , 24) (33 , 34) (36 , 37) (48 , 49) 

Travel Time: 7906.5854684236983303; Profit: 4261; TSP Distance : 7716.6906000000008135; Weight: 1109 / 2245; 0000000
TSP Tour = 1 44 46 16 29 50 20 23 30 2 7 42 21 17 3 18 31 22 32 45 19 41 8 9 10 43 33 51 11 52 14 13 47 26 27 28 12 25 4 6 15 5 24 48 38 37 40 39 34 35 36 49 1
Knapsack Array = 0 0 1 0 0 0 0 0 0 0 0 0 0 0 0 0 0 0 0 0 0 0 1 0 0 0 0 0 0 0 0 0 1 0 0 1 0 0 0 0 0 0 0 0 0 0 0 1 0 0 0 
Picked Items (item,city) = (3 , 4) (23 , 24) (33 , 34) (36 , 37) (48 , 49) 

Travel Time: 7909.2506224166045286; Profit: 4380; TSP Distance : 7716.6906000000017229; Weight: 1110 / 2245; 0000000
TSP Tour = 1 44 46 16 29 50 20 23 30 2 7 42 21 17 3 18 31 22 32 45 19 41 8 9 10 43 33 51 11 52 14 13 47 26 27 28 12 25 4 6 15 5 24 48 38 37 40 39 34 35 36 49 1
Knapsack Array = 1 0 1 0 0 0 0 0 0 0 0 0 0 0 0 0 0 0 0 0 0 0 1 0 0 0 0 0 0 0 0 0 1 0 0 1 0 0 0 0 0 0 0 0 0 0 0 1 0 0 0 
Picked Items (item,city) = (1 , 2) (3 , 4) (23 , 24) (33 , 34) (36 , 37) (48 , 49) 

Travel Time: 11215.222500997499083; Profit: 8506; TSP Distance : 8102.4884000000010928; Weight: 2235 / 2245; 0000000
TSP Tour = 1 22 31 3 17 21 42 7 2 30 23 20 50 29 16 46 44 35 36 32 45 19 41 8 9 10 43 33 51 11 52 14 13 47 26 27 28 12 25 4 6 15 5 24 48 38 37 40 39 34 18 49 1
Knapsack Array = 0 0 1 0 0 0 1 0 0 0 0 1 0 0 1 0 1 1 0 0 0 0 1 0 0 0 0 0 0 0 0 0 1 0 0 1 0 0 0 0 0 0 0 0 0 0 0 1 0 0 1 
Picked Items (item,city) = (3 , 4) (7 , 8) (12 , 13) (15 , 16) (17 , 18) (18 , 19) (23 , 24) (33 , 34) (36 , 37) (48 , 49) (51 , 52) 

Travel Time: 11223.707437052764362; Profit: 8625; TSP Distance : 8102.4884000000010928; Weight: 2236 / 2245; 0000000
TSP Tour = 1 22 31 3 17 21 42 7 2 30 23 20 50 29 16 46 44 35 36 32 45 19 41 8 9 10 43 33 51 11 52 14 13 47 26 27 28 12 25 4 6 15 5 24 48 38 37 40 39 34 18 49 1
Knapsack Array = 1 0 1 0 0 0 1 0 0 0 0 1 0 0 1 0 1 1 0 0 0 0 1 0 0 0 0 0 0 0 0 0 1 0 0 1 0 0 0 0 0 0 0 0 0 0 0 1 0 0 1 
Picked Items (item,city) = (1 , 2) (3 , 4) (7 , 8) (12 , 13) (15 , 16) (17 , 18) (18 , 19) (23 , 24) (33 , 34) (36 , 37) (48 , 49) (51 , 52) 

Travel Time: 7631.3233106687503096; Profit: 2232; TSP Distance : 7544.3659000000006927; Weight: 1170 / 2245; 0000000
TSP Tour = 1 22 31 18 3 17 21 42 7 2 30 23 20 50 29 16 46 44 34 35 36 39 40 37 38 48 24 5 15 6 4 25 12 28 27 26 47 13 14 52 11 51 33 43 10 9 8 41 19 45 32 49 1
Knapsack Array = 1 0 0 0 0 0 0 0 0 0 0 0 0 0 0 0 0 1 0 0 0 0 0 0 0 0 0 0 0 0 1 0 0 0 0 0 0 0 0 0 0 0 0 0 0 0 0 1 0 0 0 
Picked Items (item,city) = (1 , 2) (18 , 19) (31 , 32) (48 , 49) 

Travel Time: 7666.7402376941836337; Profit: 2843; TSP Distance : 7544.3659000000006927; Weight: 1291 / 2245; 0000000
TSP Tour = 1 22 31 18 3 17 21 42 7 2 30 23 20 50 29 16 46 44 34 35 36 39 40 37 38 48 24 5 15 6 4 25 12 28 27 26 47 13 14 52 11 51 33 43 10 9 8 41 19 45 32 49 1
Knapsack Array = 0 0 0 0 0 0 1 0 0 0 0 0 0 0 0 0 0 1 0 0 0 0 0 0 0 0 0 0 0 0 1 0 0 0 0 0 0 0 0 0 0 0 0 0 0 0 0 1 0 0 0 
Picked Items (item,city) = (7 , 8) (18 , 19) (31 , 32) (48 , 49) 

Travel Time: 7669.4011906108789844; Profit: 2962; TSP Distance : 7544.3659000000006927; Weight: 1292 / 2245; 0000000
TSP Tour = 1 22 31 18 3 17 21 42 7 2 30 23 20 50 29 16 46 44 34 35 36 39 40 37 38 48 24 5 15 6 4 25 12 28 27 26 47 13 14 52 11 51 33 43 10 9 8 41 19 45 32 49 1
Knapsack Array = 1 0 0 0 0 0 1 0 0 0 0 0 0 0 0 0 0 1 0 0 0 0 0 0 0 0 0 0 0 0 1 0 0 0 0 0 0 0 0 0 0 0 0 0 0 0 0 1 0 0 0 
Picked Items (item,city) = (1 , 2) (7 , 8) (18 , 19) (31 , 32) (48 , 49) 

Travel Time: 7717.3153399918192008; Profit: 3000; TSP Distance : 7544.3659000000006927; Weight: 1275 / 2245; 0000000
TSP Tour = 1 22 31 18 3 17 21 42 7 2 30 23 20 50 29 16 46 44 34 35 36 39 40 37 38 48 24 5 15 6 4 25 12 28 27 26 47 13 14 52 11 51 33 43 10 9 8 41 19 45 32 49 1
Knapsack Array = 0 0 0 0 0 0 1 0 0 0 0 0 0 0 0 0 0 0 0 0 0 0 0 0 0 0 0 0 0 0 1 0 0 0 0 1 0 0 0 0 0 0 0 0 0 0 0 1 0 0 0 
Picked Items (item,city) = (7 , 8) (31 , 32) (36 , 37) (48 , 49) 

Travel Time: 7720.0152926474020205; Profit: 3119; TSP Distance : 7544.3659000000016022; Weight: 1276 / 2245; 0000000
TSP Tour = 1 22 31 18 3 17 21 42 7 2 30 23 20 50 29 16 46 44 34 35 36 39 40 37 38 48 24 5 15 6 4 25 12 28 27 26 47 13 14 52 11 51 33 43 10 9 8 41 19 45 32 49 1
Knapsack Array = 1 0 0 0 0 0 1 0 0 0 0 0 0 0 0 0 0 0 0 0 0 0 0 0 0 0 0 0 0 0 1 0 0 0 0 1 0 0 0 0 0 0 0 0 0 0 0 1 0 0 0 
Picked Items (item,city) = (1 , 2) (7 , 8) (31 , 32) (36 , 37) (48 , 49) 

Travel Time: 7729.8930163629611343; Profit: 3427; TSP Distance : 7544.3659000000006927; Weight: 1322 / 2245; 0000000
TSP Tour = 1 22 31 18 3 17 21 42 7 2 30 23 20 50 29 16 46 44 34 35 36 39 40 37 38 48 24 5 15 6 4 25 12 28 27 26 47 13 14 52 11 51 33 43 10 9 8 41 19 45 32 49 1
Knapsack Array = 0 0 0 0 0 0 1 0 0 0 0 0 0 0 0 0 0 1 0 0 0 0 0 0 0 0 0 0 0 0 1 0 0 0 0 1 0 0 0 0 0 0 0 0 0 0 0 1 0 0 0 
Picked Items (item,city) = (7 , 8) (18 , 19) (31 , 32) (36 , 37) (48 , 49) 

Travel Time: 7732.6090804932264291; Profit: 3546; TSP Distance : 7544.3659000000006927; Weight: 1323 / 2245; 0000000
TSP Tour = 1 22 31 18 3 17 21 42 7 2 30 23 20 50 29 16 46 44 34 35 36 39 40 37 38 48 24 5 15 6 4 25 12 28 27 26 47 13 14 52 11 51 33 43 10 9 8 41 19 45 32 49 1
Knapsack Array = 1 0 0 0 0 0 1 0 0 0 0 0 0 0 0 0 0 1 0 0 0 0 0 0 0 0 0 0 0 0 1 0 0 0 0 1 0 0 0 0 0 0 0 0 0 0 0 1 0 0 0 
Picked Items (item,city) = (1 , 2) (7 , 8) (18 , 19) (31 , 32) (36 , 37) (48 , 49) 

Travel Time: 7944.1728518237505341; Profit: 4384; TSP Distance : 7544.3659000000016022; Weight: 1423 / 2245; 0000000
TSP Tour = 1 22 31 18 3 17 21 42 7 2 30 23 20 50 29 16 46 44 34 35 36 39 40 37 38 48 24 5 15 6 4 25 12 28 27 26 47 13 14 52 11 51 33 43 10 9 8 41 19 45 32 49 1
Knapsack Array = 1 0 0 0 0 0 1 0 0 0 0 0 0 0 0 0 0 1 0 0 0 0 1 0 0 0 0 0 0 0 1 0 0 0 0 1 0 0 0 0 0 0 0 0 0 0 0 1 0 0 0 
Picked Items (item,city) = (1 , 2) (7 , 8) (18 , 19) (23 , 24) (31 , 32) (36 , 37) (48 , 49) 


Pareto (Travel Time; Profit; IsValid)

7544.3659000000006927 ; 0; 0000000
7544.8658920903726539 ; 119; 0000000
7549.4321573342576812 ; 650; 0000000
7549.9364373936923585 ; 769; 0000000
7555.553183595835435 ; 867; 0000000
7558.0886316071409965 ; 986; 0000000
7562.5622444457840174 ; 1294; 0000000
7565.1036134653404588 ; 1413; 0000000
7582.3677681566359752 ; 1597; 0000000
7584.9259623152320273 ; 1716; 0000000
7590.1589570757978436 ; 2024; 0000000
7592.724096944075427 ; 2143; 0000000
7611.2641168056798051 ; 2176; 0000000
7644.8493288753033994 ; 2300; 0000000
7648.7711039803634776 ; 2641; 0000000
7649.3490556494125485 ; 2760; 0000000
7783.8346546094744554 ; 3598; 0000000
7826.0341124536398638 ; 3627; 0000000
7956.276222166819025 ; 4454; 0000000
7958.9769815401105006 ; 4573; 0000000
8050.0231440864708929 ; 4911; 0000000
8052.8114161603998582 ; 5030; 0000000
8248.9878150564127282 ; 5867; 0000000
8578.2097706016520533 ; 6597; 0000000
8632.2872610228387202 ; 6856; 0000000
8999.6430685203013127 ; 7244; 0000000
9010.4241967910893436 ; 7289; 0000000
9028.3470361050967767 ; 7467; 0000000
9032.4505913902139582 ; 7586; 0000000
9167.0167629555689928 ; 7594; 0000000
9178.8140173385181697 ; 7597; 0000000
9183.0830247937628883 ; 7716; 0000000
9352.6746515267950599 ; 7734; 0000000
9358.2722551819224464 ; 7853; 0000000
9456.2234379841447662 ; 7974; 0000000
10077.051042777875409 ; 8259; 0000000
7872.3856205540751034 ; 3914; 0000000
7874.9988364534619905 ; 4033; 0000000
8003.1383037572622925 ; 4688; 0000000
8005.9589110734323185 ; 4807; 0000000
8062.5845290881707115 ; 5110; 0000000
8092.1601617072674344 ; 5418; 0000000
8095.0732441599384401 ; 5537; 0000000
8227.7592821579873998 ; 5641; 0000000
8230.7953626661947055 ; 5760; 0000000
8267.9790281840105308 ; 6068; 0000000
8271.0650502145945211 ; 6187; 0000000
8457.3333011168906523 ; 6407; 0000000
8460.6097512535943679 ; 6526; 0000000
8624.0286033493975992 ; 6630; 0000000
8627.494544041575864 ; 6749; 0000000
8677.1221535637323541 ; 7057; 0000000
8680.6679763893625932 ; 7176; 0000000
9310.1353284115630231 ; 7719; 0000000
9487.144427556775554 ; 8027; 0000000
9492.0034289725790586 ; 8146; 0000000
10101.402459363884191 ; 8358; 0000000
10107.549345828967489 ; 8477; 0000000
7869.3152403358617448 ; 3697; 0000000
8948.7895081894021132 ; 7187; 0000000
9435.0633510781735822 ; 7917; 0000000
7868.9066115382220232 ; 3691; 0000000
7871.5174230261973207 ; 3810; 0000000
7906.5854684236983303 ; 4261; 0000000
7909.2506224166045286 ; 4380; 0000000
11215.222500997499083 ; 8506; 0000000
11223.707437052764362 ; 8625; 0000000
7631.3233106687503096 ; 2232; 0000000
7666.7402376941836337 ; 2843; 0000000
7669.4011906108789844 ; 2962; 0000000
7717.3153399918192008 ; 3000; 0000000
7720.0152926474020205 ; 3119; 0000000
7729.8930163629611343 ; 3427; 0000000
7732.6090804932264291 ; 3546; 0000000
7944.1728518237505341 ; 4384; 0000000
