Pareto (Travel Time; Profit; IsValid)

2587.9341902084788671 ; 757; 0000000
2606.9464000336888603 ; 21199; 0000000
2634.2255902603014874 ; 36194; 0000000
2590.1411778153337764 ; 5161; 0000000
6171.4553607712005032 ; 238422; 0000000
5982.2743090409776414 ; 237383; 0000000
6375.1517325110526144 ; 239390; 0000000
6081.6572434606441675 ; 238075; 0000000
6060.9108116381721629 ; 237940; 0000000
2587.9299300000002404 ; 0; 0000000
6319.0271760555597211 ; 238925; 0000000
2595.0844647726398762 ; 10355; 0000000
6200.6097283338258421 ; 238463; 0000000
6260.025941600162696 ; 238816; 0000000
6319.6298245411071548 ; 239264; 0000000
6382.6815028159207941 ; 239617; 0000000
5758.0369521906313821 ; 236407; 0000000
5549.138086117198327 ; 236146; 0000000
5855.3222338231207686 ; 237144; 0000000
4397.9838034036501995 ; 215926; 0000000
3485.8741790632561788 ; 171447; 0000000
3527.1885650718763827 ; 175639; 0000000
4256.6537759796028695 ; 210416; 0000000
4673.0376683149042947 ; 223961; 0000000
3792.1709049143555603 ; 190968; 0000000
4076.7132190128199909 ; 203314; 0000000
5163.2269669453971801 ; 232637; 0000000
3270.9974240659130373 ; 154126; 0000000
3566.2791836649516881 ; 178464; 0000000
4011.1157366667398492 ; 200939; 0000000
4488.976333142499243 ; 218300; 0000000
4735.1279199729397078 ; 225447; 0000000
3619.0883271392194729 ; 180845; 0000000
3748.3288358753206921 ; 188325; 0000000
3712.745033704123216 ; 185365; 0000000
5375.806135387066206 ; 234898; 0000000
4613.9959047765487412 ; 221609; 0000000
3653.2031995508446016 ; 183674; 0000000
3232.6511441063544225 ; 150968; 0000000
3849.220118406763504 ; 193335; 0000000
2929.2027224270273109 ; 109746; 0000000
3198.3862152216238428 ; 148541; 0000000
4123.4152563220222873 ; 205194; 0000000
3431.6249452490105796 ; 168867; 0000000
2999.5114446604475233 ; 122596; 0000000
5239.43252395790023 ; 233912; 0000000
2877.1037483746958969 ; 100327; 0000000
2970.2652771802790994 ; 118261; 0000000
4311.465200630176696 ; 212285; 0000000
4949.3072731017027763 ; 229075; 0000000
5288.1038645771386655 ; 234458; 0000000
5443.0846911291364449 ; 235409; 0000000
4357.7170377992815702 ; 213644; 0000000
4799.6043515937226402 ; 226786; 0000000
3373.3106883432083123 ; 164240; 0000000
5096.2056813487097315 ; 231545; 0000000
3192.2464110440314471 ; 143819; 0000000
3105.0198477672893205 ; 134652; 0000000
4186.3229182703280458 ; 208322; 0000000
4570.4471552336144669 ; 219948; 0000000
3411.5094192391807155 ; 166491; 0000000
5003.3359306025649857 ; 230436; 0000000
4890.2787206116126981 ; 227983; 0000000
2946.300940243342211 ; 113231; 0000000
2894.5350886182009162 ; 103787; 0000000
3167.2302753539165678 ; 141788; 0000000
5509.5051763809451586 ; 235779; 0000000
4161.9671661128395499 ; 207716; 0000000
3910.4338137821400778 ; 196070; 0000000
5053.8847988637244271 ; 230555; 0000000
4846.5787957755355819 ; 227523; 0000000
3962.5748403634961505 ; 199459; 0000000
4525.4304689347800377 ; 218700; 0000000
3336.4884977079877899 ; 160087; 0000000
3949.0216891489112641 ; 198108; 0000000
2957.5450283739569386 ; 115779; 0000000
3896.1987766669253688 ; 194503; 0000000
6052.9525841301920082 ; 237588; 0000000
3347.0975180424170503 ; 161574; 0000000
2589.8052886301588842 ; 4619; 0000000
2596.8856799272248281 ; 12252; 0000000
2589.7433553021883199 ; 3862; 0000000
6234.1921807888447802 ; 238804; 0000000
6147.9377460044433974 ; 238311; 0000000
2610.801865430003545 ; 21513; 0000000
3123.405200734297523 ; 135171; 0000000
2862.5699091662877436 ; 97880; 0000000
3190.4942920984472039 ; 142012; 0000000
6031.6666103575798843 ; 237548; 0000000
2690.6981262107992734 ; 58169; 0000000
2942.9190068261914348 ; 111060; 0000000
2670.9144744274221921 ; 49789; 0000000
2796.9787642698543095 ; 84025; 0000000
2730.2291618721583291 ; 67467; 0000000
2889.6044067477114368 ; 102664; 0000000
2915.8149113935551213 ; 108000; 0000000
2775.2910001952209313 ; 79269; 0000000
2752.039859017391791 ; 75629; 0000000
3135.8429357357426852 ; 137941; 0000000
2659.5303197934508717 ; 47631; 0000000
2616.7938670783555608 ; 26781; 0000000
2644.0466941741342453 ; 40092; 0000000
2701.6183420648749234 ; 59130; 0000000
2730.5315822542502247 ; 68830; 0000000
2759.267748466203102 ; 78064; 0000000
2776.3947574141548102 ; 82274; 0000000
2809.0800217142227666 ; 88229; 0000000
2837.0345274200362837 ; 95803; 0000000
2867.0745785355134103 ; 99627; 0000000
3649.1601573553884919 ; 181387; 0000000
6299.5360473645914681 ; 238873; 0000000
2590.323533522406251 ; 5710; 0000000
6335.765361102834504 ; 239331; 0000000
3194.0670000239097135 ; 144939; 0000000
2678.6206184081220272 ; 52489; 0000000
2973.1978673933872415 ; 118409; 0000000
6221.9024278103288452 ; 238524; 0000000
3142.0254444214770047 ; 138313; 0000000
3150.6369623857272018 ; 141448; 0000000
2828.8465157989749059 ; 90383; 0000000
2726.8946071978793952 ; 65712; 0000000
2881.4255196163699111 ; 102057; 0000000
2992.5530226043974835 ; 120480; 0000000
3052.2649162614548004 ; 129152; 0000000
3328.9455837019690989 ; 158318; 0000000
2926.9149557355176512 ; 109569; 0000000
2588.1353767966420492 ; 1114; 0000000
2589.3720766754895521 ; 3204; 0000000
2591.3601171207628795 ; 7753; 0000000
2598.0057776980966082 ; 17162; 0000000
2606.0708047004686705 ; 20413; 0000000
2611.3982601066090865 ; 25311; 0000000
2621.1724323302091761 ; 29928; 0000000
2629.6180569817247488 ; 33298; 0000000
2635.5832069322045754 ; 38077; 0000000
2644.6190991404191664 ; 42991; 0000000
2652.9562786067472189 ; 45470; 0000000
2661.1179288225589517 ; 49411; 0000000
2673.4266532412857487 ; 51697; 0000000
2680.5332038629758244 ; 56143; 0000000
2703.4501236834457814 ; 59964; 0000000
2707.8276938257886286 ; 65119; 0000000
2731.3190758991772782 ; 68940; 0000000
2739.2387225627148837 ; 72267; 0000000
2746.8843529877544825 ; 74485; 0000000
2771.210535223334773 ; 78306; 0000000
2789.8161929848820364 ; 82680; 0000000
2802.3277875591547854 ; 85202; 0000000
2820.1924387119424864 ; 89445; 0000000
2831.1614627907124486 ; 93445; 0000000
2856.1923640210761732 ; 96708; 0000000
2876.1317259615184412 ; 100116; 0000000
2890.4231951674037191 ; 102981; 0000000
2907.2816045091958586 ; 106939; 0000000
2927.8848461790635156 ; 109573; 0000000
2935.0781632330272259 ; 110760; 0000000
2955.0039594840745849 ; 114558; 0000000
3013.6711030455398941 ; 124769; 0000000
3043.8191524307439977 ; 127919; 0000000
3065.8933802550559449 ; 132443; 0000000
3092.6704229243177906 ; 134630; 0000000
3125.1392572753420609 ; 136736; 0000000
3148.7027624478487269 ; 139638; 0000000
3226.8184737556534856 ; 148946; 0000000
3246.6914039538005454 ; 151610; 0000000
3303.0124919412919553 ; 157664; 0000000
3335.1125400933224228 ; 159380; 0000000
3409.278783280089101 ; 166374; 0000000
3449.4260136809493815 ; 169056; 0000000
3490.3354770492051102 ; 172244; 0000000
3521.5847288468949046 ; 174027; 0000000
3694.23868485261346 ; 184259; 0000000
3720.5270877002890302 ; 186309; 0000000
3844.8896283778572069 ; 191103; 0000000
3929.2765152344077251 ; 196509; 0000000
