Pareto (Travel Time; Profit; IsValid)

5955.6495227367176994 ; 232933; 0000000
5727.5419797027725508 ; 232123; 0000000
3534.9773611970840648 ; 167755; 0000000
5641.7734750136578441 ; 231017; 0000000
3238.8944978796430405 ; 141088; 0000000
3956.2342036526770244 ; 191623; 0000000
3477.0404228138645522 ; 164767; 0000000
5548.5490151013527793 ; 230358; 0000000
3906.9150998155928391 ; 188998; 0000000
4105.8960512040048343 ; 198219; 0000000
3066.3266884974241293 ; 122308; 0000000
2969.2472428109290377 ; 105857; 0000000
3449.9384096012336158 ; 161377; 0000000
2622.4004012162340587 ; 18551; 0000000
2947.5826843058384839 ; 101860; 0000000
4314.2176645843119331 ; 205024; 0000000
4740.4771683420522095 ; 217270; 0000000
4694.1798982073823936 ; 215567; 0000000
3199.3462448250811576 ; 138238; 0000000
4361.8408516517311 ; 206770; 0000000
3324.6414860201120973 ; 151432; 0000000
4425.7860477152580643 ; 208704; 0000000
3615.6748298321203947 ; 175484; 0000000
4018.7288348003148712 ; 194297; 0000000
5846.8446655334355455 ; 232197; 0000000
2993.0217223715749242 ; 110140; 0000000
4477.1770867782634014 ; 210089; 0000000
3719.0355079138071233 ; 181411; 0000000
4166.5834903106397178 ; 200332; 0000000
2917.3790298957214873 ; 98310; 0000000
4820.1012300398133448 ; 218737; 0000000
5106.1969659171973035 ; 223794; 0000000
5037.340343317740917 ; 222469; 0000000
4612.9073509923882739 ; 214264; 0000000
3170.3334379064767745 ; 134901; 0000000
4241.2129017197739813 ; 203259; 0000000
3392.4481445512924438 ; 158840; 0000000
4983.2748190636011714 ; 221706; 0000000
4046.6993543083376608 ; 196252; 0000000
4917.8733136009122973 ; 220318; 0000000
4538.291283684762675 ; 211955; 0000000
5481.4911753485312147 ; 229140; 0000000
2715.8184734060946539 ; 52065; 0000000
3040.3687822874144331 ; 118055; 0000000
2896.1302285289984866 ; 95114; 0000000
3296.7521479668339452 ; 147552; 0000000
2883.4692921323076007 ; 91718; 0000000
2823.9226072336200559 ; 81771; 0000000
3145.5652692955759449 ; 132197; 0000000
3367.1629311218516705 ; 153498; 0000000
3668.154867024225041 ; 178677; 0000000
3008.2666257576324824 ; 113422; 0000000
5337.1350751410163866 ; 226881; 0000000
3776.3322115905552891 ; 184604; 0000000
3086.8431186979864833 ; 126366; 0000000
5272.1699515727423204 ; 226570; 0000000
4211.1359477588775917 ; 201849; 0000000
4860.04874098925211 ; 219978; 0000000
5893.2973441534677477 ; 232334; 0000000
5428.2697669736735406 ; 228531; 0000000
5385.5444450386294193 ; 227696; 0000000
3127.0134168571012196 ; 129216; 0000000
3386.4202697803934825 ; 155955; 0000000
3842.7872604613039584 ; 187150; 0000000
5157.7308820255811952 ; 224753; 0000000
2839.3538319525118823 ; 82973; 0000000
4589.0817926558156614 ; 212463; 0000000
3563.6397544916617335 ; 171957; 0000000
3565.2927445809359597 ; 172589; 0000000
3775.5056365250375165 ; 182186; 0000000
3024.5363758529465485 ; 116119; 0000000
3833.0810249645687691 ; 186518; 0000000
3652.0421717875042305 ; 177457; 0000000
5230.3411212367454937 ; 225678; 0000000
3110.1875296625580631 ; 127397; 0000000
2590.2266912971640522 ; 1450; 0000000
4916.8009716329852381 ; 220185; 0000000
5146.4790809777423419 ; 223804; 0000000
5096.8214306939171365 ; 223543; 0000000
5192.6203807686279106 ; 225302; 0000000
5230.1908089690869019 ; 225316; 0000000
6176.3253432673127463 ; 233169; 0000000
6211.2768519476894653 ; 233316; 0000000
2587.9299300000002404 ; 0; 0000000
4534.4926439154878608 ; 210545; 0000000
2625.4848652758159915 ; 19578; 0000000
2595.0826507362899065 ; 9626; 0000000
2606.1086033650640275 ; 13998; 0000000
2629.9688159952902424 ; 23470; 0000000
2712.6524854400654476 ; 49785; 0000000
6316.0838834167980167 ; 234788; 0000000
6377.0576021613705961 ; 235214; 0000000
2628.2433887460892947 ; 22472; 0000000
2635.8292630931796339 ; 25318; 0000000
2645.5500739090139177 ; 30191; 0000000
2708.3214768888033177 ; 49511; 0000000
2764.4434693062380575 ; 65028; 0000000
2775.7207211759487109 ; 68325; 0000000
2877.1972217009247288 ; 88912; 0000000
4011.6520104089909182 ; 191873; 0000000
6182.3586119199599125 ; 233294; 0000000
6252.8790192105434471 ; 233739; 0000000
2649.8750472441274724 ; 31418; 0000000
4973.4283374370634192 ; 220824; 0000000
5083.3722576957943602 ; 222804; 0000000
5374.1042863169604971 ; 227028; 0000000
5410.4944382137036882 ; 227994; 0000000
5468.7965207144570741 ; 228993; 0000000
6129.9098776288665249 ; 232981; 0000000
2720.2052108054817836 ; 56809; 0000000
2779.9367192369609256 ; 71411; 0000000
2688.7103428941318271 ; 46311; 0000000
3115.1929669976289006 ; 128328; 0000000
3275.1681074280154462 ; 145954; 0000000
2818.4639482843663245 ; 79450; 0000000
3468.8045581593837596 ; 161702; 0000000
3505.3884713632673993 ; 165343; 0000000
2625.888811947281738 ; 20196; 0000000
2631.5176881274924199 ; 24908; 0000000
2906.2721870032823972 ; 97568; 0000000
3390.0505340563540813 ; 155976; 0000000
3002.0021127499562681 ; 113207; 0000000
2887.0229842253811512 ; 93202; 0000000
3033.9215210669804037 ; 116298; 0000000
3542.810653566840756 ; 168774; 0000000
2598.1787179601410571 ; 10921; 0000000
3366.1869497790507921 ; 151779; 0000000
2930.9547153649159554 ; 101000; 0000000
2841.4566663235714259 ; 84145; 0000000
2656.2794330069300486 ; 36503; 0000000
2949.2520429697083273 ; 104039; 0000000
2773.6949257406304241 ; 67922; 0000000
2650.4884926259433087 ; 34685; 0000000
3262.4983949248280624 ; 141530; 0000000
2854.4158070555999984 ; 87929; 0000000
2731.1190025124897147 ; 59821; 0000000
2880.1238645218440979 ; 89127; 0000000
3236.1833861387212892 ; 140833; 0000000
2974.2123195232643411 ; 106523; 0000000
2762.1588133503742029 ; 64910; 0000000
2591.6482789267406588 ; 6521; 0000000
2590.7655825325027763 ; 4465; 0000000
2687.3728441310008748 ; 45659; 0000000
3064.6468445820278248 ; 119358; 0000000
2616.2352427080086272 ; 17865; 0000000
2640.3258882988375262 ; 28415; 0000000
2664.5833252032084602 ; 37362; 0000000
2670.4526107923070413 ; 42178; 0000000
2684.341260249651441 ; 42317; 0000000
2689.5462322136372677 ; 47206; 0000000
2714.7149260839423732 ; 51759; 0000000
2741.5166143090250443 ; 63250; 0000000
2789.2351042110444723 ; 72452; 0000000
2802.4919371443643286 ; 76934; 0000000
