Pareto (Travel Time; Profit; IsValid)

7544.3659000000006927 ; 0; 0000000
13247.918556245633226 ; 83440; 0000000
12153.456222255676039 ; 81991; 0000000
12933.543172775394851 ; 83213; 0000000
13591.067735848482698 ; 83902; 0000000
12938.660603237618488 ; 83301; 0000000
12650.845228097681684 ; 82867; 0000000
13147.078073580023556 ; 83351; 0000000
12445.344566119496449 ; 82604; 0000000
13551.604051681237252 ; 83890; 0000000
12286.185328225667035 ; 82325; 0000000
13450.127447334692988 ; 83711; 0000000
12154.262335887582594 ; 82278; 0000000
12580.565025594643885 ; 82762; 0000000
7560.6232329841022874 ; 5801; 0000000
13306.675893234691102 ; 83682; 0000000
13462.698564896976677 ; 83888; 0000000
13933.619610652145639 ; 84409; 0000000
7546.8178118477026146 ; 1770; 0000000
7547.4210173010551443 ; 1818; 0000000
7552.472757288154753 ; 3538; 0000000
7545.3073596332496891 ; 1673; 0000000
7550.2487917193466274 ; 3274; 0000000
7555.570625685097184 ; 4556; 0000000
7560.68154836656322 ; 6282; 0000000
7566.1228757948656494 ; 6733; 0000000
7572.3753800460754064 ; 8472; 0000000
7577.6630084880871436 ; 9733; 0000000
7582.4584529487892723 ; 11342; 0000000
7589.0078360986981352 ; 12616; 0000000
7605.2059557011170909 ; 14902; 0000000
7618.0376957971629963 ; 16452; 0000000
7791.1850816080477671 ; 29734; 0000000
7890.9328264576333822 ; 36432; 0000000
7910.8936769670699505 ; 37657; 0000000
7956.1727110778065253 ; 39824; 0000000
8027.7221936398191247 ; 42226; 0000000
8182.4096063986780791 ; 47958; 0000000
8404.7377339204249438 ; 53743; 0000000
8599.3088855997721112 ; 57655; 0000000
8701.3915079500457068 ; 60029; 0000000
8758.108237959422695 ; 61119; 0000000
8866.9954404558793613 ; 62891; 0000000
11145.884339424464997 ; 79661; 0000000
12047.045828849242753 ; 81933; 0000000
7794.9472968740492433 ; 31675; 0000000
7754.5909684169328102 ; 28848; 0000000
7623.6463621248949494 ; 17252; 0000000
7649.5480701557135035 ; 19695; 0000000
7580.726170101869684 ; 10443; 0000000
7824.356923557115806 ; 33294; 0000000
11037.331329256379831 ; 79365; 0000000
7733.5607725973995912 ; 27209; 0000000
8725.2539288607149501 ; 60466; 0000000
10536.430442214272261 ; 77581; 0000000
7965.2608780813088742 ; 40084; 0000000
12006.987946814326278 ; 81757; 0000000
8796.4836234215181321 ; 61606; 0000000
8125.2624945415782349 ; 46066; 0000000
7857.9537282591336407 ; 34850; 0000000
8090.4114560623474972 ; 44716; 0000000
7908.1826931109180805 ; 37521; 0000000
8052.2471910360673064 ; 43493; 0000000
7610.5858257397576381 ; 15645; 0000000
8413.1497679272124515 ; 53744; 0000000
7682.4468504544893221 ; 23359; 0000000
7661.7888897788170652 ; 21216; 0000000
7573.7780135456268908 ; 8475; 0000000
7569.7143449849318131 ; 7772; 0000000
8001.4447279914966202 ; 41521; 0000000
8164.8948332891613973 ; 47289; 0000000
10340.888909245237301 ; 76611; 0000000
7701.0133331933220688 ; 25038; 0000000
7604.7513820505391777 ; 14393; 0000000
7717.5764588232941605 ; 25632; 0000000
7674.1567762600861897 ; 22313; 0000000
7602.281464989720007 ; 13139; 0000000
8454.6481314472221129 ; 55353; 0000000
8537.5876749013859808 ; 57589; 0000000
10875.889835585994661 ; 79139; 0000000
8779.0002080297617795 ; 61173; 0000000
8362.0312937610178778 ; 53205; 0000000
8853.3512138885580498 ; 62761; 0000000
11641.143862366292524 ; 81266; 0000000
11464.640855358515182 ; 80871; 0000000
8680.9302391640485439 ; 60025; 0000000
11311.248503950273516 ; 80399; 0000000
8614.8905158789475536 ; 58847; 0000000
7754.1983693115444112 ; 28019; 0000000
10731.588841854945713 ; 78596; 0000000
12441.120911037949554 ; 82462; 0000000
8915.3928956356685376 ; 63977; 0000000
11824.243261191955753 ; 81558; 0000000
9564.8189675382272981 ; 71033; 0000000
7808.4380022357863709 ; 32278; 0000000
7673.9168503747077921 ; 21245; 0000000
8182.8481132407387122 ; 48212; 0000000
12806.039196901661853 ; 82869; 0000000
9005.3483949231049337 ; 64981; 0000000
7935.4086974907713739 ; 38834; 0000000
13299.729283104616115 ; 83450; 0000000
10595.832075475998863 ; 78014; 0000000
8155.1917847705371969 ; 46623; 0000000
10193.867749849177926 ; 75822; 0000000
9462.8076615915670118 ; 70112; 0000000
9074.2133283627790661 ; 65908; 0000000
7832.6243894981635094 ; 33969; 0000000
7774.6568480448522678 ; 29684; 0000000
7651.1829695688802531 ; 19930; 0000000
9805.8925560913721711 ; 73318; 0000000
8070.0944047772354679 ; 44540; 0000000
10290.898843255494285 ; 76541; 0000000
10076.100310215972058 ; 75240; 0000000
7876.6921519303414243 ; 36183; 0000000
7600.8083661825812669 ; 12848; 0000000
8277.8309912451732089 ; 51503; 0000000
7793.9014051188569283 ; 30861; 0000000
9984.0286356082142447 ; 74658; 0000000
8091.3080499427778705 ; 45710; 0000000
9660.8857142483102507 ; 71772; 0000000
10491.939657834258469 ; 77426; 0000000
11148.104265515585212 ; 80004; 0000000
8018.138016973667618 ; 42125; 0000000
10385.82126078730289 ; 77152; 0000000
7866.5113420220104672 ; 34953; 0000000
8231.2709997224228573 ; 50231; 0000000
7972.1697250863480804 ; 40408; 0000000
8321.4560702373128152 ; 52349; 0000000
8198.9155184543451469 ; 49643; 0000000
7604.7243522790340648 ; 13795; 0000000
7980.6960074999014978 ; 40902; 0000000
7692.1821105926410382 ; 24217; 0000000
7722.2548649493483026 ; 26467; 0000000
7643.6867586844391553 ; 18346; 0000000
14585.541177244182109 ; 85187; 0000000
14200.917426530730154 ; 84803; 0000000
11364.464727299715378 ; 80538; 0000000
14517.796086818896583 ; 85125; 0000000
11883.92669619843582 ; 81698; 0000000
13679.7004544680658 ; 84288; 0000000
12536.050180603067929 ; 82701; 0000000
12396.410781421151114 ; 82361; 0000000
14060.914276188988879 ; 84458; 0000000
12904.570787329879749 ; 83188; 0000000
12833.634386533689394 ; 83003; 0000000
13612.563817061300142 ; 83930; 0000000
8037.7915554013652581 ; 42619; 0000000
7642.7559442075944389 ; 17761; 0000000
7873.0749139165336601 ; 35075; 0000000
8340.7255607342867734 ; 52590; 0000000
8383.876595777401235 ; 53612; 0000000
8422.072672233767662 ; 54588; 0000000
8489.845108204655844 ; 55930; 0000000
8612.6033143133117846 ; 58412; 0000000
8661.1608049552360171 ; 59328; 0000000
8751.1925362500041956 ; 60912; 0000000
8810.7683037781553139 ; 62260; 0000000
8869.2584244758254499 ; 63282; 0000000
8935.2184651672432665 ; 64072; 0000000
8975.2097793801567605 ; 64853; 0000000
9035.0758592807142122 ; 65564; 0000000
9091.8207510135653138 ; 66463; 0000000
9154.3473578759658267 ; 67174; 0000000
9224.4294310259738268 ; 67965; 0000000
9298.3223412617826398 ; 69061; 0000000
9380.5563224835168512 ; 69732; 0000000
9474.0801497195079719 ; 70907; 0000000
9573.6757822789095371 ; 71620; 0000000
9694.1603728080317524 ; 72429; 0000000
9765.4073336750425369 ; 73017; 0000000
9826.8486519230682461 ; 73719; 0000000
9923.1456313961934939 ; 74333; 0000000
10008.289591784969161 ; 74921; 0000000
8663.4370727264904417 ; 59375; 0000000
12080.358800685780807 ; 81939; 0000000
11657.635927917554 ; 81359; 0000000
10137.632635345011295 ; 75422; 0000000
10231.87979145612735 ; 76153; 0000000
9264.7896880225853238 ; 68136; 0000000
11076.038437600422185 ; 79600; 0000000
10785.577998075195865 ; 78733; 0000000
9434.7272582954010431 ; 69982; 0000000
8793.7772247304601478 ; 61433; 0000000
9892.8942125099147233 ; 74043; 0000000
8852.0253896741105564 ; 62358; 0000000
10619.031349852581116 ; 78124; 0000000
10663.119164835266929 ; 78313; 0000000
14388.983033467295172 ; 84832; 0000000
14513.02717968910838 ; 85016; 0000000
