Pareto (Travel Time; Profit; IsValid)

7544.3659000000006927 ; 0; 0000000
7544.5271323791876057 ; 119; 0000000
7548.4078507507747418 ; 986; 0000000
7550.513020456648519 ; 1569; 0000000
7561.6015486588848944 ; 2845; 0000000
7570.1716647523935535 ; 3536; 0000000
7582.8595400439880905 ; 4044; 0000000
12411.214713763440159 ; 24436; 0000000
12614.567750557040199 ; 24505; 0000000
12421.188306720086985 ; 24484; 0000000
12074.743674975599788 ; 24343; 0000000
11926.425142540058005 ; 24247; 0000000
9419.3825106208732905 ; 21076; 0000000
8881.1834202402278606 ; 19290; 0000000
9152.4075004984770203 ; 20267; 0000000
9289.7457892924594489 ; 20698; 0000000
8687.8557711399171239 ; 18320; 0000000
8792.6686896782721305 ; 18777; 0000000
11791.482980455732104 ; 24138; 0000000
8530.2907744494277722 ; 17333; 0000000
7552.6381534364081745 ; 1996; 0000000
8576.4809354167391575 ; 17590; 0000000
7587.072315200299272 ; 4186; 0000000
9100.59557940313789 ; 20005; 0000000
8611.7810083533731813 ; 17807; 0000000
8393.8417978408233466 ; 16341; 0000000
8328.4280755252129893 ; 15828; 0000000
8355.3591150654992816 ; 16090; 0000000
9010.4440512039273017 ; 19721; 0000000
8423.6198384525869187 ; 16603; 0000000
8291.0642274234414799 ; 15559; 0000000
8288.275195051510309 ; 15301; 0000000
7545.8868223785575537 ; 650; 0000000
7546.0484546674479134 ; 769; 0000000
7548.8318119022242172 ; 1352; 0000000
7565.168697146957129 ; 3117; 0000000
7584.1607262405223082 ; 4108; 0000000
7601.3215646184344223 ; 5215; 0000000
7974.3295102618139936 ; 11455; 0000000
7570.9932338616818015 ; 3655; 0000000
7587.1890265226884367 ; 4474; 0000000
7593.3663727268485673 ; 4854; 0000000
7606.0167633776518414 ; 5432; 0000000
7611.1168841057369718 ; 5673; 0000000
7625.382807753603629 ; 6016; 0000000
7631.0088243191239599 ; 6373; 0000000
7650.616362783475779 ; 6957; 0000000
7672.9615980103835682 ; 7440; 0000000
7693.8150484309044259 ; 7797; 0000000
7727.0261667720242258 ; 8439; 0000000
7744.0678026756277177 ; 8846; 0000000
7771.0679367576285586 ; 9203; 0000000
7797.5363808593128851 ; 9648; 0000000
7835.181039955509732 ; 9873; 0000000
7849.775477422406766 ; 10282; 0000000
7883.1285223118438807 ; 10637; 0000000
7919.0495115325029474 ; 10994; 0000000
7944.5258692727884409 ; 11309; 0000000
7991.3470165193530192 ; 11832; 0000000
11998.021817897239089 ; 24291; 0000000
12105.426385254293564 ; 24353; 0000000
7551.9472428557173771 ; 1862; 0000000
7558.0067871825358452 ; 2471; 0000000
7568.4406020358974274 ; 3269; 0000000
7568.6079047767070733 ; 3388; 0000000
7576.2674628984323135 ; 3915; 0000000
7588.082831708793492 ; 4499; 0000000
7589.388421706963527 ; 4631; 0000000
7601.1467413743730503 ; 5096; 0000000
7585.0304261092551315 ; 4121; 0000000
7548.9936956347937667 ; 1471; 0000000
7547.4699705723951411 ; 821; 0000000
7555.3361872947161828 ; 2117; 0000000
7617.9834323292689078 ; 5698; 0000000
7558.733494049744877 ; 2627; 0000000
7558.1711868742322622 ; 2590; 0000000
7564.918758825410805 ; 2878; 0000000
7576.4370963028677579 ; 4034; 0000000
7553.4547814118950555 ; 2115; 0000000
7605.1850038414431765 ; 5313; 0000000
7630.5425531143710032 ; 6257; 0000000
7645.0737197566868417 ; 6716; 0000000
7659.0877068905792839 ; 6971; 0000000
7701.8407092213310534 ; 8038; 0000000
7788.5847845651205716 ; 9482; 0000000
7856.2633582896451117 ; 10320; 0000000
7991.2972885821573072 ; 11702; 0000000
12697.560792402975494 ; 24523; 0000000
7709.6196169022587128 ; 8085; 0000000
11956.05186264321128 ; 24257; 0000000
7761.0477159932615905 ; 8860; 0000000
7551.329090924034972 ; 1688; 0000000
7843.7769511980386596 ; 10246; 0000000
7682.8381324702540951 ; 7599; 0000000
7976.2750467450687211 ; 11616; 0000000
7908.8515391362843729 ; 10731; 0000000
11818.139530160955474 ; 24148; 0000000
7934.7909777614431732 ; 11235; 0000000
7649.771645025343787 ; 6838; 0000000
8002.385165181870434 ; 11975; 0000000
7825.7174227377408897 ; 9835; 0000000
7624.5459362869551114 ; 5897; 0000000
7909.8881562263723026 ; 10986; 0000000
7569.2213006356823826 ; 3425; 0000000
9005.1054069795900432 ; 19706; 0000000
9066.3265489627174247 ; 19922; 0000000
9115.1347642200289556 ; 20194; 0000000
9185.4416666301858641 ; 20463; 0000000
9237.0277925261761993 ; 20676; 0000000
9321.0022638811933575 ; 20884; 0000000
9364.826831980733914 ; 20993; 0000000
9419.5102211217435979 ; 21206; 0000000
9460.4115895522936626 ; 21376; 0000000
9508.9557295704107673 ; 21485; 0000000
9585.5290048669940006 ; 21653; 0000000
9656.8909228062530019 ; 21812; 0000000
9720.7108422822930152 ; 21970; 0000000
9789.3779407265265036 ; 22183; 0000000
9854.0136124851633213 ; 22353; 0000000
9918.1161224271600076 ; 22462; 0000000
10018.563063641549888 ; 22514; 0000000
10092.058589715583366 ; 22684; 0000000
10162.393909549329692 ; 22793; 0000000
10200.588738399870635 ; 22877; 0000000
10275.653519340341518 ; 22940; 0000000
10351.432027647577343 ; 23100; 0000000
10430.730500679759643 ; 23209; 0000000
10542.84389139447012 ; 23271; 0000000
10630.748569175882949 ; 23431; 0000000
10719.707479556229373 ; 23540; 0000000
10788.331938111716227 ; 23634; 0000000
10883.888842617358023 ; 23686; 0000000
10903.919641348589721 ; 23794; 0000000
11014.772693470635204 ; 23903; 0000000
11118.304384916469644 ; 23965; 0000000
11414.238960385457176 ; 24050; 0000000
12143.109124779653939 ; 24417; 0000000
8307.2360788478690665 ; 15694; 0000000
8245.6295079383216944 ; 15181; 0000000
8121.4009828579937675 ; 13930; 0000000
9025.6523710280653177 ; 19777; 0000000
8449.546397833066294 ; 16851; 0000000
8040.5003238331310058 ; 12814; 0000000
9312.7135201519868133 ; 20705; 0000000
8095.2006539493140735 ; 13503; 0000000
8944.7460393386554642 ; 19569; 0000000
8157.7536387284299053 ; 14357; 0000000
9236.395446303387871 ; 20546; 0000000
8899.51324514526641 ; 19356; 0000000
8060.7580397935971632 ; 13195; 0000000
8408.5087267544240603 ; 16424; 0000000
8651.167355902665804 ; 18117; 0000000
8616.9268924048992631 ; 17845; 0000000
8701.5628244755862397 ; 18386; 0000000
8572.4276293882539903 ; 17576; 0000000
8741.5510639894673659 ; 18599; 0000000
8495.2166891724154993 ; 17130; 0000000
8221.489452432428152 ; 14919; 0000000
11851.016964532755082 ; 24195; 0000000
8180.4162589701163597 ; 14619; 0000000
9181.9808150488552201 ; 20333; 0000000
8799.7446455172030255 ; 18815; 0000000
8531.9071607342866628 ; 17343; 0000000
11709.612648470645581 ; 24086; 0000000
8012.3453181006916566 ; 12305; 0000000
7972.3257142459560782 ; 11424; 0000000
8840.2858749462320702 ; 19087; 0000000
8018.1210551397361996 ; 12328; 0000000
8343.8015401638749609 ; 15911; 0000000
7736.7648451260374713 ; 8605; 0000000
7625.5325454248795722 ; 6132; 0000000
7865.2409666522153202 ; 10486; 0000000
7644.2311615690250619 ; 6597; 0000000
7597.6066075786466172 ; 4863; 0000000
7796.6452260028891033 ; 9529; 0000000
7959.0407581074514383 ; 11371; 0000000
7980.9855357413707679 ; 11688; 0000000
7690.2990430329182345 ; 7620; 0000000
7575.2881329491801807 ; 3664; 0000000
7710.4830673852266045 ; 8204; 0000000
