Pareto (Travel Time; Profit; IsValid)

7544.3659000000006927 ; 0; 0000000
7608.0247839120293065 ; 14953; 0000000
7649.0051134184277544 ; 20732; 0000000
7580.182136865710163 ; 10319; 0000000
7637.1909938684721055 ; 19250; 0000000
7709.5919834424075816 ; 27505; 0000000
7572.1759570791846272 ; 8672; 0000000
7550.6534403050818582 ; 3279; 0000000
7558.4351216588693205 ; 5233; 0000000
8127.7671654494961331 ; 57404; 0000000
7544.3904300670528755 ; 119; 0000000
7557.6064731068790934 ; 4394; 0000000
7585.6249074168772495 ; 10339; 0000000
7593.4232451410043723 ; 13402; 0000000
7611.3656055616966114 ; 16519; 0000000
7642.8458669829742576 ; 20246; 0000000
7687.1428039708689539 ; 25973; 0000000
7698.6820614750149616 ; 26910; 0000000
7716.2689882846570981 ; 29365; 0000000
7739.6354756456094037 ; 31655; 0000000
7765.435777517468523 ; 33732; 0000000
9807.6023759250310832 ; 98595; 0000000
7558.881206183363247 ; 5920; 0000000
7577.3261689062037476 ; 9281; 0000000
9713.5923723423711635 ; 97565; 0000000
7661.5289150389908173 ; 21568; 0000000
7564.1324411406194486 ; 8097; 0000000
15020.60925871283689 ; 120944; 0000000
14555.978590094753599 ; 120762; 0000000
15019.800640522884351 ; 120825; 0000000
13033.225333881142433 ; 118699; 0000000
11348.25559009142853 ; 111931; 0000000
14018.338564089133797 ; 120052; 0000000
10342.54901581154445 ; 104351; 0000000
14201.31643588541192 ; 120357; 0000000
10596.535230413635873 ; 106301; 0000000
14398.170979760690898 ; 120430; 0000000
11197.065181788668269 ; 110960; 0000000
13547.683351728253911 ; 119747; 0000000
12345.164673840457908 ; 116628; 0000000
9541.2770749344799697 ; 94842; 0000000
12753.392323667569144 ; 118080; 0000000
11895.62575594511145 ; 114467; 0000000
12595.016915347767281 ; 117617; 0000000
13298.753148373190925 ; 119369; 0000000
12487.853061219944721 ; 117091; 0000000
11536.540338405498915 ; 112791; 0000000
13143.007169080796302 ; 119191; 0000000
12208.317192921069363 ; 115943; 0000000
11088.593635987761445 ; 110247; 0000000
12077.561916970771563 ; 114592; 0000000
10798.665078638907289 ; 108202; 0000000
10889.117611983288953 ; 109009; 0000000
11008.658677047398669 ; 109320; 0000000
13440.226251648377001 ; 119531; 0000000
11676.576252167964412 ; 113714; 0000000
11777.258748513831961 ; 114240; 0000000
13785.425748796971675 ; 120022; 0000000
13772.465097865004282 ; 119896; 0000000
12128.864708840901585 ; 115322; 0000000
11577.437902434830903 ; 113169; 0000000
11047.612573882888682 ; 109901; 0000000
10261.954858161274387 ; 104086; 0000000
9977.0018241768866574 ; 101224; 0000000
10391.07577766896793 ; 105162; 0000000
9807.6551767489909253 ; 99112; 0000000
10502.149114766934872 ; 106064; 0000000
10694.780291504985144 ; 107337; 0000000
10130.447174045122665 ; 102916; 0000000
10596.918921245051024 ; 106748; 0000000
10086.875578773455345 ; 102527; 0000000
7545.404181406644966 ; 1794; 0000000
7670.0180782008828828 ; 21752; 0000000
7585.7514841850979792 ; 11329; 0000000
7597.5790693380076846 ; 14318; 0000000
7550.4568230288223276 ; 2248; 0000000
7558.2494969218541883 ; 4695; 0000000
7610.2506267188691709 ; 16023; 0000000
7590.9194493270560997 ; 12068; 0000000
7627.7607322133935668 ; 17280; 0000000
7680.1098160568499225 ; 24687; 0000000
10711.471671645998867 ; 107716; 0000000
10895.259640297746955 ; 109028; 0000000
12112.633540821687347 ; 114769; 0000000
10522.213119985766753 ; 106212; 0000000
8383.7007809684109816 ; 69767; 0000000
8069.5313485396354736 ; 56399; 0000000
8023.0169694984406306 ; 53816; 0000000
7949.3808253396218788 ; 47657; 0000000
8183.2719213188711365 ; 62410; 0000000
7652.8819967316794646 ; 20833; 0000000
7575.2752167176222429 ; 8763; 0000000
11318.126032290554576 ; 111187; 0000000
8647.6725103535991366 ; 78149; 0000000
7670.4905479870749332 ; 23479; 0000000
7906.1819264005225705 ; 45404; 0000000
8441.5825929296006507 ; 71613; 0000000
9567.631268249680943 ; 96292; 0000000
7871.1414671659194937 ; 43465; 0000000
8342.5754648142228689 ; 66895; 0000000
8236.5931917914804217 ; 64256; 0000000
9818.1854788272357837 ; 99605; 0000000
9308.7614101808539999 ; 92374; 0000000
7634.8219540976297139 ; 18311; 0000000
8584.5014193704100762 ; 76303; 0000000
8876.9238851624959352 ; 83864; 0000000
9238.8058300733773649 ; 91073; 0000000
9929.6052222003909264 ; 100740; 0000000
8150.316725333438626 ; 59809; 0000000
7783.8206069433899756 ; 36734; 0000000
9401.6680520406935102 ; 93712; 0000000
9641.6144748653932766 ; 97485; 0000000
9742.3553627585188224 ; 98466; 0000000
7850.1215305410123619 ; 40947; 0000000
7978.1173173388560826 ; 50143; 0000000
10159.596699392128357 ; 103207; 0000000
7726.203765957982796 ; 30933; 0000000
8129.7506442570220315 ; 58369; 0000000
8503.33571700763423 ; 73275; 0000000
8716.455377926789879 ; 79811; 0000000
8807.8267589599890925 ; 82137; 0000000
11178.539627445739825 ; 110458; 0000000
9166.5736492082196492 ; 89581; 0000000
7770.870288972148046 ; 34029; 0000000
8939.1125673039932735 ; 85165; 0000000
7712.3505928917029451 ; 28680; 0000000
8012.4819424323159183 ; 51429; 0000000
8292.5962473226572911 ; 65918; 0000000
10363.460977766080759 ; 104894; 0000000
11024.917155417007962 ; 109757; 0000000
10064.060950234210395 ; 102226; 0000000
9128.3561012817262963 ; 88228; 0000000
7747.7160850902655511 ; 32776; 0000000
7556.9939695840748755 ; 3828; 0000000
10452.889922272473996 ; 105267; 0000000
8766.8954272239770944 ; 80942; 0000000
10004.241629983134771 ; 101696; 0000000
7808.2488274807046764 ; 38308; 0000000
7815.5193961284376201 ; 39569; 0000000
7701.3866756514325971 ; 26926; 0000000
8532.9673397103506431 ; 73802; 0000000
9090.3949439240768697 ; 87833; 0000000
9516.1850022389808146 ; 94750; 0000000
9726.3989342459735781 ; 97735; 0000000
7931.2107439317442186 ; 46921; 0000000
7894.1027973618529359 ; 44058; 0000000
7711.8813656071160949 ; 27930; 0000000
7860.1818494082608595 ; 41248; 0000000
7609.7836331823864384 ; 15652; 0000000
7635.3132243101199492 ; 19057; 0000000
7658.6038562788007766 ; 20958; 0000000
7705.4253037095713808 ; 27411; 0000000
7862.3772774452754675 ; 41618; 0000000
7887.1153764187392881 ; 43734; 0000000
7919.072220863223265 ; 46549; 0000000
7977.7370802227214881 ; 49131; 0000000
7989.3251797875700504 ; 51126; 0000000
8100.5660617469884528 ; 57292; 0000000
8161.2719407045597109 ; 60577; 0000000
8178.0248137335547653 ; 61337; 0000000
8220.7126831006717111 ; 62768; 0000000
8255.9087741066105082 ; 64740; 0000000
8293.8452396854845574 ; 66551; 0000000
8344.689816419941053 ; 68171; 0000000
8439.5503319040490169 ; 71511; 0000000
8488.4055191463467054 ; 72942; 0000000
8540.9366280306967383 ; 74743; 0000000
8688.5060637792503258 ; 78881; 0000000
8846.2904703066396905 ; 82618; 0000000
9007.8071726931175363 ; 86748; 0000000
9054.6171694854729139 ; 87745; 0000000
9160.5541831077844108 ; 89517; 0000000
9227.1019212634910218 ; 90948; 0000000
9305.6464860183423298 ; 91955; 0000000
9387.3821079457120504 ; 93682; 0000000
9465.0507085131666827 ; 94659; 0000000
9564.7814680511837651 ; 95925; 0000000
10259.021126751405973 ; 103514; 0000000
10349.077678177174676 ; 104574; 0000000
10448.560779244175137 ; 105260; 0000000
10566.862544983399857 ; 106237; 0000000
10684.712780022318839 ; 106966; 0000000
15331.679226909462159 ; 121222; 0000000
8434.9368604711035005 ; 70251; 0000000
8481.2504859426462644 ; 72207; 0000000
7976.0673172988244914 ; 48564; 0000000
