Pareto (Travel Time; Profit; IsValid)

7544.3659000000006927 ; 0; 0000000
7697.3628469622653938 ; 28044; 0000000
7715.4777707727625966 ; 30717; 0000000
7725.2238191835740508 ; 31439; 0000000
7788.7362643668011515 ; 39546; 0000000
7817.2019317168269481 ; 42002; 0000000
7838.1704403474732317 ; 43249; 0000000
7890.1310306918594506 ; 48622; 0000000
7908.8706835407992912 ; 51609; 0000000
8010.3061110598900996 ; 58015; 0000000
8069.2889628242810431 ; 62382; 0000000
8136.9201872251242094 ; 65771; 0000000
8192.3473286305234069 ; 68600; 0000000
8311.5086466911125171 ; 74570; 0000000
8426.0050627100408747 ; 78926; 0000000
7564.4214320119854165 ; 6057; 0000000
7614.6813592016160328 ; 15876; 0000000
7688.8215678928891066 ; 26721; 0000000
7636.1543490339809068 ; 19929; 0000000
7741.7750952663118369 ; 33755; 0000000
7597.6861718460595512 ; 13392; 0000000
7573.7310037271754481 ; 8828; 0000000
7654.2617643353632957 ; 21871; 0000000
7550.8282564734990956 ; 3650; 0000000
7907.4422781906132514 ; 48709; 0000000
7588.0807721489245523 ; 12277; 0000000
7598.2982686730310888 ; 13870; 0000000
7618.3538593255025262 ; 16595; 0000000
7625.7437205376654674 ; 18222; 0000000
7567.5243900479690637 ; 7043; 0000000
7607.0391882257436009 ; 14020; 0000000
7616.362637223519414 ; 15906; 0000000
7556.7115792584872906 ; 5799; 0000000
7683.9614861997561093 ; 26083; 0000000
7730.50561894601924 ; 32310; 0000000
7687.0124272365401339 ; 26247; 0000000
7859.8789968640912775 ; 45079; 0000000
7908.2296664804161992 ; 50323; 0000000
7949.2869721859469792 ; 53991; 0000000
7991.7309602304903819 ; 56367; 0000000
8029.9666718817288711 ; 59999; 0000000
8067.5672837318224992 ; 62100; 0000000
8102.9824795693311899 ; 64555; 0000000
8186.3564444054900378 ; 68488; 0000000
8223.5976244955018046 ; 70943; 0000000
8292.5217886727932637 ; 74111; 0000000
8378.2408537002484081 ; 78667; 0000000
8440.0348346965274686 ; 80614; 0000000
8466.4294048277242837 ; 82309; 0000000
8528.9039322702428763 ; 84380; 0000000
8581.2346259976438887 ; 86426; 0000000
8610.4112679503450636 ; 87396; 0000000
8664.4023795237699233 ; 89557; 0000000
8703.663914677905268 ; 90674; 0000000
8756.6662384920873592 ; 92465; 0000000
8878.890832087079616 ; 96387; 0000000
8954.9036214086354448 ; 98637; 0000000
9016.4594086580800649 ; 100659; 0000000
9052.211401342337922 ; 101649; 0000000
10258.328057828182864 ; 122864; 0000000
7622.8247901602526326 ; 18074; 0000000
7607.7605988296872965 ; 14918; 0000000
7739.7349353261733995 ; 32799; 0000000
7839.2589515675099392 ; 43629; 0000000
7861.809077261580569 ; 46218; 0000000
7765.6863433439857545 ; 37878; 0000000
7976.5584451839786198 ; 55315; 0000000
9282.7664461476397264 ; 106099; 0000000
7745.9692511363118683 ; 35521; 0000000
7691.2442647267143911 ; 27865; 0000000
7795.9070153853872398 ; 40455; 0000000
7555.0928161701476711 ; 4433; 0000000
7578.3818003580727236 ; 10024; 0000000
7569.1745642469022641 ; 7131; 0000000
7672.594962078912431 ; 24693; 0000000
7727.9298946021544907 ; 31686; 0000000
8993.5286860890973912 ; 99481; 0000000
9178.0059918877796008 ; 103847; 0000000
9241.2003157521758112 ; 105873; 0000000
9311.2800206481497298 ; 107696; 0000000
9369.3498750806447788 ; 109511; 0000000
9462.8320702603650716 ; 110475; 0000000
9512.486735620903346 ; 112723; 0000000
9595.443135368912408 ; 114167; 0000000
9668.3622827990056976 ; 115706; 0000000
9757.2365246457738976 ; 117036; 0000000
9867.507890969134678 ; 118773; 0000000
9957.5311331389784755 ; 120360; 0000000
10036.042433512893695 ; 121633; 0000000
10129.877762284389974 ; 122102; 0000000
10304.591522225951849 ; 125390; 0000000
10441.117295943209683 ; 126182; 0000000
10483.497743986183195 ; 127306; 0000000
10591.867777855633904 ; 128372; 0000000
10697.161883826271151 ; 129647; 0000000
10848.993498121015364 ; 130529; 0000000
10961.602074041937158 ; 132194; 0000000
11068.580225392866851 ; 133078; 0000000
11181.919028808346411 ; 133912; 0000000
7612.0748381582970978 ; 14982; 0000000
8933.383889359269233 ; 97032; 0000000
9110.7922189587352477 ; 103140; 0000000
8756.2661407039195183 ; 91908; 0000000
8181.0121632323007361 ; 67956; 0000000
9853.5393492473995138 ; 117438; 0000000
9201.6801040022382949 ; 105082; 0000000
9472.2413887549028004 ; 111184; 0000000
7698.2853150472928974 ; 28300; 0000000
9037.6431581576362078 ; 100886; 0000000
9293.9506252353894524 ; 106516; 0000000
8676.933106910693823 ; 89966; 0000000
7673.6533443055786847 ; 25639; 0000000
8936.2453100871898641 ; 97657; 0000000
8836.7135354891597672 ; 95969; 0000000
8786.5703268902125274 ; 94663; 0000000
7658.9342150750499059 ; 23360; 0000000
8277.8273431163797795 ; 72416; 0000000
8631.4390872710664553 ; 88151; 0000000
8560.9049049989789637 ; 85454; 0000000
8970.3925336831434834 ; 99280; 0000000
9654.3338061469385138 ; 114378; 0000000
9346.1948836858682625 ; 108692; 0000000
7563.767292220048148 ; 6030; 0000000
7578.045686967157053 ; 9570; 0000000
7593.9817924948547443 ; 12548; 0000000
7653.5566977595917706 ; 21263; 0000000
8140.491099609253979 ; 67266; 0000000
8600.9428197151373752 ; 86733; 0000000
8100.2781324878633313 ; 63962; 0000000
8207.151399361599033 ; 70550; 0000000
8054.4588068549819582 ; 61542; 0000000
8004.0407468805788085 ; 56370; 0000000
8013.3015891972290774 ; 59000; 0000000
8242.8422749055098393 ; 72396; 0000000
8365.0667811617167899 ; 77424; 0000000
8559.9644513119001203 ; 84887; 0000000
8497.5376972884787392 ; 82314; 0000000
7938.6629649897249692 ; 52442; 0000000
8340.7573773355397861 ; 76264; 0000000
7846.4287180784258453 ; 43840; 0000000
10265.514390083801118 ; 123521; 0000000
10184.208186648069386 ; 122638; 0000000
7621.1294608058033191 ; 17470; 0000000
7630.7523381111495837 ; 19054; 0000000
7650.3758332967008755 ; 21102; 0000000
7664.0911466287234362 ; 24175; 0000000
7688.1992971361378295 ; 26603; 0000000
7698.2249980544393111 ; 28187; 0000000
10769.979521300532724 ; 130104; 0000000
10852.242256037478001 ; 130932; 0000000
10904.800015139109746 ; 131661; 0000000
10983.533422689986764 ; 132366; 0000000
11079.861188806915379 ; 133706; 0000000
11189.070382373918619 ; 134646; 0000000
11267.845300489749206 ; 135384; 0000000
11319.440073775193014 ; 135595; 0000000
11410.309953137282719 ; 136655; 0000000
11503.124187642713878 ; 136939; 0000000
11577.424193794204257 ; 138208; 0000000
11666.334139571827109 ; 139162; 0000000
11737.556208233503639 ; 139278; 0000000
11820.115309348149822 ; 140111; 0000000
11933.80469704250936 ; 140501; 0000000
12045.982030730514452 ; 141370; 0000000
12145.052129591162156 ; 141884; 0000000
12227.897931578107091 ; 142386; 0000000
12344.646920176077401 ; 142913; 0000000
12482.194459123877095 ; 143326; 0000000
12600.667579213339195 ; 144159; 0000000
12741.499989253230524 ; 144816; 0000000
12864.319336001395641 ; 145330; 0000000
12973.660194435979065 ; 145760; 0000000
13022.852640094040908 ; 145901; 0000000
13129.910462192126943 ; 146417; 0000000
13212.285795629737549 ; 146727; 0000000
13366.125193100973775 ; 146836; 0000000
13474.941628174352445 ; 147676; 0000000
13645.653869819177999 ; 147842; 0000000
13686.439242209202348 ; 147845; 0000000
13891.620454780459113 ; 148200; 0000000
7573.1985162506498455 ; 7665; 0000000
7985.8697356628663329 ; 55750; 0000000
8037.7171401157993387 ; 60848; 0000000
8077.611362652481148 ; 63233; 0000000
8120.4570577493304882 ; 65674; 0000000
8286.5409202097234811 ; 73150; 0000000
8407.9361295759099448 ; 78775; 0000000
8520.1533710608036927 ; 83367; 0000000
8696.0309355907666031 ; 90481; 0000000
8743.2880017422121455 ; 91822; 0000000
9292.6289729788877594 ; 106408; 0000000
