Pareto (Travel Time; Profit; IsValid)

7544.3659000000006927 ; 0; 0000000
10787.33087795562642 ; 63738; 0000000
10886.952443419262636 ; 64148; 0000000
10968.295189790916993 ; 64611; 0000000
11070.012665827729506 ; 64800; 0000000
11148.452835931413574 ; 65316; 0000000
11271.071186751929417 ; 65469; 0000000
11463.825674945803257 ; 66135; 0000000
11700.806808888353771 ; 66701; 0000000
11825.932327364565936 ; 67028; 0000000
7546.0428642738752387 ; 2742; 0000000
7544.9151232735839585 ; 998; 0000000
8116.3119308891027686 ; 35782; 0000000
14107.29820193807609 ; 70206; 0000000
13895.01233210328428 ; 70063; 0000000
7583.3435900311560545 ; 9733; 0000000
7570.0796914564916733 ; 8515; 0000000
7564.2697575056563437 ; 7492; 0000000
8056.4844745359996523 ; 34621; 0000000
8079.8094790945615387 ; 35047; 0000000
8196.8572529872453742 ; 37842; 0000000
8211.526193549954769 ; 38516; 0000000
8341.6547924670667271 ; 41231; 0000000
8408.8916904291290848 ; 42208; 0000000
8450.0860394044502755 ; 42798; 0000000
7551.1894567991630538 ; 5600; 0000000
7560.9531601273847627 ; 6687; 0000000
7567.3877950041787699 ; 8497; 0000000
7584.247952515200268 ; 9913; 0000000
7586.2564813452718226 ; 11431; 0000000
7609.8975704000677069 ; 14094; 0000000
7627.305379358315804 ; 15604; 0000000
7642.0810859827570312 ; 17072; 0000000
7668.1400016792258612 ; 19331; 0000000
7714.0960877154666377 ; 22080; 0000000
7737.5006948829231987 ; 23409; 0000000
7832.3147255912863329 ; 27245; 0000000
13385.157120080515597 ; 69973; 0000000
13791.552425490204769 ; 70041; 0000000
14180.226972965769164 ; 70258; 0000000
11879.721868128823189 ; 67278; 0000000
13970.149832099119521 ; 70115; 0000000
12153.940162812823473 ; 67914; 0000000
11708.679796226731924 ; 66818; 0000000
7547.4666514220862155 ; 4874; 0000000
12629.194159041102466 ; 68819; 0000000
7546.2549275033297818 ; 3305; 0000000
7557.9631276564168729 ; 6428; 0000000
11335.996332211427216 ; 65741; 0000000
10544.221642577227612 ; 62112; 0000000
12308.792149777522354 ; 68169; 0000000
12998.779729317277088 ; 69447; 0000000
11229.602147865603911 ; 65367; 0000000
7545.0648309652133321 ; 1827; 0000000
12904.666543051631379 ; 69281; 0000000
7579.7637503408614066 ; 8809; 0000000
14588.013732265646468 ; 70335; 0000000
12395.364882760290129 ; 68376; 0000000
14137.738984758108927 ; 70216; 0000000
11599.132467335366528 ; 66628; 0000000
11536.796821016429021 ; 66420; 0000000
7544.7389470321049885 ; 682; 0000000
13806.857074966284927 ; 70049; 0000000
13115.043677464755092 ; 69677; 0000000
11726.230524581036661 ; 66917; 0000000
12924.708174972573033 ; 69423; 0000000
12478.076490136236316 ; 68671; 0000000
12339.760867088516534 ; 68275; 0000000
12759.134416355916983 ; 69133; 0000000
11264.748445286175411 ; 65388; 0000000
12201.905825447835014 ; 68035; 0000000
12088.736923349133576 ; 67813; 0000000
11381.988788181502969 ; 65781; 0000000
7545.8801027910667472 ; 2623; 0000000
7562.9166458048248387 ; 7158; 0000000
7605.7205502048564085 ; 11460; 0000000
13114.295093197652022 ; 69558; 0000000
11965.52112089399634 ; 67553; 0000000
7544.3981051960254263 ; 119; 0000000
8084.3452461563974794 ; 35080; 0000000
8393.0603419823419244 ; 42016; 0000000
8478.5938418680270843 ; 43493; 0000000
7895.7660657776505104 ; 29429; 0000000
7694.8823014565887206 ; 20049; 0000000
8519.4857577824259351 ; 44016; 0000000
8023.505727955553084 ; 33772; 0000000
8151.4412120286660866 ; 36807; 0000000
7827.4212076841313319 ; 26730; 0000000
7945.1787853963860471 ; 31176; 0000000
8348.5045369057988864 ; 41465; 0000000
8012.4604160622939162 ; 33130; 0000000
7893.2543031972909375 ; 29368; 0000000
8023.5056554967859483 ; 33694; 0000000
8566.4246783113976562 ; 44490; 0000000
8099.469160782768995 ; 35714; 0000000
7812.1876111222127292 ; 25959; 0000000
7933.4474444551306078 ; 30611; 0000000
7860.6578676885546884 ; 28556; 0000000
8511.9475948620856798 ; 43633; 0000000
7896.9941931443108842 ; 29614; 0000000
8215.57666420073474 ; 38569; 0000000
8237.7498477006829489 ; 39222; 0000000
8146.3989132476554005 ; 36723; 0000000
8187.7491054262218313 ; 37360; 0000000
8017.6126039091932398 ; 33664; 0000000
7973.7361165256643289 ; 32366; 0000000
8127.1367653616362077 ; 36383; 0000000
7820.2916391121616471 ; 26428; 0000000
7952.159925249529806 ; 31242; 0000000
7914.2394032559668631 ; 30337; 0000000
7891.9872526020080841 ; 29298; 0000000
14541.613121445816432 ; 70332; 0000000
7819.3145734116014864 ; 26291; 0000000
7843.1464017931511989 ; 27647; 0000000
7909.1798234009938824 ; 30046; 0000000
8040.4540561470967077 ; 34380; 0000000
8136.4677296243371529 ; 36707; 0000000
8226.8023235368109454 ; 38650; 0000000
8251.9233240330959234 ; 39642; 0000000
8279.3538566738861846 ; 40491; 0000000
8439.2006473907003965 ; 42620; 0000000
8529.0890946251001878 ; 44195; 0000000
7581.76584925980751 ; 9028; 0000000
7962.5164549241462737 ; 31889; 0000000
7983.98924872986845 ; 32857; 0000000
8026.6562421979315332 ; 33866; 0000000
8073.3143460184410287 ; 34724; 0000000
8085.1865822646832385 ; 35123; 0000000
8119.468633633704485 ; 36298; 0000000
8165.4924006197479684 ; 37307; 0000000
14740.666431196303165 ; 70436; 0000000
7606.6715949902763896 ; 11624; 0000000
7608.2795009219707936 ; 11747; 0000000
7785.26886503926562 ; 25860; 0000000
7625.5145540655466903 ; 14256; 0000000
7878.664016619699396 ; 28987; 0000000
7660.6580600062861777 ; 18146; 0000000
7765.4148305580738452 ; 24892; 0000000
7701.4172305109141234 ; 21158; 0000000
7689.7843745293339452 ; 19865; 0000000
7733.8278733399911289 ; 23031; 0000000
7746.9977771525573189 ; 23888; 0000000
7858.0475504684754924 ; 28019; 0000000
7955.4160913830737627 ; 31265; 0000000
7955.4625492823261084 ; 31384; 0000000
8427.8349394794222462 ; 42390; 0000000
7582.4322188559826827 ; 9127; 0000000
7641.3549845552724946 ; 16080; 0000000
7830.7792072183256096 ; 26858; 0000000
7851.1517255605531318 ; 27826; 0000000
7887.5046925163032938 ; 29102; 0000000
7917.6557954709469414 ; 30400; 0000000
8546.9044310341796518 ; 44293; 0000000
8576.9251615660596144 ; 45303; 0000000
8617.4740926481917995 ; 46160; 0000000
8661.543202389828366 ; 47234; 0000000
8706.354697971692076 ; 47912; 0000000
8739.3283188769055414 ; 48922; 0000000
8782.1751144320660387 ; 49779; 0000000
8846.4863551907037618 ; 50652; 0000000
8906.8479750750193489 ; 51538; 0000000
8974.4880405937656178 ; 52411; 0000000
9047.5703853840641386 ; 53213; 0000000
9126.3826452141875052 ; 53779; 0000000
9182.5219951195922476 ; 54480; 0000000
9270.8280894368872396 ; 55278; 0000000
9354.4346498003997112 ; 55887; 0000000
9446.6999515584248002 ; 56537; 0000000
9534.3320032967221778 ; 57146; 0000000
9618.1887272458880034 ; 57725; 0000000
9688.6573144130761648 ; 58294; 0000000
9776.2232207495490002 ; 58873; 0000000
9879.6297665805977886 ; 59519; 0000000
9942.3762539336403279 ; 59848; 0000000
10023.079571575341106 ; 60051; 0000000
10107.951392091363232 ; 60780; 0000000
10177.459962273536803 ; 61109; 0000000
10261.761179149216332 ; 61312; 0000000
10328.82742590782982 ; 61590; 0000000
10448.61566191973543 ; 62091; 0000000
10544.699510607439151 ; 62708; 0000000
10632.001728154551529 ; 62911; 0000000
10713.468642967374763 ; 63350; 0000000
10773.449637349418481 ; 63608; 0000000
10882.24931104839925 ; 63942; 0000000
11036.137801094850147 ; 64621; 0000000
11302.04812330569257 ; 65519; 0000000
11689.6138307978581 ; 66697; 0000000
11836.18971301102647 ; 67059; 0000000
14153.151765448918013 ; 70223; 0000000
7544.7524201526657635 ; 879; 0000000
8195.2194389455526107 ; 37557; 0000000
