Travel Time: 7544.3659000000006927; Profit: 0; TSP Distance : 7544.3659000000006927; Weight: 0 / 4490; 0000000
TSP Tour = 1 22 31 18 3 17 21 42 7 2 30 23 20 50 29 16 46 44 34 35 36 39 40 37 38 48 24 5 15 6 4 25 12 28 27 26 47 13 14 52 11 51 33 43 10 9 8 41 19 45 32 49 1
Knapsack Array = 0 0 0 0 0 0 0 0 0 0 0 0 0 0 0 0 0 0 0 0 0 0 0 0 0 0 0 0 0 0 0 0 0 0 0 0 0 0 0 0 0 0 0 0 0 0 0 0 0 0 0 
Picked Items (item,city) = 

Travel Time: 7544.6158459245752965; Profit: 119; TSP Distance : 7544.3659000000016022; Weight: 1 / 4490; 0000000
TSP Tour = 1 49 32 45 19 41 8 9 10 43 33 51 11 52 14 13 47 26 27 28 12 25 4 6 15 5 24 48 38 37 40 39 36 35 34 44 46 16 29 50 20 23 30 2 7 42 21 17 3 18 31 22 1
Knapsack Array = 1 0 0 0 0 0 0 0 0 0 0 0 0 0 0 0 0 0 0 0 0 0 0 0 0 0 0 0 0 0 0 0 0 0 0 0 0 0 0 0 0 0 0 0 0 0 0 0 0 0 0 
Picked Items (item,city) = (1 , 2) 

Travel Time: 7546.7670806617161361; Profit: 650; TSP Distance : 7544.3659000000016022; Weight: 247 / 4490; 0000000
TSP Tour = 1 49 32 45 19 41 8 9 10 43 33 51 11 52 14 13 47 26 27 28 12 25 4 6 15 5 24 48 38 37 40 39 36 35 34 44 46 16 29 50 20 23 30 2 7 42 21 17 3 18 31 22 1
Knapsack Array = 0 0 0 0 0 0 0 0 0 0 0 0 0 0 0 0 0 0 0 0 1 0 0 0 0 0 0 0 0 0 0 0 0 0 0 0 0 0 0 0 0 0 0 0 0 0 0 0 0 0 0 
Picked Items (item,city) = (21 , 22) 

Travel Time: 7547.0180145732465462; Profit: 769; TSP Distance : 7544.3659000000016022; Weight: 248 / 4490; 0000000
TSP Tour = 1 49 32 45 19 41 8 9 10 43 33 51 11 52 14 13 47 26 27 28 12 25 4 6 15 5 24 48 38 37 40 39 36 35 34 44 46 16 29 50 20 23 30 2 7 42 21 17 3 18 31 22 1
Knapsack Array = 1 0 0 0 0 0 0 0 0 0 0 0 0 0 0 0 0 0 0 0 1 0 0 0 0 0 0 0 0 0 0 0 0 0 0 0 0 0 0 0 0 0 0 0 0 0 0 0 0 0 0 
Picked Items (item,city) = (1 , 2) (21 , 22) 

Travel Time: 7549.510150061355489; Profit: 867; TSP Distance : 7544.3659000000006927; Weight: 371 / 4490; 0000000
TSP Tour = 1 22 31 18 3 17 21 42 7 2 30 23 20 50 29 16 46 44 34 35 36 39 40 37 38 48 24 5 15 6 4 25 12 28 27 26 47 13 14 52 11 51 33 43 10 9 8 41 19 45 32 49 1
Knapsack Array = 0 0 0 0 0 0 0 0 0 0 0 0 0 0 0 0 0 0 0 0 0 0 0 0 0 0 0 0 0 0 0 0 0 0 0 0 0 0 0 0 0 0 0 0 0 0 0 1 0 0 0 
Picked Items (item,city) = (48 , 49) 

Travel Time: 7550.7748868131357085; Profit: 986; TSP Distance : 7544.3659000000016022; Weight: 372 / 4490; 0000000
TSP Tour = 1 22 31 18 3 17 21 42 7 2 30 23 20 50 29 16 46 44 34 35 36 39 40 37 38 48 24 5 15 6 4 25 12 28 27 26 47 13 14 52 11 51 33 43 10 9 8 41 19 45 32 49 1
Knapsack Array = 1 0 0 0 0 0 0 0 0 0 0 0 0 0 0 0 0 0 0 0 0 0 0 0 0 0 0 0 0 0 0 0 0 0 0 0 0 0 0 0 0 0 0 0 0 0 0 1 0 0 0 
Picked Items (item,city) = (1 , 2) (48 , 49) 

Travel Time: 7552.8494613294160445; Profit: 1294; TSP Distance : 7544.3659000000006927; Weight: 418 / 4490; 0000000
TSP Tour = 1 22 31 18 3 17 21 42 7 2 30 23 20 50 29 16 46 44 34 35 36 39 40 37 38 48 24 5 15 6 4 25 12 28 27 26 47 13 14 52 11 51 33 43 10 9 8 41 19 45 32 49 1
Knapsack Array = 0 0 0 0 0 0 0 0 0 0 0 0 0 0 0 0 0 1 0 0 0 0 0 0 0 0 0 0 0 0 0 0 0 0 0 0 0 0 0 0 0 0 0 0 0 0 0 1 0 0 0 
Picked Items (item,city) = (18 , 19) (48 , 49) 

Travel Time: 7554.1155667042894493; Profit: 1413; TSP Distance : 7544.3659000000016022; Weight: 419 / 4490; 0000000
TSP Tour = 1 22 31 18 3 17 21 42 7 2 30 23 20 50 29 16 46 44 34 35 36 39 40 37 38 48 24 5 15 6 4 25 12 28 27 26 47 13 14 52 11 51 33 43 10 9 8 41 19 45 32 49 1
Knapsack Array = 1 0 0 0 0 0 0 0 0 0 0 0 0 0 0 0 0 1 0 0 0 0 0 0 0 0 0 0 0 0 0 0 0 0 0 0 0 0 0 0 0 0 0 0 0 0 0 1 0 0 0 
Picked Items (item,city) = (1 , 2) (18 , 19) (48 , 49) 

Travel Time: 7562.1188876596788759; Profit: 1448; TSP Distance : 7544.3659000000016022; Weight: 552 / 4490; 0000000
TSP Tour = 1 49 32 45 19 41 8 9 10 43 33 51 11 52 14 13 47 26 27 28 12 25 4 6 15 5 24 48 38 37 40 39 36 35 34 44 46 16 29 50 20 23 30 2 7 42 21 17 3 18 31 22 1
Knapsack Array = 0 0 0 0 0 0 0 0 0 0 0 0 0 0 0 0 1 0 0 0 1 0 0 0 0 0 0 0 0 0 0 0 0 0 0 0 0 0 0 0 0 0 0 0 0 0 0 0 0 0 0 
Picked Items (item,city) = (17 , 18) (21 , 22) 

Travel Time: 7572.9827486861986472; Profit: 2176; TSP Distance : 7544.3659000000016022; Weight: 834 / 4490; 0000000
TSP Tour = 1 49 32 45 19 41 8 9 10 43 33 51 11 52 14 13 47 26 27 28 12 25 4 6 15 5 24 48 38 37 40 39 36 35 34 44 46 16 29 50 20 23 30 2 7 42 21 17 3 18 31 22 1
Knapsack Array = 1 0 0 0 0 0 0 0 0 0 0 0 0 0 0 0 1 0 0 0 1 0 0 0 0 0 0 0 0 1 0 0 0 0 0 0 0 0 0 0 0 0 0 0 0 0 0 0 0 0 0 
Picked Items (item,city) = (1 , 2) (17 , 18) (21 , 22) (30 , 31) 

Travel Time: 7591.0347495664964299; Profit: 2641; TSP Distance : 7544.3659000000016022; Weight: 864 / 4490; 0000000
TSP Tour = 1 49 32 45 19 41 8 9 10 43 33 51 11 52 14 13 47 26 27 28 12 25 4 6 15 5 24 48 38 37 40 39 36 35 34 44 46 16 29 50 20 23 30 2 7 42 21 17 3 18 31 22 1
Knapsack Array = 0 0 0 0 0 0 0 0 0 0 0 0 0 0 0 0 1 0 0 0 1 0 0 0 0 0 0 0 0 1 0 0 0 0 0 1 0 0 0 0 0 0 0 0 0 0 0 0 0 0 0 
Picked Items (item,city) = (17 , 18) (21 , 22) (30 , 31) (36 , 37) 

Travel Time: 7591.300259469084267; Profit: 2760; TSP Distance : 7544.3659000000016022; Weight: 865 / 4490; 0000000
TSP Tour = 1 49 32 45 19 41 8 9 10 43 33 51 11 52 14 13 47 26 27 28 12 25 4 6 15 5 24 48 38 37 40 39 36 35 34 44 46 16 29 50 20 23 30 2 7 42 21 17 3 18 31 22 1
Knapsack Array = 1 0 0 0 0 0 0 0 0 0 0 0 0 0 0 0 1 0 0 0 1 0 0 0 0 0 0 0 0 1 0 0 0 0 0 1 0 0 0 0 0 0 0 0 0 0 0 0 0 0 0 
Picked Items (item,city) = (1 , 2) (17 , 18) (21 , 22) (30 , 31) (36 , 37) 

Travel Time: 7635.1319955482913429; Profit: 3014; TSP Distance : 7544.3659000000016022; Weight: 934 / 4490; 0000000
TSP Tour = 1 49 32 45 19 41 8 9 10 43 33 51 11 52 14 13 47 26 27 28 12 25 4 6 15 5 24 48 38 37 40 39 36 35 34 44 46 16 29 50 20 23 30 2 7 42 21 17 3 18 31 22 1
Knapsack Array = 1 0 0 0 0 0 0 0 0 0 0 0 0 0 0 0 1 0 0 0 1 0 1 0 0 0 0 0 0 1 0 0 0 0 0 0 0 0 0 0 0 0 0 0 0 0 0 0 0 0 0 
Picked Items (item,city) = (1 , 2) (17 , 18) (21 , 22) (23 , 24) (30 , 31) 

Travel Time: 7653.9421588623399657; Profit: 3479; TSP Distance : 7544.3659000000016022; Weight: 964 / 4490; 0000000
TSP Tour = 1 49 32 45 19 41 8 9 10 43 33 51 11 52 14 13 47 26 27 28 12 25 4 6 15 5 24 48 38 37 40 39 36 35 34 44 46 16 29 50 20 23 30 2 7 42 21 17 3 18 31 22 1
Knapsack Array = 0 0 0 0 0 0 0 0 0 0 0 0 0 0 0 0 1 0 0 0 1 0 1 0 0 0 0 0 0 1 0 0 0 0 0 1 0 0 0 0 0 0 0 0 0 0 0 0 0 0 0 
Picked Items (item,city) = (17 , 18) (21 , 22) (23 , 24) (30 , 31) (36 , 37) 

Travel Time: 7654.2190407496600528; Profit: 3598; TSP Distance : 7544.3659000000016022; Weight: 965 / 4490; 0000000
TSP Tour = 1 49 32 45 19 41 8 9 10 43 33 51 11 52 14 13 47 26 27 28 12 25 4 6 15 5 24 48 38 37 40 39 36 35 34 44 46 16 29 50 20 23 30 2 7 42 21 17 3 18 31 22 1
Knapsack Array = 1 0 0 0 0 0 0 0 0 0 0 0 0 0 0 0 1 0 0 0 1 0 1 0 0 0 0 0 0 1 0 0 0 0 0 1 0 0 0 0 0 0 0 0 0 0 0 0 0 0 0 
Picked Items (item,city) = (1 , 2) (17 , 18) (21 , 22) (23 , 24) (30 , 31) (36 , 37) 

Travel Time: 7718.3152972028665317; Profit: 3929; TSP Distance : 7544.3659000000006927; Weight: 1088 / 4490; 0000000
TSP Tour = 1 49 32 45 19 41 8 9 10 43 33 51 11 52 14 13 47 26 27 28 12 25 4 6 15 5 24 48 38 37 40 39 36 35 34 44 46 16 29 50 20 23 30 2 7 42 21 17 3 18 31 22 1
Knapsack Array = 1 0 0 0 0 0 0 0 0 0 0 0 0 0 1 0 1 0 0 0 1 0 1 0 0 0 0 0 0 1 0 0 0 0 0 1 0 0 0 0 0 0 0 0 0 0 0 0 0 0 0 
Picked Items (item,city) = (1 , 2) (15 , 16) (17 , 18) (21 , 22) (23 , 24) (30 , 31) (36 , 37) 

Travel Time: 7724.9131700385032673; Profit: 4025; TSP Distance : 7544.3659000000016022; Weight: 1012 / 4490; 0000000
TSP Tour = 1 49 32 45 19 41 8 9 10 43 33 51 11 52 14 13 47 26 27 28 12 25 4 6 15 5 24 48 38 37 40 39 36 35 34 44 46 16 29 50 20 23 30 2 7 42 21 17 3 18 31 22 1
Knapsack Array = 1 0 0 0 0 0 0 0 0 0 0 0 0 0 0 0 1 1 0 0 1 0 1 0 0 0 0 0 0 1 0 0 0 0 0 1 0 0 0 0 0 0 0 0 0 0 0 0 0 0 0 
Picked Items (item,city) = (1 , 2) (17 , 18) (18 , 19) (21 , 22) (23 , 24) (30 , 31) (36 , 37) 

Travel Time: 7802.074085072105845; Profit: 4573; TSP Distance : 7544.3659000000016022; Weight: 1205 / 4490; 0000000
TSP Tour = 1 49 32 45 19 41 8 9 10 43 33 51 11 52 14 13 47 26 27 28 12 25 4 6 15 5 24 48 38 37 40 39 36 35 34 44 46 16 29 50 20 23 30 2 7 42 21 17 3 18 31 22 1
Knapsack Array = 1 0 0 0 0 0 0 0 0 0 0 0 0 0 0 0 1 0 0 0 1 0 1 0 0 0 0 0 0 1 0 0 1 0 0 1 0 0 0 0 0 0 0 0 0 0 0 0 0 0 0 
Picked Items (item,city) = (1 , 2) (17 , 18) (21 , 22) (23 , 24) (30 , 31) (33 , 34) (36 , 37) 

Travel Time: 7562.2234543514477991; Profit: 1597; TSP Distance : 7544.3659000000006927; Weight: 493 / 4490; 0000000
TSP Tour = 1 22 31 18 3 17 21 42 7 2 30 23 20 50 29 16 46 44 34 35 36 39 40 37 38 48 24 5 15 6 4 25 12 28 27 26 47 13 14 52 11 51 33 43 10 9 8 41 19 45 32 49 1
Knapsack Array = 0 0 0 0 0 0 1 0 0 0 0 0 0 0 0 0 0 0 0 0 0 0 0 0 0 0 0 0 0 0 0 0 0 0 0 0 0 0 0 0 0 0 0 0 0 0 0 1 0 0 0 
Picked Items (item,city) = (7 , 8) (48 , 49) 

Travel Time: 7563.4934152979358259; Profit: 1716; TSP Distance : 7544.3659000000006927; Weight: 494 / 4490; 0000000
TSP Tour = 1 22 31 18 3 17 21 42 7 2 30 23 20 50 29 16 46 44 34 35 36 39 40 37 38 48 24 5 15 6 4 25 12 28 27 26 47 13 14 52 11 51 33 43 10 9 8 41 19 45 32 49 1
Knapsack Array = 1 0 0 0 0 0 1 0 0 0 0 0 0 0 0 0 0 0 0 0 0 0 0 0 0 0 0 0 0 0 0 0 0 0 0 0 0 0 0 0 0 0 0 0 0 0 0 1 0 0 0 
Picked Items (item,city) = (1 , 2) (7 , 8) (48 , 49) 

Travel Time: 7626.8667681328015533; Profit: 2859; TSP Distance : 7544.3659000000016022; Weight: 966 / 4490; 0000000
TSP Tour = 1 49 32 45 19 41 8 9 10 43 33 51 11 52 14 13 47 26 27 28 12 25 4 6 15 5 24 48 38 37 40 39 36 35 34 44 46 16 29 50 20 23 30 2 7 42 21 17 3 18 31 22 1
Knapsack Array = 1 0 0 0 0 0 0 0 0 0 0 0 0 0 0 0 1 0 0 0 1 0 0 0 0 0 0 0 1 1 0 0 0 0 0 1 0 0 0 0 0 0 0 0 0 0 0 0 0 0 0 
Picked Items (item,city) = (1 , 2) (17 , 18) (21 , 22) (29 , 30) (30 , 31) (36 , 37) 

Travel Time: 7691.3156568399563184; Profit: 3697; TSP Distance : 7544.3659000000016022; Weight: 1066 / 4490; 0000000
TSP Tour = 1 49 32 45 19 41 8 9 10 43 33 51 11 52 14 13 47 26 27 28 12 25 4 6 15 5 24 48 38 37 40 39 36 35 34 44 46 16 29 50 20 23 30 2 7 42 21 17 3 18 31 22 1
Knapsack Array = 1 0 0 0 0 0 0 0 0 0 0 0 0 0 0 0 1 0 0 0 1 0 1 0 0 0 0 0 1 1 0 0 0 0 0 1 0 0 0 0 0 0 0 0 0 0 0 0 0 0 0 
Picked Items (item,city) = (1 , 2) (17 , 18) (21 , 22) (23 , 24) (29 , 30) (30 , 31) (36 , 37) 

Travel Time: 7762.7633669717160956; Profit: 4124; TSP Distance : 7544.3659000000006927; Weight: 1113 / 4490; 0000000
TSP Tour = 1 49 32 45 19 41 8 9 10 43 33 51 11 52 14 13 47 26 27 28 12 25 4 6 15 5 24 48 38 37 40 39 36 35 34 44 46 16 29 50 20 23 30 2 7 42 21 17 3 18 31 22 1
Knapsack Array = 1 0 0 0 0 0 0 0 0 0 0 0 0 0 0 0 1 1 0 0 1 0 1 0 0 0 0 0 1 1 0 0 0 0 0 1 0 0 0 0 0 0 0 0 0 0 0 0 0 0 0 
Picked Items (item,city) = (1 , 2) (17 , 18) (18 , 19) (21 , 22) (23 , 24) (29 , 30) (30 , 31) (36 , 37) 

Travel Time: 7766.7733940564339719; Profit: 4377; TSP Distance : 7544.3659000000016022; Weight: 1374 / 4490; 0000000
TSP Tour = 1 49 32 45 19 41 8 9 10 43 33 51 11 52 14 13 47 26 27 28 12 25 4 6 15 5 24 48 38 37 40 39 36 35 34 44 46 16 29 50 20 23 30 2 7 42 21 17 3 18 31 22 1
Knapsack Array = 0 0 0 0 0 0 0 0 0 0 0 0 0 0 0 0 1 0 0 0 1 0 1 0 0 0 0 0 0 1 0 0 0 0 0 1 0 0 0 0 1 0 0 0 0 0 0 0 0 0 0 
Picked Items (item,city) = (17 , 18) (21 , 22) (23 , 24) (30 , 31) (36 , 37) (41 , 42) 

Travel Time: 7767.1005692921071386; Profit: 4496; TSP Distance : 7544.3659000000006927; Weight: 1375 / 4490; 0000000
TSP Tour = 1 49 32 45 19 41 8 9 10 43 33 51 11 52 14 13 47 26 27 28 12 25 4 6 15 5 24 48 38 37 40 39 36 35 34 44 46 16 29 50 20 23 30 2 7 42 21 17 3 18 31 22 1
Knapsack Array = 1 0 0 0 0 0 0 0 0 0 0 0 0 0 0 0 1 0 0 0 1 0 1 0 0 0 0 0 0 1 0 0 0 0 0 1 0 0 0 0 1 0 0 0 0 0 0 0 0 0 0 
Picked Items (item,city) = (1 , 2) (17 , 18) (21 , 22) (23 , 24) (30 , 31) (36 , 37) (41 , 42) 

Travel Time: 7809.4562680611661563; Profit: 4595; TSP Distance : 7544.3659000000016022; Weight: 1476 / 4490; 0000000
TSP Tour = 1 49 32 45 19 41 8 9 10 43 33 51 11 52 14 13 47 26 27 28 12 25 4 6 15 5 24 48 38 37 40 39 36 35 34 44 46 16 29 50 20 23 30 2 7 42 21 17 3 18 31 22 1
Knapsack Array = 1 0 0 0 0 0 0 0 0 0 0 0 0 0 0 0 1 0 0 0 1 0 1 0 0 0 0 0 1 1 0 0 0 0 0 1 0 0 0 0 1 0 0 0 0 0 0 0 0 0 0 
Picked Items (item,city) = (1 , 2) (17 , 18) (21 , 22) (23 , 24) (29 , 30) (30 , 31) (36 , 37) (41 , 42) 

Travel Time: 7837.6504019999101729; Profit: 4827; TSP Distance : 7544.3659000000016022; Weight: 1498 / 4490; 0000000
TSP Tour = 1 49 32 45 19 41 8 9 10 43 33 51 11 52 14 13 47 26 27 28 12 25 4 6 15 5 24 48 38 37 40 39 36 35 34 44 46 16 29 50 20 23 30 2 7 42 21 17 3 18 31 22 1
Knapsack Array = 1 0 0 0 0 0 0 0 0 0 0 0 0 0 1 0 1 0 0 0 1 0 1 0 0 0 0 0 0 1 0 0 0 0 0 1 0 0 0 0 1 0 0 0 0 0 0 0 0 0 0 
Picked Items (item,city) = (1 , 2) (15 , 16) (17 , 18) (21 , 22) (23 , 24) (30 , 31) (36 , 37) (41 , 42) 

Travel Time: 7840.1971398129680892; Profit: 4923; TSP Distance : 7544.3659000000006927; Weight: 1422 / 4490; 0000000
TSP Tour = 1 49 32 45 19 41 8 9 10 43 33 51 11 52 14 13 47 26 27 28 12 25 4 6 15 5 24 48 38 37 40 39 36 35 34 44 46 16 29 50 20 23 30 2 7 42 21 17 3 18 31 22 1
Knapsack Array = 1 0 0 0 0 0 0 0 0 0 0 0 0 0 0 0 1 1 0 0 1 0 1 0 0 0 0 0 0 1 0 0 0 0 0 1 0 0 0 0 1 0 0 0 0 0 0 0 0 0 0 
Picked Items (item,city) = (1 , 2) (17 , 18) (18 , 19) (21 , 22) (23 , 24) (30 , 31) (36 , 37) (41 , 42) 

Travel Time: 7881.449326596377432; Profit: 5321; TSP Distance : 7748.3357000000032713; Weight: 1575 / 4490; 0000000
TSP Tour = 1 44 46 16 29 50 20 23 30 2 7 42 21 17 3 45 19 41 8 9 10 43 33 51 11 52 14 13 47 26 27 28 12 25 4 6 15 5 24 48 38 37 40 39 34 35 36 49 32 18 31 22 1
Knapsack Array = 0 0 0 0 0 0 0 0 0 0 0 0 0 0 0 0 1 0 0 0 1 0 1 0 0 0 0 0 0 1 0 0 1 0 0 1 0 0 0 0 0 0 0 0 0 0 0 1 0 0 0 
Picked Items (item,city) = (17 , 18) (21 , 22) (23 , 24) (30 , 31) (33 , 34) (36 , 37) (48 , 49) 

Travel Time: 7882.756217994859071; Profit: 5440; TSP Distance : 7748.3357000000032713; Weight: 1576 / 4490; 0000000
TSP Tour = 1 44 46 16 29 50 20 23 30 2 7 42 21 17 3 45 19 41 8 9 10 43 33 51 11 52 14 13 47 26 27 28 12 25 4 6 15 5 24 48 38 37 40 39 34 35 36 49 32 18 31 22 1
Knapsack Array = 1 0 0 0 0 0 0 0 0 0 0 0 0 0 0 0 1 0 0 0 1 0 1 0 0 0 0 0 0 1 0 0 1 0 0 1 0 0 0 0 0 0 0 0 0 0 0 1 0 0 0 
Picked Items (item,city) = (1 , 2) (17 , 18) (21 , 22) (23 , 24) (30 , 31) (33 , 34) (36 , 37) (48 , 49) 

Travel Time: 7926.0017760902155715; Profit: 5451; TSP Distance : 7748.3357000000032713; Weight: 1571 / 4490; 0000000
TSP Tour = 1 44 46 16 29 50 20 23 30 2 7 42 21 17 3 45 19 41 8 9 10 43 33 51 11 52 14 13 47 26 27 28 12 25 4 6 15 5 24 48 38 37 40 39 34 35 36 49 32 18 31 22 1
Knapsack Array = 0 0 1 0 0 0 0 0 0 0 0 0 0 0 0 0 1 0 0 0 1 0 1 0 0 0 0 0 0 1 0 0 1 0 0 1 0 0 0 0 0 0 0 0 0 0 0 0 0 0 0 
Picked Items (item,city) = (3 , 4) (17 , 18) (21 , 22) (23 , 24) (30 , 31) (33 , 34) (36 , 37) 

Travel Time: 7927.3277916882288991; Profit: 5570; TSP Distance : 7748.3357000000032713; Weight: 1572 / 4490; 0000000
TSP Tour = 1 44 46 16 29 50 20 23 30 2 7 42 21 17 3 45 19 41 8 9 10 43 33 51 11 52 14 13 47 26 27 28 12 25 4 6 15 5 24 48 38 37 40 39 34 35 36 49 32 18 31 22 1
Knapsack Array = 1 0 1 0 0 0 0 0 0 0 0 0 0 0 0 0 1 0 0 0 1 0 1 0 0 0 0 0 0 1 0 0 1 0 0 1 0 0 0 0 0 0 0 0 0 0 0 0 0 0 0 
Picked Items (item,city) = (1 , 2) (3 , 4) (17 , 18) (21 , 22) (23 , 24) (30 , 31) (33 , 34) (36 , 37) 

Travel Time: 7932.2776499735064135; Profit: 5748; TSP Distance : 7748.3357000000032713; Weight: 1622 / 4490; 0000000
TSP Tour = 1 44 46 16 29 50 20 23 30 2 7 42 21 17 3 45 19 41 8 9 10 43 33 51 11 52 14 13 47 26 27 28 12 25 4 6 15 5 24 48 38 37 40 39 34 35 36 49 32 18 31 22 1
Knapsack Array = 0 0 0 0 0 0 0 0 0 0 0 0 0 0 0 0 1 1 0 0 1 0 1 0 0 0 0 0 0 1 0 0 1 0 0 1 0 0 0 0 0 0 0 0 0 0 0 1 0 0 0 
Picked Items (item,city) = (17 , 18) (18 , 19) (21 , 22) (23 , 24) (30 , 31) (33 , 34) (36 , 37) (48 , 49) 

Travel Time: 7933.605866474481445; Profit: 5867; TSP Distance : 7748.3357000000032713; Weight: 1623 / 4490; 0000000
TSP Tour = 1 44 46 16 29 50 20 23 30 2 7 42 21 17 3 45 19 41 8 9 10 43 33 51 11 52 14 13 47 26 27 28 12 25 4 6 15 5 24 48 38 37 40 39 34 35 36 49 32 18 31 22 1
Knapsack Array = 1 0 0 0 0 0 0 0 0 0 0 0 0 0 0 0 1 1 0 0 1 0 1 0 0 0 0 0 0 1 0 0 1 0 0 1 0 0 0 0 0 0 0 0 0 0 0 1 0 0 0 
Picked Items (item,city) = (1 , 2) (17 , 18) (18 , 19) (21 , 22) (23 , 24) (30 , 31) (33 , 34) (36 , 37) (48 , 49) 

Travel Time: 7977.7424361414723535; Profit: 5878; TSP Distance : 7748.3357000000032713; Weight: 1618 / 4490; 0000000
TSP Tour = 1 44 46 16 29 50 20 23 30 2 7 42 21 17 3 45 19 41 8 9 10 43 33 51 11 52 14 13 47 26 27 28 12 25 4 6 15 5 24 48 38 37 40 39 34 35 36 49 32 18 31 22 1
Knapsack Array = 0 0 1 0 0 0 0 0 0 0 0 0 0 0 0 0 1 1 0 0 1 0 1 0 0 0 0 0 0 1 0 0 1 0 0 1 0 0 0 0 0 0 0 0 0 0 0 0 0 0 0 
Picked Items (item,city) = (3 , 4) (17 , 18) (18 , 19) (21 , 22) (23 , 24) (30 , 31) (33 , 34) (36 , 37) 

Travel Time: 7979.0903678531503829; Profit: 5997; TSP Distance : 7748.3357000000032713; Weight: 1619 / 4490; 0000000
TSP Tour = 1 44 46 16 29 50 20 23 30 2 7 42 21 17 3 45 19 41 8 9 10 43 33 51 11 52 14 13 47 26 27 28 12 25 4 6 15 5 24 48 38 37 40 39 34 35 36 49 32 18 31 22 1
Knapsack Array = 1 0 1 0 0 0 0 0 0 0 0 0 0 0 0 0 1 1 0 0 1 0 1 0 0 0 0 0 0 1 0 0 1 0 0 1 0 0 0 0 0 0 0 0 0 0 0 0 0 0 0 
Picked Items (item,city) = (1 , 2) (3 , 4) (17 , 18) (18 , 19) (21 , 22) (23 , 24) (30 , 31) (33 , 34) (36 , 37) 

Travel Time: 7984.5990699568346827; Profit: 6318; TSP Distance : 7748.3357000000032713; Weight: 1942 / 4490; 0000000
TSP Tour = 1 44 46 16 29 50 20 23 30 2 7 42 21 17 3 45 19 41 8 9 10 43 33 51 11 52 14 13 47 26 27 28 12 25 4 6 15 5 24 48 38 37 40 39 34 35 36 49 32 18 31 22 1
Knapsack Array = 0 0 1 0 0 0 0 0 0 0 0 0 0 0 0 0 1 0 0 0 1 0 1 0 0 0 0 0 0 1 0 0 1 0 0 1 0 0 0 0 0 0 0 0 0 0 0 1 0 0 0 
Picked Items (item,city) = (3 , 4) (17 , 18) (21 , 22) (23 , 24) (30 , 31) (33 , 34) (36 , 37) (48 , 49) 

Travel Time: 7985.956791729089673; Profit: 6437; TSP Distance : 7748.3357000000032713; Weight: 1943 / 4490; 0000000
TSP Tour = 1 44 46 16 29 50 20 23 30 2 7 42 21 17 3 45 19 41 8 9 10 43 33 51 11 52 14 13 47 26 27 28 12 25 4 6 15 5 24 48 38 37 40 39 34 35 36 49 32 18 31 22 1
Knapsack Array = 1 0 1 0 0 0 0 0 0 0 0 0 0 0 0 0 1 0 0 0 1 0 1 0 0 0 0 0 0 1 0 0 1 0 0 1 0 0 0 0 0 0 0 0 0 0 0 1 0 0 0 
Picked Items (item,city) = (1 , 2) (3 , 4) (17 , 18) (21 , 22) (23 , 24) (30 , 31) (33 , 34) (36 , 37) (48 , 49) 

Travel Time: 8037.8584487092257405; Profit: 6745; TSP Distance : 7748.3357000000032713; Weight: 1989 / 4490; 0000000
TSP Tour = 1 44 46 16 29 50 20 23 30 2 7 42 21 17 3 45 19 41 8 9 10 43 33 51 11 52 14 13 47 26 27 28 12 25 4 6 15 5 24 48 38 37 40 39 34 35 36 49 32 18 31 22 1
Knapsack Array = 0 0 1 0 0 0 0 0 0 0 0 0 0 0 0 0 1 1 0 0 1 0 1 0 0 0 0 0 0 1 0 0 1 0 0 1 0 0 0 0 0 0 0 0 0 0 0 1 0 0 0 
Picked Items (item,city) = (3 , 4) (17 , 18) (18 , 19) (21 , 22) (23 , 24) (30 , 31) (33 , 34) (36 , 37) (48 , 49) 

Travel Time: 8039.2393380539106147; Profit: 6864; TSP Distance : 7748.3357000000032713; Weight: 1990 / 4490; 0000000
TSP Tour = 1 44 46 16 29 50 20 23 30 2 7 42 21 17 3 45 19 41 8 9 10 43 33 51 11 52 14 13 47 26 27 28 12 25 4 6 15 5 24 48 38 37 40 39 34 35 36 49 32 18 31 22 1
Knapsack Array = 1 0 1 0 0 0 0 0 0 0 0 0 0 0 0 0 1 1 0 0 1 0 1 0 0 0 0 0 0 1 0 0 1 0 0 1 0 0 0 0 0 0 0 0 0 0 0 1 0 0 0 
Picked Items (item,city) = (1 , 2) (3 , 4) (17 , 18) (18 , 19) (21 , 22) (23 , 24) (30 , 31) (33 , 34) (36 , 37) (48 , 49) 

Travel Time: 8116.9040657303785338; Profit: 6867; TSP Distance : 7748.3357000000032713; Weight: 1822 / 4490; 0000000
TSP Tour = 1 44 46 16 29 50 20 23 30 2 7 42 21 17 3 45 19 41 8 9 10 43 33 51 11 52 14 13 47 26 27 28 12 25 4 6 15 5 24 48 38 37 40 39 34 35 36 49 32 18 31 22 1
Knapsack Array = 0 0 1 0 0 0 0 0 0 0 0 0 0 0 0 0 1 1 0 0 1 0 1 0 0 0 0 0 0 1 0 0 1 0 0 1 0 0 0 0 0 0 0 0 0 0 0 0 0 0 1 
Picked Items (item,city) = (3 , 4) (17 , 18) (18 , 19) (21 , 22) (23 , 24) (30 , 31) (33 , 34) (36 , 37) (51 , 52) 

Travel Time: 8121.2422462746644669; Profit: 7048; TSP Distance : 7748.3357000000032713; Weight: 2064 / 4490; 0000000
TSP Tour = 1 44 46 16 29 50 20 23 30 2 7 42 21 17 3 45 19 41 8 9 10 43 33 51 11 52 14 13 47 26 27 28 12 25 4 6 15 5 24 48 38 37 40 39 34 35 36 49 32 18 31 22 1
Knapsack Array = 0 0 1 0 0 0 1 0 0 0 0 0 0 0 0 0 1 0 0 0 1 0 1 0 0 0 0 0 0 1 0 0 1 0 0 1 0 0 0 0 0 0 0 0 0 0 0 1 0 0 0 
Picked Items (item,city) = (3 , 4) (7 , 8) (17 , 18) (21 , 22) (23 , 24) (30 , 31) (33 , 34) (36 , 37) (48 , 49) 

Travel Time: 8122.6600678517625056; Profit: 7167; TSP Distance : 7748.3357000000032713; Weight: 2065 / 4490; 0000000
TSP Tour = 1 44 46 16 29 50 20 23 30 2 7 42 21 17 3 45 19 41 8 9 10 43 33 51 11 52 14 13 47 26 27 28 12 25 4 6 15 5 24 48 38 37 40 39 34 35 36 49 32 18 31 22 1
Knapsack Array = 1 0 1 0 0 0 1 0 0 0 0 0 0 0 0 0 1 0 0 0 1 0 1 0 0 0 0 0 0 1 0 0 1 0 0 1 0 0 0 0 0 0 0 0 0 0 0 1 0 0 0 
Picked Items (item,city) = (1 , 2) (3 , 4) (7 , 8) (17 , 18) (21 , 22) (23 , 24) (30 , 31) (33 , 34) (36 , 37) (48 , 49) 

Travel Time: 8127.9048850252902412; Profit: 7307; TSP Distance : 7748.3357000000032713; Weight: 2146 / 4490; 0000000
TSP Tour = 1 44 46 16 29 50 20 23 30 2 7 42 21 17 3 45 19 41 8 9 10 43 33 51 11 52 14 13 47 26 27 28 12 25 4 6 15 5 24 48 38 37 40 39 34 35 36 49 32 18 31 22 1
Knapsack Array = 0 0 1 0 0 0 0 0 0 0 0 0 0 0 0 0 1 0 0 0 1 0 1 0 0 0 0 0 0 1 0 0 1 0 0 1 0 0 0 0 0 0 0 0 0 0 0 1 0 0 1 
Picked Items (item,city) = (3 , 4) (17 , 18) (21 , 22) (23 , 24) (30 , 31) (33 , 34) (36 , 37) (48 , 49) (51 , 52) 

Travel Time: 8129.3293803387368825; Profit: 7426; TSP Distance : 7748.3357000000032713; Weight: 2147 / 4490; 0000000
TSP Tour = 1 44 46 16 29 50 20 23 30 2 7 42 21 17 3 45 19 41 8 9 10 43 33 51 11 52 14 13 47 26 27 28 12 25 4 6 15 5 24 48 38 37 40 39 34 35 36 49 32 18 31 22 1
Knapsack Array = 1 0 1 0 0 0 0 0 0 0 0 0 0 0 0 0 1 0 0 0 1 0 1 0 0 0 0 0 0 1 0 0 1 0 0 1 0 0 0 0 0 0 0 0 0 0 0 1 0 0 1 
Picked Items (item,city) = (1 , 2) (3 , 4) (17 , 18) (21 , 22) (23 , 24) (30 , 31) (33 , 34) (36 , 37) (48 , 49) (51 , 52) 

Travel Time: 8177.3707996317589277; Profit: 7475; TSP Distance : 7748.3357000000032713; Weight: 2111 / 4490; 0000000
TSP Tour = 1 44 46 16 29 50 20 23 30 2 7 42 21 17 3 45 19 41 8 9 10 43 33 51 11 52 14 13 47 26 27 28 12 25 4 6 15 5 24 48 38 37 40 39 34 35 36 49 32 18 31 22 1
Knapsack Array = 0 0 1 0 0 0 1 0 0 0 0 0 0 0 0 0 1 1 0 0 1 0 1 0 0 0 0 0 0 1 0 0 1 0 0 1 0 0 0 0 0 0 0 0 0 0 0 1 0 0 0 
Picked Items (item,city) = (3 , 4) (7 , 8) (17 , 18) (18 , 19) (21 , 22) (23 , 24) (30 , 31) (33 , 34) (36 , 37) (48 , 49) 

Travel Time: 8178.81373737888498; Profit: 7594; TSP Distance : 7748.3357000000032713; Weight: 2112 / 4490; 0000000
TSP Tour = 1 44 46 16 29 50 20 23 30 2 7 42 21 17 3 45 19 41 8 9 10 43 33 51 11 52 14 13 47 26 27 28 12 25 4 6 15 5 24 48 38 37 40 39 34 35 36 49 32 18 31 22 1
Knapsack Array = 1 0 1 0 0 0 1 0 0 0 0 0 0 0 0 0 1 1 0 0 1 0 1 0 0 0 0 0 0 1 0 0 1 0 0 1 0 0 0 0 0 0 0 0 0 0 0 1 0 0 0 
Picked Items (item,city) = (1 , 2) (3 , 4) (7 , 8) (17 , 18) (18 , 19) (21 , 22) (23 , 24) (30 , 31) (33 , 34) (36 , 37) (48 , 49) 

Travel Time: 8184.3553705698823251; Profit: 7734; TSP Distance : 7748.3357000000032713; Weight: 2193 / 4490; 0000000
TSP Tour = 1 44 46 16 29 50 20 23 30 2 7 42 21 17 3 45 19 41 8 9 10 43 33 51 11 52 14 13 47 26 27 28 12 25 4 6 15 5 24 48 38 37 40 39 34 35 36 49 32 18 31 22 1
Knapsack Array = 0 0 1 0 0 0 0 0 0 0 0 0 0 0 0 0 1 1 0 0 1 0 1 0 0 0 0 0 0 1 0 0 1 0 0 1 0 0 0 0 0 0 0 0 0 0 0 1 0 0 1 
Picked Items (item,city) = (3 , 4) (17 , 18) (18 , 19) (21 , 22) (23 , 24) (30 , 31) (33 , 34) (36 , 37) (48 , 49) (51 , 52) 

Travel Time: 8185.8053454182017958; Profit: 7853; TSP Distance : 7748.3357000000032713; Weight: 2194 / 4490; 0000000
TSP Tour = 1 44 46 16 29 50 20 23 30 2 7 42 21 17 3 45 19 41 8 9 10 43 33 51 11 52 14 13 47 26 27 28 12 25 4 6 15 5 24 48 38 37 40 39 34 35 36 49 32 18 31 22 1
Knapsack Array = 1 0 1 0 0 0 0 0 0 0 0 0 0 0 0 0 1 1 0 0 1 0 1 0 0 0 0 0 0 1 0 0 1 0 0 1 0 0 0 0 0 0 0 0 0 0 0 1 0 0 1 
Picked Items (item,city) = (1 , 2) (3 , 4) (17 , 18) (18 , 19) (21 , 22) (23 , 24) (30 , 31) (33 , 34) (36 , 37) (48 , 49) (51 , 52) 

Travel Time: 8273.0638971781299915; Profit: 8037; TSP Distance : 7748.3357000000032713; Weight: 2268 / 4490; 0000000
TSP Tour = 1 44 46 16 29 50 20 23 30 2 7 42 21 17 3 45 19 41 8 9 10 43 33 51 11 52 14 13 47 26 27 28 12 25 4 6 15 5 24 48 38 37 40 39 34 35 36 49 32 18 31 22 1
Knapsack Array = 0 0 1 0 0 0 1 0 0 0 0 0 0 0 0 0 1 0 0 0 1 0 1 0 0 0 0 0 0 1 0 0 1 0 0 1 0 0 0 0 0 0 0 0 0 0 0 1 0 0 1 
Picked Items (item,city) = (3 , 4) (7 , 8) (17 , 18) (21 , 22) (23 , 24) (30 , 31) (33 , 34) (36 , 37) (48 , 49) (51 , 52) 

Travel Time: 8274.5547282155130233; Profit: 8156; TSP Distance : 7748.3357000000032713; Weight: 2269 / 4490; 0000000
TSP Tour = 1 44 46 16 29 50 20 23 30 2 7 42 21 17 3 45 19 41 8 9 10 43 33 51 11 52 14 13 47 26 27 28 12 25 4 6 15 5 24 48 38 37 40 39 34 35 36 49 32 18 31 22 1
Knapsack Array = 1 0 1 0 0 0 1 0 0 0 0 0 0 0 0 0 1 0 0 0 1 0 1 0 0 0 0 0 0 1 0 0 1 0 0 1 0 0 0 0 0 0 0 0 0 0 0 1 0 0 1 
Picked Items (item,city) = (1 , 2) (3 , 4) (7 , 8) (17 , 18) (21 , 22) (23 , 24) (30 , 31) (33 , 34) (36 , 37) (48 , 49) (51 , 52) 

Travel Time: 8332.6835966972139431; Profit: 8464; TSP Distance : 7748.3357000000032713; Weight: 2315 / 4490; 0000000
TSP Tour = 1 44 46 16 29 50 20 23 30 2 7 42 21 17 3 45 19 41 8 9 10 43 33 51 11 52 14 13 47 26 27 28 12 25 4 6 15 5 24 48 38 37 40 39 34 35 36 49 32 18 31 22 1
Knapsack Array = 0 0 1 0 0 0 1 0 0 0 0 0 0 0 0 0 1 1 0 0 1 0 1 0 0 0 0 0 0 1 0 0 1 0 0 1 0 0 0 0 0 0 0 0 0 0 0 1 0 0 1 
Picked Items (item,city) = (3 , 4) (7 , 8) (17 , 18) (18 , 19) (21 , 22) (23 , 24) (30 , 31) (33 , 34) (36 , 37) (48 , 49) (51 , 52) 

Travel Time: 8334.2021613184042508; Profit: 8583; TSP Distance : 7748.3357000000032713; Weight: 2316 / 4490; 0000000
TSP Tour = 1 44 46 16 29 50 20 23 30 2 7 42 21 17 3 45 19 41 8 9 10 43 33 51 11 52 14 13 47 26 27 28 12 25 4 6 15 5 24 48 38 37 40 39 34 35 36 49 32 18 31 22 1
Knapsack Array = 1 0 1 0 0 0 1 0 0 0 0 0 0 0 0 0 1 1 0 0 1 0 1 0 0 0 0 0 0 1 0 0 1 0 0 1 0 0 0 0 0 0 0 0 0 0 0 1 0 0 1 
Picked Items (item,city) = (1 , 2) (3 , 4) (7 , 8) (17 , 18) (18 , 19) (21 , 22) (23 , 24) (30 , 31) (33 , 34) (36 , 37) (48 , 49) (51 , 52) 

Travel Time: 8409.5341630460879969; Profit: 8704; TSP Distance : 7748.3357000000032713; Weight: 2518 / 4490; 0000000
TSP Tour = 1 44 46 16 29 50 20 23 30 2 7 42 21 17 3 45 19 41 8 9 10 43 33 51 11 52 14 13 47 26 27 28 12 25 4 6 15 5 24 48 38 37 40 39 34 35 36 49 32 18 31 22 1
Knapsack Array = 0 0 1 0 0 0 0 0 0 0 0 1 0 0 0 0 1 1 0 0 1 0 1 0 0 0 0 0 0 1 0 0 1 0 0 1 0 0 0 0 0 0 0 0 0 0 0 1 0 0 1 
Picked Items (item,city) = (3 , 4) (12 , 13) (17 , 18) (18 , 19) (21 , 22) (23 , 24) (30 , 31) (33 , 34) (36 , 37) (48 , 49) (51 , 52) 

Travel Time: 8441.4648411299167492; Profit: 8830; TSP Distance : 7748.3357000000032713; Weight: 2669 / 4490; 0000000
TSP Tour = 1 44 46 16 29 50 20 23 30 2 7 42 21 17 3 45 19 41 8 9 10 43 33 51 11 52 14 13 47 26 27 28 12 25 4 6 15 5 24 48 38 37 40 39 34 35 36 49 32 18 31 22 1
Knapsack Array = 1 0 1 0 0 0 0 0 0 0 0 0 0 0 0 0 1 1 0 0 1 0 1 0 0 0 1 0 0 1 0 0 1 0 0 1 0 0 0 0 0 0 0 0 0 0 0 1 0 0 1 
Picked Items (item,city) = (1 , 2) (3 , 4) (17 , 18) (18 , 19) (21 , 22) (23 , 24) (27 , 28) (30 , 31) (33 , 34) (36 , 37) (48 , 49) (51 , 52) 

Travel Time: 8507.2854013346950524; Profit: 9007; TSP Distance : 7748.3357000000032713; Weight: 2593 / 4490; 0000000
TSP Tour = 1 44 46 16 29 50 20 23 30 2 7 42 21 17 3 45 19 41 8 9 10 43 33 51 11 52 14 13 47 26 27 28 12 25 4 6 15 5 24 48 38 37 40 39 34 35 36 49 32 18 31 22 1
Knapsack Array = 0 0 1 0 0 0 1 0 0 0 0 1 0 0 0 0 1 0 0 0 1 0 1 0 0 0 0 0 0 1 0 0 1 0 0 1 0 0 0 0 0 0 0 0 0 0 0 1 0 0 1 
Picked Items (item,city) = (3 , 4) (7 , 8) (12 , 13) (17 , 18) (21 , 22) (23 , 24) (30 , 31) (33 , 34) (36 , 37) (48 , 49) (51 , 52) 

Travel Time: 8508.9006059513321816; Profit: 9126; TSP Distance : 7748.3357000000032713; Weight: 2594 / 4490; 0000000
TSP Tour = 1 44 46 16 29 50 20 23 30 2 7 42 21 17 3 45 19 41 8 9 10 43 33 51 11 52 14 13 47 26 27 28 12 25 4 6 15 5 24 48 38 37 40 39 34 35 36 49 32 18 31 22 1
Knapsack Array = 1 0 1 0 0 0 1 0 0 0 0 1 0 0 0 0 1 0 0 0 1 0 1 0 0 0 0 0 0 1 0 0 1 0 0 1 0 0 0 0 0 0 0 0 0 0 0 1 0 0 1 
Picked Items (item,city) = (1 , 2) (3 , 4) (7 , 8) (12 , 13) (17 , 18) (21 , 22) (23 , 24) (30 , 31) (33 , 34) (36 , 37) (48 , 49) (51 , 52) 

Travel Time: 8541.3546043752830883; Profit: 9133; TSP Distance : 7748.3357000000032713; Weight: 2744 / 4490; 0000000
TSP Tour = 1 44 46 16 29 50 20 23 30 2 7 42 21 17 3 45 19 41 8 9 10 43 33 51 11 52 14 13 47 26 27 28 12 25 4 6 15 5 24 48 38 37 40 39 34 35 36 49 32 18 31 22 1
Knapsack Array = 1 0 1 0 0 0 1 0 0 0 0 0 0 0 0 0 1 0 0 0 1 0 1 0 0 0 1 0 0 1 0 0 1 0 0 1 0 0 0 0 0 0 0 0 0 0 0 1 0 0 1 
Picked Items (item,city) = (1 , 2) (3 , 4) (7 , 8) (17 , 18) (21 , 22) (23 , 24) (27 , 28) (30 , 31) (33 , 34) (36 , 37) (48 , 49) (51 , 52) 

Travel Time: 8572.8640403975514346; Profit: 9434; TSP Distance : 7748.3357000000032713; Weight: 2640 / 4490; 0000000
TSP Tour = 1 44 46 16 29 50 20 23 30 2 7 42 21 17 3 45 19 41 8 9 10 43 33 51 11 52 14 13 47 26 27 28 12 25 4 6 15 5 24 48 38 37 40 39 34 35 36 49 32 18 31 22 1
Knapsack Array = 0 0 1 0 0 0 1 0 0 0 0 1 0 0 0 0 1 1 0 0 1 0 1 0 0 0 0 0 0 1 0 0 1 0 0 1 0 0 0 0 0 0 0 0 0 0 0 1 0 0 1 
Picked Items (item,city) = (3 , 4) (7 , 8) (12 , 13) (17 , 18) (18 , 19) (21 , 22) (23 , 24) (30 , 31) (33 , 34) (36 , 37) (48 , 49) (51 , 52) 

Travel Time: 8574.5119544781009608; Profit: 9553; TSP Distance : 7748.3357000000032713; Weight: 2641 / 4490; 0000000
TSP Tour = 1 44 46 16 29 50 20 23 30 2 7 42 21 17 3 45 19 41 8 9 10 43 33 51 11 52 14 13 47 26 27 28 12 25 4 6 15 5 24 48 38 37 40 39 34 35 36 49 32 18 31 22 1
Knapsack Array = 1 0 1 0 0 0 1 0 0 0 0 1 0 0 0 0 1 1 0 0 1 0 1 0 0 0 0 0 0 1 0 0 1 0 0 1 0 0 0 0 0 0 0 0 0 0 0 1 0 0 1 
Picked Items (item,city) = (1 , 2) (3 , 4) (7 , 8) (12 , 13) (17 , 18) (18 , 19) (21 , 22) (23 , 24) (30 , 31) (33 , 34) (36 , 37) (48 , 49) (51 , 52) 

Travel Time: 8608.3746211041616334; Profit: 9560; TSP Distance : 7748.3357000000032713; Weight: 2791 / 4490; 0000000
TSP Tour = 1 44 46 16 29 50 20 23 30 2 7 42 21 17 3 45 19 41 8 9 10 43 33 51 11 52 14 13 47 26 27 28 12 25 4 6 15 5 24 48 38 37 40 39 34 35 36 49 32 18 31 22 1
Knapsack Array = 1 0 1 0 0 0 1 0 0 0 0 0 0 0 0 0 1 1 0 0 1 0 1 0 0 0 1 0 0 1 0 0 1 0 0 1 0 0 0 0 0 0 0 0 0 0 0 1 0 0 1 
Picked Items (item,city) = (1 , 2) (3 , 4) (7 , 8) (17 , 18) (18 , 19) (21 , 22) (23 , 24) (27 , 28) (30 , 31) (33 , 34) (36 , 37) (48 , 49) (51 , 52) 

Travel Time: 8719.3400930424468243; Profit: 9681; TSP Distance : 7748.3357000000032713; Weight: 2993 / 4490; 0000000
TSP Tour = 1 44 46 16 29 50 20 23 30 2 7 42 21 17 3 45 19 41 8 9 10 43 33 51 11 52 14 13 47 26 27 28 12 25 4 6 15 5 24 48 38 37 40 39 34 35 36 49 32 18 31 22 1
Knapsack Array = 0 0 1 0 0 0 0 0 0 0 0 1 0 0 0 0 1 1 0 0 1 0 1 0 0 0 1 0 0 1 0 0 1 0 0 1 0 0 0 0 0 0 0 0 0 0 0 1 0 0 1 
Picked Items (item,city) = (3 , 4) (12 , 13) (17 , 18) (18 , 19) (21 , 22) (23 , 24) (27 , 28) (30 , 31) (33 , 34) (36 , 37) (48 , 49) (51 , 52) 

Travel Time: 8721.1012090084495867; Profit: 9800; TSP Distance : 7748.3357000000032713; Weight: 2994 / 4490; 0000000
TSP Tour = 1 44 46 16 29 50 20 23 30 2 7 42 21 17 3 45 19 41 8 9 10 43 33 51 11 52 14 13 47 26 27 28 12 25 4 6 15 5 24 48 38 37 40 39 34 35 36 49 32 18 31 22 1
Knapsack Array = 1 0 1 0 0 0 0 0 0 0 0 1 0 0 0 0 1 1 0 0 1 0 1 0 0 0 1 0 0 1 0 0 1 0 0 1 0 0 0 0 0 0 0 0 0 0 0 1 0 0 1 
Picked Items (item,city) = (1 , 2) (3 , 4) (12 , 13) (17 , 18) (18 , 19) (21 , 22) (23 , 24) (27 , 28) (30 , 31) (33 , 34) (36 , 37) (48 , 49) (51 , 52) 

Travel Time: 8811.1266485196738358; Profit: 9884; TSP Distance : 7748.3357000000032713; Weight: 2764 / 4490; 0000000
TSP Tour = 1 44 46 16 29 50 20 23 30 2 7 42 21 17 3 45 19 41 8 9 10 43 33 51 11 52 14 13 47 26 27 28 12 25 4 6 15 5 24 48 38 37 40 39 34 35 36 49 32 18 31 22 1
Knapsack Array = 1 0 1 0 0 0 1 0 0 0 0 1 0 0 1 0 1 1 0 0 1 0 1 0 0 0 0 0 0 1 0 0 1 0 0 1 0 0 0 0 0 0 0 0 0 0 0 1 0 0 1 
Picked Items (item,city) = (1 , 2) (3 , 4) (7 , 8) (12 , 13) (15 , 16) (17 , 18) (18 , 19) (21 , 22) (23 , 24) (30 , 31) (33 , 34) (36 , 37) (48 , 49) (51 , 52) 

Travel Time: 8832.2041125141677185; Profit: 9984; TSP Distance : 7748.3357000000032713; Weight: 3068 / 4490; 0000000
TSP Tour = 1 44 46 16 29 50 20 23 30 2 7 42 21 17 3 45 19 41 8 9 10 43 33 51 11 52 14 13 47 26 27 28 12 25 4 6 15 5 24 48 38 37 40 39 34 35 36 49 32 18 31 22 1
Knapsack Array = 0 0 1 0 0 0 1 0 0 0 0 1 0 0 0 0 1 0 0 0 1 0 1 0 0 0 1 0 0 1 0 0 1 0 0 1 0 0 0 0 0 0 0 0 0 0 0 1 0 0 1 
Picked Items (item,city) = (3 , 4) (7 , 8) (12 , 13) (17 , 18) (21 , 22) (23 , 24) (27 , 28) (30 , 31) (33 , 34) (36 , 37) (48 , 49) (51 , 52) 

Travel Time: 8834.0286196299184667; Profit: 10103; TSP Distance : 7748.3357000000032713; Weight: 3069 / 4490; 0000000
TSP Tour = 1 44 46 16 29 50 20 23 30 2 7 42 21 17 3 45 19 41 8 9 10 43 33 51 11 52 14 13 47 26 27 28 12 25 4 6 15 5 24 48 38 37 40 39 34 35 36 49 32 18 31 22 1
Knapsack Array = 1 0 1 0 0 0 1 0 0 0 0 1 0 0 0 0 1 0 0 0 1 0 1 0 0 0 1 0 0 1 0 0 1 0 0 1 0 0 0 0 0 0 0 0 0 0 0 1 0 0 1 
Picked Items (item,city) = (1 , 2) (3 , 4) (7 , 8) (12 , 13) (17 , 18) (21 , 22) (23 , 24) (27 , 28) (30 , 31) (33 , 34) (36 , 37) (48 , 49) (51 , 52) 

Travel Time: 8907.8549695137935487; Profit: 10411; TSP Distance : 7748.3357000000032713; Weight: 3115 / 4490; 0000000
TSP Tour = 1 44 46 16 29 50 20 23 30 2 7 42 21 17 3 45 19 41 8 9 10 43 33 51 11 52 14 13 47 26 27 28 12 25 4 6 15 5 24 48 38 37 40 39 34 35 36 49 32 18 31 22 1
Knapsack Array = 0 0 1 0 0 0 1 0 0 0 0 1 0 0 0 0 1 1 0 0 1 0 1 0 0 0 1 0 0 1 0 0 1 0 0 1 0 0 0 0 0 0 0 0 0 0 0 1 0 0 1 
Picked Items (item,city) = (3 , 4) (7 , 8) (12 , 13) (17 , 18) (18 , 19) (21 , 22) (23 , 24) (27 , 28) (30 , 31) (33 , 34) (36 , 37) (48 , 49) (51 , 52) 

Travel Time: 8909.7225225575439254; Profit: 10530; TSP Distance : 7748.3357000000032713; Weight: 3116 / 4490; 0000000
TSP Tour = 1 44 46 16 29 50 20 23 30 2 7 42 21 17 3 45 19 41 8 9 10 43 33 51 11 52 14 13 47 26 27 28 12 25 4 6 15 5 24 48 38 37 40 39 34 35 36 49 32 18 31 22 1
Knapsack Array = 1 0 1 0 0 0 1 0 0 0 0 1 0 0 0 0 1 1 0 0 1 0 1 0 0 0 1 0 0 1 0 0 1 0 0 1 0 0 0 0 0 0 0 0 0 0 0 1 0 0 1 
Picked Items (item,city) = (1 , 2) (3 , 4) (7 , 8) (12 , 13) (17 , 18) (18 , 19) (21 , 22) (23 , 24) (27 , 28) (30 , 31) (33 , 34) (36 , 37) (48 , 49) (51 , 52) 

Travel Time: 9111.895488999920417; Profit: 10629; TSP Distance : 7748.3357000000032713; Weight: 3217 / 4490; 0000000
TSP Tour = 1 44 46 16 29 50 20 23 30 2 7 42 21 17 3 45 19 41 8 9 10 43 33 51 11 52 14 13 47 26 27 28 12 25 4 6 15 5 24 48 38 37 40 39 34 35 36 49 32 18 31 22 1
Knapsack Array = 1 0 1 0 0 0 1 0 0 0 0 1 0 0 0 0 1 1 0 0 1 0 1 0 0 0 1 0 1 1 0 0 1 0 0 1 0 0 0 0 0 0 0 0 0 0 0 1 0 0 1 
Picked Items (item,city) = (1 , 2) (3 , 4) (7 , 8) (12 , 13) (17 , 18) (18 , 19) (21 , 22) (23 , 24) (27 , 28) (29 , 30) (30 , 31) (33 , 34) (36 , 37) (48 , 49) (51 , 52) 

Travel Time: 9150.9238043553141324; Profit: 10661; TSP Distance : 7748.3357000000032713; Weight: 3272 / 4490; 0000000
TSP Tour = 1 44 46 16 29 50 20 23 30 2 7 42 21 17 3 45 19 41 8 9 10 43 33 51 11 52 14 13 47 26 27 28 12 25 4 6 15 5 24 48 38 37 40 39 34 35 36 49 32 18 31 22 1
Knapsack Array = 0 0 1 0 0 0 1 0 0 0 0 1 0 0 0 0 1 1 0 0 1 0 1 0 0 0 1 0 0 1 0 0 1 0 0 1 0 0 0 0 0 1 0 0 0 0 0 1 0 0 1 
Picked Items (item,city) = (3 , 4) (7 , 8) (12 , 13) (17 , 18) (18 , 19) (21 , 22) (23 , 24) (27 , 28) (30 , 31) (33 , 34) (36 , 37) (42 , 43) (48 , 49) (51 , 52) 

Travel Time: 9152.9396964764600853; Profit: 10780; TSP Distance : 7748.3357000000032713; Weight: 3273 / 4490; 0000000
TSP Tour = 1 44 46 16 29 50 20 23 30 2 7 42 21 17 3 45 19 41 8 9 10 43 33 51 11 52 14 13 47 26 27 28 12 25 4 6 15 5 24 48 38 37 40 39 34 35 36 49 32 18 31 22 1
Knapsack Array = 1 0 1 0 0 0 1 0 0 0 0 1 0 0 0 0 1 1 0 0 1 0 1 0 0 0 1 0 0 1 0 0 1 0 0 1 0 0 0 0 0 1 0 0 0 0 0 1 0 0 1 
Picked Items (item,city) = (1 , 2) (3 , 4) (7 , 8) (12 , 13) (17 , 18) (18 , 19) (21 , 22) (23 , 24) (27 , 28) (30 , 31) (33 , 34) (36 , 37) (42 , 43) (48 , 49) (51 , 52) 

Travel Time: 9175.197981664492545; Profit: 10861; TSP Distance : 7748.3357000000032713; Weight: 3239 / 4490; 0000000
TSP Tour = 1 44 46 16 29 50 20 23 30 2 7 42 21 17 3 45 19 41 8 9 10 43 33 51 11 52 14 13 47 26 27 28 12 25 4 6 15 5 24 48 38 37 40 39 34 35 36 49 32 18 31 22 1
Knapsack Array = 1 0 1 0 0 0 1 0 0 0 0 1 0 0 1 0 1 1 0 0 1 0 1 0 0 0 1 0 0 1 0 0 1 0 0 1 0 0 0 0 0 0 0 0 0 0 0 1 0 0 1 
Picked Items (item,city) = (1 , 2) (3 , 4) (7 , 8) (12 , 13) (15 , 16) (17 , 18) (18 , 19) (21 , 22) (23 , 24) (27 , 28) (30 , 31) (33 , 34) (36 , 37) (48 , 49) (51 , 52) 

Travel Time: 9370.9146504863292648; Profit: 10879; TSP Distance : 7748.3357000000032713; Weight: 3374 / 4490; 0000000
TSP Tour = 1 44 46 16 29 50 20 23 30 2 7 42 21 17 3 45 19 41 8 9 10 43 33 51 11 52 14 13 47 26 27 28 12 25 4 6 15 5 24 48 38 37 40 39 34 35 36 49 32 18 31 22 1
Knapsack Array = 1 0 1 0 0 0 1 0 0 0 0 1 0 0 0 0 1 1 0 0 1 0 1 0 0 0 1 0 1 1 0 0 1 0 0 1 0 0 0 0 0 1 0 0 0 0 0 1 0 0 1 
Picked Items (item,city) = (1 , 2) (3 , 4) (7 , 8) (12 , 13) (17 , 18) (18 , 19) (21 , 22) (23 , 24) (27 , 28) (29 , 30) (30 , 31) (33 , 34) (36 , 37) (42 , 43) (48 , 49) (51 , 52) 

Travel Time: 9392.0569673709778726; Profit: 10960; TSP Distance : 7748.3357000000032713; Weight: 3340 / 4490; 0000000
TSP Tour = 1 44 46 16 29 50 20 23 30 2 7 42 21 17 3 45 19 41 8 9 10 43 33 51 11 52 14 13 47 26 27 28 12 25 4 6 15 5 24 48 38 37 40 39 34 35 36 49 32 18 31 22 1
Knapsack Array = 1 0 1 0 0 0 1 0 0 0 0 1 0 0 1 0 1 1 0 0 1 0 1 0 0 0 1 0 1 1 0 0 1 0 0 1 0 0 0 0 0 0 0 0 0 0 0 1 0 0 1 
Picked Items (item,city) = (1 , 2) (3 , 4) (7 , 8) (12 , 13) (15 , 16) (17 , 18) (18 , 19) (21 , 22) (23 , 24) (27 , 28) (29 , 30) (30 , 31) (33 , 34) (36 , 37) (48 , 49) (51 , 52) 

Travel Time: 9435.7180905023597006; Profit: 10992; TSP Distance : 7748.3357000000032713; Weight: 3395 / 4490; 0000000
TSP Tour = 1 44 46 16 29 50 20 23 30 2 7 42 21 17 3 45 19 41 8 9 10 43 33 51 11 52 14 13 47 26 27 28 12 25 4 6 15 5 24 48 38 37 40 39 34 35 36 49 32 18 31 22 1
Knapsack Array = 0 0 1 0 0 0 1 0 0 0 0 1 0 0 1 0 1 1 0 0 1 0 1 0 0 0 1 0 0 1 0 0 1 0 0 1 0 0 0 0 0 1 0 0 0 0 0 1 0 0 1 
Picked Items (item,city) = (3 , 4) (7 , 8) (12 , 13) (15 , 16) (17 , 18) (18 , 19) (21 , 22) (23 , 24) (27 , 28) (30 , 31) (33 , 34) (36 , 37) (42 , 43) (48 , 49) (51 , 52) 

Travel Time: 9437.8888704685705306; Profit: 11111; TSP Distance : 7748.3357000000032713; Weight: 3396 / 4490; 0000000
TSP Tour = 1 44 46 16 29 50 20 23 30 2 7 42 21 17 3 45 19 41 8 9 10 43 33 51 11 52 14 13 47 26 27 28 12 25 4 6 15 5 24 48 38 37 40 39 34 35 36 49 32 18 31 22 1
Knapsack Array = 1 0 1 0 0 0 1 0 0 0 0 1 0 0 1 0 1 1 0 0 1 0 1 0 0 0 1 0 0 1 0 0 1 0 0 1 0 0 0 0 0 1 0 0 0 0 0 1 0 0 1 
Picked Items (item,city) = (1 , 2) (3 , 4) (7 , 8) (12 , 13) (15 , 16) (17 , 18) (18 , 19) (21 , 22) (23 , 24) (27 , 28) (30 , 31) (33 , 34) (36 , 37) (42 , 43) (48 , 49) (51 , 52) 

Travel Time: 9672.7942562761891168; Profit: 11210; TSP Distance : 7748.3357000000032713; Weight: 3497 / 4490; 0000000
TSP Tour = 1 44 46 16 29 50 20 23 30 2 7 42 21 17 3 45 19 41 8 9 10 43 33 51 11 52 14 13 47 26 27 28 12 25 4 6 15 5 24 48 38 37 40 39 34 35 36 49 32 18 31 22 1
Knapsack Array = 1 0 1 0 0 0 1 0 0 0 0 1 0 0 1 0 1 1 0 0 1 0 1 0 0 0 1 0 1 1 0 0 1 0 0 1 0 0 0 0 0 1 0 0 0 0 0 1 0 0 1 
Picked Items (item,city) = (1 , 2) (3 , 4) (7 , 8) (12 , 13) (15 , 16) (17 , 18) (18 , 19) (21 , 22) (23 , 24) (27 , 28) (29 , 30) (30 , 31) (33 , 34) (36 , 37) (42 , 43) (48 , 49) (51 , 52) 

Travel Time: 9761.8496102544722817; Profit: 11309; TSP Distance : 7748.3357000000032713; Weight: 3525 / 4490; 0000000
TSP Tour = 1 44 46 16 29 50 20 23 30 2 7 42 21 17 3 45 19 41 8 9 10 43 33 51 11 52 14 13 47 26 27 28 12 25 4 6 15 5 24 48 38 37 40 39 34 35 36 49 32 18 31 22 1
Knapsack Array = 0 0 1 0 0 0 1 0 0 0 0 1 0 0 0 0 1 1 0 0 1 0 1 0 0 0 1 0 0 1 0 0 1 0 0 1 0 0 0 0 1 0 0 0 0 0 0 1 0 0 1 
Picked Items (item,city) = (3 , 4) (7 , 8) (12 , 13) (17 , 18) (18 , 19) (21 , 22) (23 , 24) (27 , 28) (30 , 31) (33 , 34) (36 , 37) (41 , 42) (48 , 49) (51 , 52) 

Travel Time: 9764.2339893811331422; Profit: 11428; TSP Distance : 7748.3357000000032713; Weight: 3526 / 4490; 0000000
TSP Tour = 1 44 46 16 29 50 20 23 30 2 7 42 21 17 3 45 19 41 8 9 10 43 33 51 11 52 14 13 47 26 27 28 12 25 4 6 15 5 24 48 38 37 40 39 34 35 36 49 32 18 31 22 1
Knapsack Array = 1 0 1 0 0 0 1 0 0 0 0 1 0 0 0 0 1 1 0 0 1 0 1 0 0 0 1 0 0 1 0 0 1 0 0 1 0 0 0 0 1 0 0 0 0 0 0 1 0 0 1 
Picked Items (item,city) = (1 , 2) (3 , 4) (7 , 8) (12 , 13) (17 , 18) (18 , 19) (21 , 22) (23 , 24) (27 , 28) (30 , 31) (33 , 34) (36 , 37) (41 , 42) (48 , 49) (51 , 52) 

Travel Time: 10021.523824268142562; Profit: 11527; TSP Distance : 7748.3357000000032713; Weight: 3627 / 4490; 0000000
TSP Tour = 1 44 46 16 29 50 20 23 30 2 7 42 21 17 3 45 19 41 8 9 10 43 33 51 11 52 14 13 47 26 27 28 12 25 4 6 15 5 24 48 38 37 40 39 34 35 36 49 32 18 31 22 1
Knapsack Array = 1 0 1 0 0 0 1 0 0 0 0 1 0 0 0 0 1 1 0 0 1 0 1 0 0 0 1 0 1 1 0 0 1 0 0 1 0 0 0 0 1 0 0 0 0 0 0 1 0 0 1 
Picked Items (item,city) = (1 , 2) (3 , 4) (7 , 8) (12 , 13) (17 , 18) (18 , 19) (21 , 22) (23 , 24) (27 , 28) (29 , 30) (30 , 31) (33 , 34) (36 , 37) (41 , 42) (48 , 49) (51 , 52) 

Travel Time: 10081.719589702899611; Profit: 11559; TSP Distance : 7748.3357000000032713; Weight: 3682 / 4490; 0000000
TSP Tour = 1 44 46 16 29 50 20 23 30 2 7 42 21 17 3 45 19 41 8 9 10 43 33 51 11 52 14 13 47 26 27 28 12 25 4 6 15 5 24 48 38 37 40 39 34 35 36 49 32 18 31 22 1
Knapsack Array = 0 0 1 0 0 0 1 0 0 0 0 1 0 0 0 0 1 1 0 0 1 0 1 0 0 0 1 0 0 1 0 0 1 0 0 1 0 0 0 0 1 1 0 0 0 0 0 1 0 0 1 
Picked Items (item,city) = (3 , 4) (7 , 8) (12 , 13) (17 , 18) (18 , 19) (21 , 22) (23 , 24) (27 , 28) (30 , 31) (33 , 34) (36 , 37) (41 , 42) (42 , 43) (48 , 49) (51 , 52) 

Travel Time: 10084.34086388842843; Profit: 11678; TSP Distance : 7748.3357000000032713; Weight: 3683 / 4490; 0000000
TSP Tour = 1 44 46 16 29 50 20 23 30 2 7 42 21 17 3 45 19 41 8 9 10 43 33 51 11 52 14 13 47 26 27 28 12 25 4 6 15 5 24 48 38 37 40 39 34 35 36 49 32 18 31 22 1
Knapsack Array = 1 0 1 0 0 0 1 0 0 0 0 1 0 0 0 0 1 1 0 0 1 0 1 0 0 0 1 0 0 1 0 0 1 0 0 1 0 0 0 0 1 1 0 0 0 0 0 1 0 0 1 
Picked Items (item,city) = (1 , 2) (3 , 4) (7 , 8) (12 , 13) (17 , 18) (18 , 19) (21 , 22) (23 , 24) (27 , 28) (30 , 31) (33 , 34) (36 , 37) (41 , 42) (42 , 43) (48 , 49) (51 , 52) 

Travel Time: 10097.652580949716139; Profit: 11759; TSP Distance : 7748.3357000000032713; Weight: 3649 / 4490; 0000000
TSP Tour = 1 44 46 16 29 50 20 23 30 2 7 42 21 17 3 45 19 41 8 9 10 43 33 51 11 52 14 13 47 26 27 28 12 25 4 6 15 5 24 48 38 37 40 39 34 35 36 49 32 18 31 22 1
Knapsack Array = 1 0 1 0 0 0 1 0 0 0 0 1 0 0 1 0 1 1 0 0 1 0 1 0 0 0 1 0 0 1 0 0 1 0 0 1 0 0 0 0 1 0 0 0 0 0 0 1 0 0 1 
Picked Items (item,city) = (1 , 2) (3 , 4) (7 , 8) (12 , 13) (15 , 16) (17 , 18) (18 , 19) (21 , 22) (23 , 24) (27 , 28) (30 , 31) (33 , 34) (36 , 37) (41 , 42) (48 , 49) (51 , 52) 

Travel Time: 10367.247236499259088; Profit: 11777; TSP Distance : 7748.3357000000032713; Weight: 3784 / 4490; 0000000
TSP Tour = 1 44 46 16 29 50 20 23 30 2 7 42 21 17 3 45 19 41 8 9 10 43 33 51 11 52 14 13 47 26 27 28 12 25 4 6 15 5 24 48 38 37 40 39 34 35 36 49 32 18 31 22 1
Knapsack Array = 1 0 1 0 0 0 1 0 0 0 0 1 0 0 0 0 1 1 0 0 1 0 1 0 0 0 1 0 1 1 0 0 1 0 0 1 0 0 0 0 1 1 0 0 0 0 0 1 0 0 1 
Picked Items (item,city) = (1 , 2) (3 , 4) (7 , 8) (12 , 13) (17 , 18) (18 , 19) (21 , 22) (23 , 24) (27 , 28) (29 , 30) (30 , 31) (33 , 34) (36 , 37) (41 , 42) (42 , 43) (48 , 49) (51 , 52) 

Travel Time: 10377.679494732305102; Profit: 11858; TSP Distance : 7748.3357000000032713; Weight: 3750 / 4490; 0000000
TSP Tour = 1 44 46 16 29 50 20 23 30 2 7 42 21 17 3 45 19 41 8 9 10 43 33 51 11 52 14 13 47 26 27 28 12 25 4 6 15 5 24 48 38 37 40 39 34 35 36 49 32 18 31 22 1
Knapsack Array = 1 0 1 0 0 0 1 0 0 0 0 1 0 0 1 0 1 1 0 0 1 0 1 0 0 0 1 0 1 1 0 0 1 0 0 1 0 0 0 0 1 0 0 0 0 0 0 1 0 0 1 
Picked Items (item,city) = (1 , 2) (3 , 4) (7 , 8) (12 , 13) (15 , 16) (17 , 18) (18 , 19) (21 , 22) (23 , 24) (27 , 28) (29 , 30) (30 , 31) (33 , 34) (36 , 37) (41 , 42) (48 , 49) (51 , 52) 

Travel Time: 10446.568192578044545; Profit: 11890; TSP Distance : 7748.3357000000032713; Weight: 3805 / 4490; 0000000
TSP Tour = 1 44 46 16 29 50 20 23 30 2 7 42 21 17 3 45 19 41 8 9 10 43 33 51 11 52 14 13 47 26 27 28 12 25 4 6 15 5 24 48 38 37 40 39 34 35 36 49 32 18 31 22 1
Knapsack Array = 0 0 1 0 0 0 1 0 0 0 0 1 0 0 1 0 1 1 0 0 1 0 1 0 0 0 1 0 0 1 0 0 1 0 0 1 0 0 0 0 1 1 0 0 0 0 0 1 0 0 1 
Picked Items (item,city) = (3 , 4) (7 , 8) (12 , 13) (15 , 16) (17 , 18) (18 , 19) (21 , 22) (23 , 24) (27 , 28) (30 , 31) (33 , 34) (36 , 37) (41 , 42) (42 , 43) (48 , 49) (51 , 52) 

Travel Time: 10449.439714183967226; Profit: 12009; TSP Distance : 7748.3357000000032713; Weight: 3806 / 4490; 0000000
TSP Tour = 1 44 46 16 29 50 20 23 30 2 7 42 21 17 3 45 19 41 8 9 10 43 33 51 11 52 14 13 47 26 27 28 12 25 4 6 15 5 24 48 38 37 40 39 34 35 36 49 32 18 31 22 1
Knapsack Array = 1 0 1 0 0 0 1 0 0 0 0 1 0 0 1 0 1 1 0 0 1 0 1 0 0 0 1 0 0 1 0 0 1 0 0 1 0 0 0 0 1 1 0 0 0 0 0 1 0 0 1 
Picked Items (item,city) = (1 , 2) (3 , 4) (7 , 8) (12 , 13) (15 , 16) (17 , 18) (18 , 19) (21 , 22) (23 , 24) (27 , 28) (30 , 31) (33 , 34) (36 , 37) (41 , 42) (42 , 43) (48 , 49) (51 , 52) 

Travel Time: 10759.919191635723109; Profit: 12108; TSP Distance : 7748.3357000000032713; Weight: 3907 / 4490; 0000000
TSP Tour = 1 44 46 16 29 50 20 23 30 2 7 42 21 17 3 45 19 41 8 9 10 43 33 51 11 52 14 13 47 26 27 28 12 25 4 6 15 5 24 48 38 37 40 39 34 35 36 49 32 18 31 22 1
Knapsack Array = 1 0 1 0 0 0 1 0 0 0 0 1 0 0 1 0 1 1 0 0 1 0 1 0 0 0 1 0 1 1 0 0 1 0 0 1 0 0 0 0 1 1 0 0 0 0 0 1 0 0 1 
Picked Items (item,city) = (1 , 2) (3 , 4) (7 , 8) (12 , 13) (15 , 16) (17 , 18) (18 , 19) (21 , 22) (23 , 24) (27 , 28) (29 , 30) (30 , 31) (33 , 34) (36 , 37) (41 , 42) (42 , 43) (48 , 49) (51 , 52) 

Travel Time: 10957.117045519014937; Profit: 12133; TSP Distance : 7748.3357000000032713; Weight: 4012 / 4490; 0000000
TSP Tour = 1 44 46 16 29 50 20 23 30 2 7 42 21 17 3 45 19 41 8 9 10 43 33 51 11 52 14 13 47 26 27 28 12 25 4 6 15 5 24 48 38 37 40 39 34 35 36 49 32 18 31 22 1
Knapsack Array = 1 0 1 0 0 0 1 1 0 0 0 1 0 0 0 0 1 1 0 0 1 0 1 0 0 0 1 0 0 1 0 0 1 0 0 1 0 0 0 0 1 0 0 0 0 0 0 1 0 0 1 
Picked Items (item,city) = (1 , 2) (3 , 4) (7 , 8) (8 , 9) (12 , 13) (17 , 18) (18 , 19) (21 , 22) (23 , 24) (27 , 28) (30 , 31) (33 , 34) (36 , 37) (41 , 42) (48 , 49) (51 , 52) 

Travel Time: 11320.85660363019997; Profit: 12232; TSP Distance : 7748.3357000000032713; Weight: 4113 / 4490; 0000000
TSP Tour = 1 44 46 16 29 50 20 23 30 2 7 42 21 17 3 45 19 41 8 9 10 43 33 51 11 52 14 13 47 26 27 28 12 25 4 6 15 5 24 48 38 37 40 39 34 35 36 49 32 18 31 22 1
Knapsack Array = 1 0 1 0 0 0 1 1 0 0 0 1 0 0 0 0 1 1 0 0 1 0 1 0 0 0 1 0 1 1 0 0 1 0 0 1 0 0 0 0 1 0 0 0 0 0 0 1 0 0 1 
Picked Items (item,city) = (1 , 2) (3 , 4) (7 , 8) (8 , 9) (12 , 13) (17 , 18) (18 , 19) (21 , 22) (23 , 24) (27 , 28) (29 , 30) (30 , 31) (33 , 34) (36 , 37) (41 , 42) (48 , 49) (51 , 52) 

Travel Time: 11418.775269794366977; Profit: 12345; TSP Distance : 7748.3357000000032713; Weight: 4134 / 4490; 0000000
TSP Tour = 1 44 46 16 29 50 20 23 30 2 7 42 21 17 3 45 19 41 8 9 10 43 33 51 11 52 14 13 47 26 27 28 12 25 4 6 15 5 24 48 38 37 40 39 34 35 36 49 32 18 31 22 1
Knapsack Array = 0 0 1 0 0 0 1 1 0 0 0 1 0 0 1 0 1 1 0 0 1 0 1 0 0 0 1 0 0 1 0 0 1 0 0 1 0 0 0 0 1 0 0 0 0 0 0 1 0 0 1 
Picked Items (item,city) = (3 , 4) (7 , 8) (8 , 9) (12 , 13) (15 , 16) (17 , 18) (18 , 19) (21 , 22) (23 , 24) (27 , 28) (30 , 31) (33 , 34) (36 , 37) (41 , 42) (48 , 49) (51 , 52) 

Travel Time: 11422.549564695860681; Profit: 12464; TSP Distance : 7748.3357000000032713; Weight: 4135 / 4490; 0000000
TSP Tour = 1 44 46 16 29 50 20 23 30 2 7 42 21 17 3 45 19 41 8 9 10 43 33 51 11 52 14 13 47 26 27 28 12 25 4 6 15 5 24 48 38 37 40 39 34 35 36 49 32 18 31 22 1
Knapsack Array = 1 0 1 0 0 0 1 1 0 0 0 1 0 0 1 0 1 1 0 0 1 0 1 0 0 0 1 0 0 1 0 0 1 0 0 1 0 0 0 0 1 0 0 0 0 0 0 1 0 0 1 
Picked Items (item,city) = (1 , 2) (3 , 4) (7 , 8) (8 , 9) (12 , 13) (15 , 16) (17 , 18) (18 , 19) (21 , 22) (23 , 24) (27 , 28) (30 , 31) (33 , 34) (36 , 37) (41 , 42) (48 , 49) (51 , 52) 

Travel Time: 11833.300649426351811; Profit: 12563; TSP Distance : 7748.3357000000032713; Weight: 4236 / 4490; 0000000
TSP Tour = 1 44 46 16 29 50 20 23 30 2 7 42 21 17 3 45 19 41 8 9 10 43 33 51 11 52 14 13 47 26 27 28 12 25 4 6 15 5 24 48 38 37 40 39 34 35 36 49 32 18 31 22 1
Knapsack Array = 1 0 1 0 0 0 1 1 0 0 0 1 0 0 1 0 1 1 0 0 1 0 1 0 0 0 1 0 1 1 0 0 1 0 0 1 0 0 0 0 1 0 0 0 0 0 0 1 0 0 1 
Picked Items (item,city) = (1 , 2) (3 , 4) (7 , 8) (8 , 9) (12 , 13) (15 , 16) (17 , 18) (18 , 19) (21 , 22) (23 , 24) (27 , 28) (29 , 30) (30 , 31) (33 , 34) (36 , 37) (41 , 42) (48 , 49) (51 , 52) 

Travel Time: 11979.572080873445884; Profit: 12595; TSP Distance : 7748.3357000000032713; Weight: 4291 / 4490; 0000000
TSP Tour = 1 44 46 16 29 50 20 23 30 2 7 42 21 17 3 45 19 41 8 9 10 43 33 51 11 52 14 13 47 26 27 28 12 25 4 6 15 5 24 48 38 37 40 39 34 35 36 49 32 18 31 22 1
Knapsack Array = 0 0 1 0 0 0 1 1 0 0 0 1 0 0 1 0 1 1 0 0 1 0 1 0 0 0 1 0 0 1 0 0 1 0 0 1 0 0 0 0 1 1 0 0 0 0 0 1 0 0 1 
Picked Items (item,city) = (3 , 4) (7 , 8) (8 , 9) (12 , 13) (15 , 16) (17 , 18) (18 , 19) (21 , 22) (23 , 24) (27 , 28) (30 , 31) (33 , 34) (36 , 37) (41 , 42) (42 , 43) (48 , 49) (51 , 52) 

Travel Time: 11984.018727903539911; Profit: 12714; TSP Distance : 7748.3357000000032713; Weight: 4292 / 4490; 0000000
TSP Tour = 1 44 46 16 29 50 20 23 30 2 7 42 21 17 3 45 19 41 8 9 10 43 33 51 11 52 14 13 47 26 27 28 12 25 4 6 15 5 24 48 38 37 40 39 34 35 36 49 32 18 31 22 1
Knapsack Array = 1 0 1 0 0 0 1 1 0 0 0 1 0 0 1 0 1 1 0 0 1 0 1 0 0 0 1 0 0 1 0 0 1 0 0 1 0 0 0 0 1 1 0 0 0 0 0 1 0 0 1 
Picked Items (item,city) = (1 , 2) (3 , 4) (7 , 8) (8 , 9) (12 , 13) (15 , 16) (17 , 18) (18 , 19) (21 , 22) (23 , 24) (27 , 28) (30 , 31) (33 , 34) (36 , 37) (41 , 42) (42 , 43) (48 , 49) (51 , 52) 

Travel Time: 12472.180146077662357; Profit: 12813; TSP Distance : 7748.3357000000032713; Weight: 4393 / 4490; 0000000
TSP Tour = 1 44 46 16 29 50 20 23 30 2 7 42 21 17 3 45 19 41 8 9 10 43 33 51 11 52 14 13 47 26 27 28 12 25 4 6 15 5 24 48 38 37 40 39 34 35 36 49 32 18 31 22 1
Knapsack Array = 1 0 1 0 0 0 1 1 0 0 0 1 0 0 1 0 1 1 0 0 1 0 1 0 0 0 1 0 1 1 0 0 1 0 0 1 0 0 0 0 1 1 0 0 0 0 0 1 0 0 1 
Picked Items (item,city) = (1 , 2) (3 , 4) (7 , 8) (8 , 9) (12 , 13) (15 , 16) (17 , 18) (18 , 19) (21 , 22) (23 , 24) (27 , 28) (29 , 30) (30 , 31) (33 , 34) (36 , 37) (41 , 42) (42 , 43) (48 , 49) (51 , 52) 

Travel Time: 8780.191330384604953; Profit: 9803; TSP Distance : 7748.3357000000032713; Weight: 2798 / 4490; 0000000
TSP Tour = 1 44 46 16 29 50 20 23 30 2 7 42 21 17 3 45 19 41 8 9 10 43 33 51 11 52 14 13 47 26 27 28 12 25 4 6 15 5 24 48 38 37 40 39 34 35 36 49 32 18 31 22 1
Knapsack Array = 1 0 1 0 0 0 1 0 0 0 0 1 0 0 0 0 1 1 0 0 1 0 1 0 0 0 0 0 0 1 0 0 1 0 0 1 0 0 0 0 0 1 0 0 0 0 0 1 0 0 1 
Picked Items (item,city) = (1 , 2) (3 , 4) (7 , 8) (12 , 13) (17 , 18) (18 , 19) (21 , 22) (23 , 24) (30 , 31) (33 , 34) (36 , 37) (42 , 43) (48 , 49) (51 , 52) 

Travel Time: 7565.7361667514878718; Profit: 2024; TSP Distance : 7544.3659000000006927; Weight: 540 / 4490; 0000000
TSP Tour = 1 22 31 18 3 17 21 42 7 2 30 23 20 50 29 16 46 44 34 35 36 39 40 37 38 48 24 5 15 6 4 25 12 28 27 26 47 13 14 52 11 51 33 43 10 9 8 41 19 45 32 49 1
Knapsack Array = 0 0 0 0 0 0 1 0 0 0 0 0 0 0 0 0 0 1 0 0 0 0 0 0 0 0 0 0 0 0 0 0 0 0 0 0 0 0 0 0 0 0 0 0 0 0 0 1 0 0 0 
Picked Items (item,city) = (7 , 8) (18 , 19) (48 , 49) 

Travel Time: 7873.7861576328141382; Profit: 5014; TSP Distance : 7544.3659000000016022; Weight: 1561 / 4490; 0000000
TSP Tour = 1 49 32 45 19 41 8 9 10 43 33 51 11 52 14 13 47 26 27 28 12 25 4 6 15 5 24 48 38 37 40 39 36 35 34 44 46 16 29 50 20 23 30 2 7 42 21 17 3 18 31 22 1
Knapsack Array = 1 0 0 0 0 0 0 0 0 0 0 0 0 0 0 0 1 1 0 1 1 0 1 0 0 0 0 0 0 1 0 0 0 0 0 1 0 0 0 0 1 0 0 0 0 0 0 0 0 0 0 
Picked Items (item,city) = (1 , 2) (17 , 18) (18 , 19) (20 , 21) (21 , 22) (23 , 24) (30 , 31) (36 , 37) (41 , 42) 

Travel Time: 8118.3148076696252247; Profit: 6986; TSP Distance : 7748.3357000000032713; Weight: 1823 / 4490; 0000000
TSP Tour = 1 44 46 16 29 50 20 23 30 2 7 42 21 17 3 45 19 41 8 9 10 43 33 51 11 52 14 13 47 26 27 28 12 25 4 6 15 5 24 48 38 37 40 39 34 35 36 49 32 18 31 22 1
Knapsack Array = 1 0 1 0 0 0 0 0 0 0 0 0 0 0 0 0 1 1 0 0 1 0 1 0 0 0 0 0 0 1 0 0 1 0 0 1 0 0 0 0 0 0 0 0 0 0 0 0 0 0 1 
Picked Items (item,city) = (1 , 2) (3 , 4) (17 , 18) (18 , 19) (21 , 22) (23 , 24) (30 , 31) (33 , 34) (36 , 37) (51 , 52) 

Travel Time: 8411.1011072682595113; Profit: 8823; TSP Distance : 7748.3357000000032713; Weight: 2519 / 4490; 0000000
TSP Tour = 1 44 46 16 29 50 20 23 30 2 7 42 21 17 3 45 19 41 8 9 10 43 33 51 11 52 14 13 47 26 27 28 12 25 4 6 15 5 24 48 38 37 40 39 34 35 36 49 32 18 31 22 1
Knapsack Array = 1 0 1 0 0 0 0 0 0 0 0 1 0 0 0 0 1 1 0 0 1 0 1 0 0 0 0 0 0 1 0 0 1 0 0 1 0 0 0 0 0 0 0 0 0 0 0 1 0 0 1 
Picked Items (item,city) = (1 , 2) (3 , 4) (12 , 13) (17 , 18) (18 , 19) (21 , 22) (23 , 24) (30 , 31) (33 , 34) (36 , 37) (48 , 49) (51 , 52) 

Travel Time: 7567.0076044308025303; Profit: 2143; TSP Distance : 7544.3659000000016022; Weight: 541 / 4490; 0000000
TSP Tour = 1 22 31 18 3 17 21 42 7 2 30 23 20 50 29 16 46 44 34 35 36 39 40 37 38 48 24 5 15 6 4 25 12 28 27 26 47 13 14 52 11 51 33 43 10 9 8 41 19 45 32 49 1
Knapsack Array = 1 0 0 0 0 0 1 0 0 0 0 0 0 0 0 0 0 1 0 0 0 0 0 0 0 0 0 0 0 0 0 0 0 0 0 0 0 0 0 0 0 0 0 0 0 0 0 1 0 0 0 
Picked Items (item,city) = (1 , 2) (7 , 8) (18 , 19) (48 , 49) 

Travel Time: 7633.2742305141910037; Profit: 2977; TSP Distance : 7544.3659000000006927; Weight: 729 / 4490; 0000000
TSP Tour = 1 22 31 18 3 17 21 42 7 2 30 23 20 50 29 16 46 44 34 35 36 39 40 37 38 48 24 5 15 6 4 25 12 28 27 26 47 13 14 52 11 51 33 43 10 9 8 41 19 45 32 49 1
Knapsack Array = 1 0 0 0 0 0 1 0 0 0 0 0 0 0 0 0 0 1 0 0 0 0 0 0 0 0 0 0 0 0 0 0 0 0 0 1 0 0 0 0 0 1 0 0 0 0 0 1 0 0 0 
Picked Items (item,city) = (1 , 2) (7 , 8) (18 , 19) (36 , 37) (42 , 43) (48 , 49) 

Travel Time: 7641.6670998555600818; Profit: 3121; TSP Distance : 7544.3659000000006927; Weight: 1221 / 4490; 0000000
TSP Tour = 1 49 32 45 19 41 8 9 10 43 33 51 11 52 14 13 47 26 27 28 12 25 4 6 15 5 24 48 38 37 40 39 36 35 34 44 46 16 29 50 20 23 30 2 7 42 21 17 3 18 31 22 1
Knapsack Array = 1 0 0 0 0 0 0 0 0 0 0 0 0 0 0 1 1 0 0 0 1 0 0 0 0 0 0 0 0 1 0 0 0 0 0 1 0 0 0 0 0 0 0 0 0 0 0 0 0 0 0 
Picked Items (item,city) = (1 , 2) (16 , 17) (17 , 18) (21 , 22) (30 , 31) (36 , 37) 

Travel Time: 7706.6026180568333075; Profit: 3840; TSP Distance : 7544.3659000000016022; Weight: 1320 / 4490; 0000000
TSP Tour = 1 49 32 45 19 41 8 9 10 43 33 51 11 52 14 13 47 26 27 28 12 25 4 6 15 5 24 48 38 37 40 39 36 35 34 44 46 16 29 50 20 23 30 2 7 42 21 17 3 18 31 22 1
Knapsack Array = 0 0 0 0 0 0 0 0 0 0 0 0 0 0 0 1 1 0 0 0 1 0 1 0 0 0 0 0 0 1 0 0 0 0 0 1 0 0 0 0 0 0 0 0 0 0 0 0 0 0 0 
Picked Items (item,city) = (16 , 17) (17 , 18) (21 , 22) (23 , 24) (30 , 31) (36 , 37) 

Travel Time: 7830.8361778395010333; Profit: 4738; TSP Distance : 7544.3659000000016022; Weight: 1730 / 4490; 0000000
TSP Tour = 1 49 32 45 19 41 8 9 10 43 33 51 11 52 14 13 47 26 27 28 12 25 4 6 15 5 24 48 38 37 40 39 36 35 34 44 46 16 29 50 20 23 30 2 7 42 21 17 3 18 31 22 1
Knapsack Array = 0 0 0 0 0 0 0 0 0 0 0 0 0 0 0 1 1 0 0 0 1 0 1 0 0 0 0 0 0 1 0 0 0 0 0 1 0 0 0 0 1 0 0 0 0 0 0 0 0 0 0 
Picked Items (item,city) = (16 , 17) (17 , 18) (21 , 22) (23 , 24) (30 , 31) (36 , 37) (41 , 42) 


Pareto (Travel Time; Profit; IsValid)

7544.3659000000006927 ; 0; 0000000
7544.6158459245752965 ; 119; 0000000
7546.7670806617161361 ; 650; 0000000
7547.0180145732465462 ; 769; 0000000
7549.510150061355489 ; 867; 0000000
7550.7748868131357085 ; 986; 0000000
7552.8494613294160445 ; 1294; 0000000
7554.1155667042894493 ; 1413; 0000000
7562.1188876596788759 ; 1448; 0000000
7572.9827486861986472 ; 2176; 0000000
7591.0347495664964299 ; 2641; 0000000
7591.300259469084267 ; 2760; 0000000
7635.1319955482913429 ; 3014; 0000000
7653.9421588623399657 ; 3479; 0000000
7654.2190407496600528 ; 3598; 0000000
7718.3152972028665317 ; 3929; 0000000
7724.9131700385032673 ; 4025; 0000000
7802.074085072105845 ; 4573; 0000000
7562.2234543514477991 ; 1597; 0000000
7563.4934152979358259 ; 1716; 0000000
7626.8667681328015533 ; 2859; 0000000
7691.3156568399563184 ; 3697; 0000000
7762.7633669717160956 ; 4124; 0000000
7766.7733940564339719 ; 4377; 0000000
7767.1005692921071386 ; 4496; 0000000
7809.4562680611661563 ; 4595; 0000000
7837.6504019999101729 ; 4827; 0000000
7840.1971398129680892 ; 4923; 0000000
7881.449326596377432 ; 5321; 0000000
7882.756217994859071 ; 5440; 0000000
7926.0017760902155715 ; 5451; 0000000
7927.3277916882288991 ; 5570; 0000000
7932.2776499735064135 ; 5748; 0000000
7933.605866474481445 ; 5867; 0000000
7977.7424361414723535 ; 5878; 0000000
7979.0903678531503829 ; 5997; 0000000
7984.5990699568346827 ; 6318; 0000000
7985.956791729089673 ; 6437; 0000000
8037.8584487092257405 ; 6745; 0000000
8039.2393380539106147 ; 6864; 0000000
8116.9040657303785338 ; 6867; 0000000
8121.2422462746644669 ; 7048; 0000000
8122.6600678517625056 ; 7167; 0000000
8127.9048850252902412 ; 7307; 0000000
8129.3293803387368825 ; 7426; 0000000
8177.3707996317589277 ; 7475; 0000000
8178.81373737888498 ; 7594; 0000000
8184.3553705698823251 ; 7734; 0000000
8185.8053454182017958 ; 7853; 0000000
8273.0638971781299915 ; 8037; 0000000
8274.5547282155130233 ; 8156; 0000000
8332.6835966972139431 ; 8464; 0000000
8334.2021613184042508 ; 8583; 0000000
8409.5341630460879969 ; 8704; 0000000
8441.4648411299167492 ; 8830; 0000000
8507.2854013346950524 ; 9007; 0000000
8508.9006059513321816 ; 9126; 0000000
8541.3546043752830883 ; 9133; 0000000
8572.8640403975514346 ; 9434; 0000000
8574.5119544781009608 ; 9553; 0000000
8608.3746211041616334 ; 9560; 0000000
8719.3400930424468243 ; 9681; 0000000
8721.1012090084495867 ; 9800; 0000000
8811.1266485196738358 ; 9884; 0000000
8832.2041125141677185 ; 9984; 0000000
8834.0286196299184667 ; 10103; 0000000
8907.8549695137935487 ; 10411; 0000000
8909.7225225575439254 ; 10530; 0000000
9111.895488999920417 ; 10629; 0000000
9150.9238043553141324 ; 10661; 0000000
9152.9396964764600853 ; 10780; 0000000
9175.197981664492545 ; 10861; 0000000
9370.9146504863292648 ; 10879; 0000000
9392.0569673709778726 ; 10960; 0000000
9435.7180905023597006 ; 10992; 0000000
9437.8888704685705306 ; 11111; 0000000
9672.7942562761891168 ; 11210; 0000000
9761.8496102544722817 ; 11309; 0000000
9764.2339893811331422 ; 11428; 0000000
10021.523824268142562 ; 11527; 0000000
10081.719589702899611 ; 11559; 0000000
10084.34086388842843 ; 11678; 0000000
10097.652580949716139 ; 11759; 0000000
10367.247236499259088 ; 11777; 0000000
10377.679494732305102 ; 11858; 0000000
10446.568192578044545 ; 11890; 0000000
10449.439714183967226 ; 12009; 0000000
10759.919191635723109 ; 12108; 0000000
10957.117045519014937 ; 12133; 0000000
11320.85660363019997 ; 12232; 0000000
11418.775269794366977 ; 12345; 0000000
11422.549564695860681 ; 12464; 0000000
11833.300649426351811 ; 12563; 0000000
11979.572080873445884 ; 12595; 0000000
11984.018727903539911 ; 12714; 0000000
12472.180146077662357 ; 12813; 0000000
8780.191330384604953 ; 9803; 0000000
7565.7361667514878718 ; 2024; 0000000
7873.7861576328141382 ; 5014; 0000000
8118.3148076696252247 ; 6986; 0000000
8411.1011072682595113 ; 8823; 0000000
7567.0076044308025303 ; 2143; 0000000
7633.2742305141910037 ; 2977; 0000000
7641.6670998555600818 ; 3121; 0000000
7706.6026180568333075 ; 3840; 0000000
7830.8361778395010333 ; 4738; 0000000
