Travel Time: 7544.3659000000006927; Profit: 0; TSP Distance : 7544.3659000000006927; Weight: 0 / 2245; 0000000
TSP Tour = 1 22 31 18 3 17 21 42 7 2 30 23 20 50 29 16 46 44 34 35 36 39 40 37 38 48 24 5 15 6 4 25 12 28 27 26 47 13 14 52 11 51 33 43 10 9 8 41 19 45 32 49 1
Knapsack Array = 0 0 0 0 0 0 0 0 0 0 0 0 0 0 0 0 0 0 0 0 0 0 0 0 0 0 0 0 0 0 0 0 0 0 0 0 0 0 0 0 0 0 0 0 0 0 0 0 0 0 0 
Picked Items (item,city) = 

Travel Time: 7544.8658920903726539; Profit: 119; TSP Distance : 7544.3659000000006927; Weight: 1 / 2245; 0000000
TSP Tour = 1 49 32 45 19 41 8 9 10 43 33 51 11 52 14 13 47 26 27 28 12 25 4 6 15 5 24 48 38 37 40 39 36 35 34 44 46 16 29 50 20 23 30 2 7 42 21 17 3 18 31 22 1
Knapsack Array = 1 0 0 0 0 0 0 0 0 0 0 0 0 0 0 0 0 0 0 0 0 0 0 0 0 0 0 0 0 0 0 0 0 0 0 0 0 0 0 0 0 0 0 0 0 0 0 0 0 0 0 
Picked Items (item,city) = (1 , 2) 

Travel Time: 7549.4321573342576812; Profit: 650; TSP Distance : 7544.3659000000016022; Weight: 247 / 2245; 0000000
TSP Tour = 1 49 32 45 19 41 8 9 10 43 33 51 11 52 14 13 47 26 27 28 12 25 4 6 15 5 24 48 38 37 40 39 36 35 34 44 46 16 29 50 20 23 30 2 7 42 21 17 3 18 31 22 1
Knapsack Array = 0 0 0 0 0 0 0 0 0 0 0 0 0 0 0 0 0 0 0 0 1 0 0 0 0 0 0 0 0 0 0 0 0 0 0 0 0 0 0 0 0 0 0 0 0 0 0 0 0 0 0 
Picked Items (item,city) = (21 , 22) 

Travel Time: 7549.9364373936923585; Profit: 769; TSP Distance : 7544.3659000000016022; Weight: 248 / 2245; 0000000
TSP Tour = 1 49 32 45 19 41 8 9 10 43 33 51 11 52 14 13 47 26 27 28 12 25 4 6 15 5 24 48 38 37 40 39 36 35 34 44 46 16 29 50 20 23 30 2 7 42 21 17 3 18 31 22 1
Knapsack Array = 1 0 0 0 0 0 0 0 0 0 0 0 0 0 0 0 0 0 0 0 1 0 0 0 0 0 0 0 0 0 0 0 0 0 0 0 0 0 0 0 0 0 0 0 0 0 0 0 0 0 0 
Picked Items (item,city) = (1 , 2) (21 , 22) 

Travel Time: 7555.553183595835435; Profit: 867; TSP Distance : 7544.3659000000016022; Weight: 371 / 2245; 0000000
TSP Tour = 1 22 31 18 3 17 21 42 7 2 30 23 20 50 29 16 46 44 34 35 36 39 40 37 38 48 24 5 15 6 4 25 12 28 27 26 47 13 14 52 11 51 33 43 10 9 8 41 19 45 32 49 1
Knapsack Array = 0 0 0 0 0 0 0 0 0 0 0 0 0 0 0 0 0 0 0 0 0 0 0 0 0 0 0 0 0 0 0 0 0 0 0 0 0 0 0 0 0 0 0 0 0 0 0 1 0 0 0 
Picked Items (item,city) = (48 , 49) 

Travel Time: 7558.0886316071409965; Profit: 986; TSP Distance : 7544.3659000000006927; Weight: 372 / 2245; 0000000
TSP Tour = 1 22 31 18 3 17 21 42 7 2 30 23 20 50 29 16 46 44 34 35 36 39 40 37 38 48 24 5 15 6 4 25 12 28 27 26 47 13 14 52 11 51 33 43 10 9 8 41 19 45 32 49 1
Knapsack Array = 1 0 0 0 0 0 0 0 0 0 0 0 0 0 0 0 0 0 0 0 0 0 0 0 0 0 0 0 0 0 0 0 0 0 0 0 0 0 0 0 0 0 0 0 0 0 0 1 0 0 0 
Picked Items (item,city) = (1 , 2) (48 , 49) 

Travel Time: 7562.5622444457840174; Profit: 1294; TSP Distance : 7544.3659000000006927; Weight: 418 / 2245; 0000000
TSP Tour = 1 22 31 18 3 17 21 42 7 2 30 23 20 50 29 16 46 44 34 35 36 39 40 37 38 48 24 5 15 6 4 25 12 28 27 26 47 13 14 52 11 51 33 43 10 9 8 41 19 45 32 49 1
Knapsack Array = 0 0 0 0 0 0 0 0 0 0 0 0 0 0 0 0 0 1 0 0 0 0 0 0 0 0 0 0 0 0 0 0 0 0 0 0 0 0 0 0 0 0 0 0 0 0 0 1 0 0 0 
Picked Items (item,city) = (18 , 19) (48 , 49) 

Travel Time: 7565.1036134653404588; Profit: 1413; TSP Distance : 7544.3659000000006927; Weight: 419 / 2245; 0000000
TSP Tour = 1 22 31 18 3 17 21 42 7 2 30 23 20 50 29 16 46 44 34 35 36 39 40 37 38 48 24 5 15 6 4 25 12 28 27 26 47 13 14 52 11 51 33 43 10 9 8 41 19 45 32 49 1
Knapsack Array = 1 0 0 0 0 0 0 0 0 0 0 0 0 0 0 0 0 1 0 0 0 0 0 0 0 0 0 0 0 0 0 0 0 0 0 0 0 0 0 0 0 0 0 0 0 0 0 1 0 0 0 
Picked Items (item,city) = (1 , 2) (18 , 19) (48 , 49) 

Travel Time: 7582.3677681566359752; Profit: 1597; TSP Distance : 7544.3659000000006927; Weight: 493 / 2245; 0000000
TSP Tour = 1 22 31 18 3 17 21 42 7 2 30 23 20 50 29 16 46 44 34 35 36 39 40 37 38 48 24 5 15 6 4 25 12 28 27 26 47 13 14 52 11 51 33 43 10 9 8 41 19 45 32 49 1
Knapsack Array = 0 0 0 0 0 0 1 0 0 0 0 0 0 0 0 0 0 0 0 0 0 0 0 0 0 0 0 0 0 0 0 0 0 0 0 0 0 0 0 0 0 0 0 0 0 0 0 1 0 0 0 
Picked Items (item,city) = (7 , 8) (48 , 49) 

Travel Time: 7584.9259623152320273; Profit: 1716; TSP Distance : 7544.3659000000006927; Weight: 494 / 2245; 0000000
TSP Tour = 1 22 31 18 3 17 21 42 7 2 30 23 20 50 29 16 46 44 34 35 36 39 40 37 38 48 24 5 15 6 4 25 12 28 27 26 47 13 14 52 11 51 33 43 10 9 8 41 19 45 32 49 1
Knapsack Array = 1 0 0 0 0 0 1 0 0 0 0 0 0 0 0 0 0 0 0 0 0 0 0 0 0 0 0 0 0 0 0 0 0 0 0 0 0 0 0 0 0 0 0 0 0 0 0 1 0 0 0 
Picked Items (item,city) = (1 , 2) (7 , 8) (48 , 49) 

Travel Time: 7590.1589570757978436; Profit: 2024; TSP Distance : 7544.3659000000016022; Weight: 540 / 2245; 0000000
TSP Tour = 1 22 31 18 3 17 21 42 7 2 30 23 20 50 29 16 46 44 34 35 36 39 40 37 38 48 24 5 15 6 4 25 12 28 27 26 47 13 14 52 11 51 33 43 10 9 8 41 19 45 32 49 1
Knapsack Array = 0 0 0 0 0 0 1 0 0 0 0 0 0 0 0 0 0 1 0 0 0 0 0 0 0 0 0 0 0 0 0 0 0 0 0 0 0 0 0 0 0 0 0 0 0 0 0 1 0 0 0 
Picked Items (item,city) = (7 , 8) (18 , 19) (48 , 49) 

Travel Time: 7592.724096944075427; Profit: 2143; TSP Distance : 7544.3659000000016022; Weight: 541 / 2245; 0000000
TSP Tour = 1 22 31 18 3 17 21 42 7 2 30 23 20 50 29 16 46 44 34 35 36 39 40 37 38 48 24 5 15 6 4 25 12 28 27 26 47 13 14 52 11 51 33 43 10 9 8 41 19 45 32 49 1
Knapsack Array = 1 0 0 0 0 0 1 0 0 0 0 0 0 0 0 0 0 1 0 0 0 0 0 0 0 0 0 0 0 0 0 0 0 0 0 0 0 0 0 0 0 0 0 0 0 0 0 1 0 0 0 
Picked Items (item,city) = (1 , 2) (7 , 8) (18 , 19) (48 , 49) 

Travel Time: 7642.2422936295397449; Profit: 2181; TSP Distance : 7544.3659000000016022; Weight: 524 / 2245; 0000000
TSP Tour = 1 22 31 18 3 17 21 42 7 2 30 23 20 50 29 16 46 44 34 35 36 39 40 37 38 48 24 5 15 6 4 25 12 28 27 26 47 13 14 52 11 51 33 43 10 9 8 41 19 45 32 49 1
Knapsack Array = 0 0 0 0 0 0 1 0 0 0 0 0 0 0 0 0 0 0 0 0 0 0 0 0 0 0 0 0 0 0 0 0 0 0 0 1 0 0 0 0 0 0 0 0 0 0 0 1 0 0 0 
Picked Items (item,city) = (7 , 8) (36 , 37) (48 , 49) 

Travel Time: 7644.8493288753033994; Profit: 2300; TSP Distance : 7544.3659000000006927; Weight: 525 / 2245; 0000000
TSP Tour = 1 22 31 18 3 17 21 42 7 2 30 23 20 50 29 16 46 44 34 35 36 39 40 37 38 48 24 5 15 6 4 25 12 28 27 26 47 13 14 52 11 51 33 43 10 9 8 41 19 45 32 49 1
Knapsack Array = 1 0 0 0 0 0 1 0 0 0 0 0 0 0 0 0 0 0 0 0 0 0 0 0 0 0 0 0 0 0 0 0 0 0 0 1 0 0 0 0 0 0 0 0 0 0 0 1 0 0 0 
Picked Items (item,city) = (1 , 2) (7 , 8) (36 , 37) (48 , 49) 

Travel Time: 7694.174900098978469; Profit: 2793; TSP Distance : 7616.2462000000014086; Weight: 788 / 2245; 0000000
TSP Tour = 1 31 18 3 17 21 42 7 2 30 23 20 50 29 16 46 44 34 35 36 39 40 37 38 48 24 5 15 6 4 25 12 28 27 26 47 13 14 52 11 51 33 43 10 9 8 41 19 45 32 49 22 1
Knapsack Array = 1 0 0 0 0 0 1 0 0 0 0 0 0 0 0 0 0 1 0 0 1 0 0 0 0 0 0 0 0 0 0 0 0 0 0 0 0 0 0 0 0 0 0 0 0 0 0 1 0 0 0 
Picked Items (item,city) = (1 , 2) (7 , 8) (18 , 19) (21 , 22) (48 , 49) 

Travel Time: 7753.5055863428788143; Profit: 3258; TSP Distance : 7616.2462000000014086; Weight: 818 / 2245; 0000000
TSP Tour = 1 31 18 3 17 21 42 7 2 30 23 20 50 29 16 46 44 34 35 36 39 40 37 38 48 24 5 15 6 4 25 12 28 27 26 47 13 14 52 11 51 33 43 10 9 8 41 19 45 32 49 22 1
Knapsack Array = 0 0 0 0 0 0 1 0 0 0 0 0 0 0 0 0 0 1 0 0 1 0 0 0 0 0 0 0 0 0 0 0 0 0 0 1 0 0 0 0 0 0 0 0 0 0 0 1 0 0 0 
Picked Items (item,city) = (7 , 8) (18 , 19) (21 , 22) (36 , 37) (48 , 49) 

Travel Time: 7756.180981016833357; Profit: 3377; TSP Distance : 7616.2462000000014086; Weight: 819 / 2245; 0000000
TSP Tour = 1 31 18 3 17 21 42 7 2 30 23 20 50 29 16 46 44 34 35 36 39 40 37 38 48 24 5 15 6 4 25 12 28 27 26 47 13 14 52 11 51 33 43 10 9 8 41 19 45 32 49 22 1
Knapsack Array = 1 0 0 0 0 0 1 0 0 0 0 0 0 0 0 0 0 1 0 0 1 0 0 0 0 0 0 0 0 0 0 0 0 0 0 1 0 0 0 0 0 0 0 0 0 0 0 1 0 0 0 
Picked Items (item,city) = (1 , 2) (7 , 8) (18 , 19) (21 , 22) (36 , 37) (48 , 49) 

Travel Time: 7779.3053456327997992; Profit: 3383; TSP Distance : 7716.6906000000008135; Weight: 743 / 2245; 0000000
TSP Tour = 1 44 46 16 29 50 20 23 30 2 7 42 21 17 3 18 31 22 32 45 19 41 8 9 10 43 33 51 11 52 14 13 47 26 27 28 12 25 4 6 15 5 24 48 38 37 40 39 34 35 36 49 1
Knapsack Array = 1 0 0 0 0 0 0 0 0 0 0 0 0 0 0 0 0 0 0 0 0 0 1 0 0 0 0 0 0 0 0 0 1 0 0 1 0 0 0 0 0 0 0 0 0 0 0 1 0 0 0 
Picked Items (item,city) = (1 , 2) (23 , 24) (33 , 34) (36 , 37) (48 , 49) 

Travel Time: 7868.9066115382220232; Profit: 3691; TSP Distance : 7716.6906000000017229; Weight: 789 / 2245; 0000000
TSP Tour = 1 44 46 16 29 50 20 23 30 2 7 42 21 17 3 18 31 22 32 45 19 41 8 9 10 43 33 51 11 52 14 13 47 26 27 28 12 25 4 6 15 5 24 48 38 37 40 39 34 35 36 49 1
Knapsack Array = 0 0 0 0 0 0 0 0 0 0 0 0 0 0 0 0 0 1 0 0 0 0 1 0 0 0 0 0 0 0 0 0 1 0 0 1 0 0 0 0 0 0 0 0 0 0 0 1 0 0 0 
Picked Items (item,city) = (18 , 19) (23 , 24) (33 , 34) (36 , 37) (48 , 49) 

Travel Time: 7871.5174230261973207; Profit: 3810; TSP Distance : 7716.6906000000017229; Weight: 790 / 2245; 0000000
TSP Tour = 1 44 46 16 29 50 20 23 30 2 7 42 21 17 3 18 31 22 32 45 19 41 8 9 10 43 33 51 11 52 14 13 47 26 27 28 12 25 4 6 15 5 24 48 38 37 40 39 34 35 36 49 1
Knapsack Array = 1 0 0 0 0 0 0 0 0 0 0 0 0 0 0 0 0 1 0 0 0 0 1 0 0 0 0 0 0 0 0 0 1 0 0 1 0 0 0 0 0 0 0 0 0 0 0 1 0 0 0 
Picked Items (item,city) = (1 , 2) (18 , 19) (23 , 24) (33 , 34) (36 , 37) (48 , 49) 

Travel Time: 7906.5854684236983303; Profit: 4261; TSP Distance : 7716.6906000000008135; Weight: 1109 / 2245; 0000000
TSP Tour = 1 44 46 16 29 50 20 23 30 2 7 42 21 17 3 18 31 22 32 45 19 41 8 9 10 43 33 51 11 52 14 13 47 26 27 28 12 25 4 6 15 5 24 48 38 37 40 39 34 35 36 49 1
Knapsack Array = 0 0 1 0 0 0 0 0 0 0 0 0 0 0 0 0 0 0 0 0 0 0 1 0 0 0 0 0 0 0 0 0 1 0 0 1 0 0 0 0 0 0 0 0 0 0 0 1 0 0 0 
Picked Items (item,city) = (3 , 4) (23 , 24) (33 , 34) (36 , 37) (48 , 49) 

Travel Time: 7909.2506224166045286; Profit: 4380; TSP Distance : 7716.6906000000008135; Weight: 1110 / 2245; 0000000
TSP Tour = 1 44 46 16 29 50 20 23 30 2 7 42 21 17 3 18 31 22 32 45 19 41 8 9 10 43 33 51 11 52 14 13 47 26 27 28 12 25 4 6 15 5 24 48 38 37 40 39 34 35 36 49 1
Knapsack Array = 1 0 1 0 0 0 0 0 0 0 0 0 0 0 0 0 0 0 0 0 0 0 1 0 0 0 0 0 0 0 0 0 1 0 0 1 0 0 0 0 0 0 0 0 0 0 0 1 0 0 0 
Picked Items (item,city) = (1 , 2) (3 , 4) (23 , 24) (33 , 34) (36 , 37) (48 , 49) 

Travel Time: 8005.0806849552482163; Profit: 4688; TSP Distance : 7716.6906000000017229; Weight: 1156 / 2245; 0000000
TSP Tour = 1 44 46 16 29 50 20 23 30 2 7 42 21 17 3 18 31 22 32 45 19 41 8 9 10 43 33 51 11 52 14 13 47 26 27 28 12 25 4 6 15 5 24 48 38 37 40 39 34 35 36 49 1
Knapsack Array = 0 0 1 0 0 0 0 0 0 0 0 0 0 0 0 0 0 1 0 0 0 0 1 0 0 0 0 0 0 0 0 0 1 0 0 1 0 0 0 0 0 0 0 0 0 0 0 1 0 0 0 
Picked Items (item,city) = (3 , 4) (18 , 19) (23 , 24) (33 , 34) (36 , 37) (48 , 49) 

Travel Time: 8007.8319773466910192; Profit: 4807; TSP Distance : 7716.6906000000017229; Weight: 1157 / 2245; 0000000
TSP Tour = 1 44 46 16 29 50 20 23 30 2 7 42 21 17 3 18 31 22 32 45 19 41 8 9 10 43 33 51 11 52 14 13 47 26 27 28 12 25 4 6 15 5 24 48 38 37 40 39 34 35 36 49 1
Knapsack Array = 1 0 1 0 0 0 0 0 0 0 0 0 0 0 0 0 0 1 0 0 0 0 1 0 0 0 0 0 0 0 0 0 1 0 0 1 0 0 0 0 0 0 0 0 0 0 0 1 0 0 0 
Picked Items (item,city) = (1 , 2) (3 , 4) (18 , 19) (23 , 24) (33 , 34) (36 , 37) (48 , 49) 

Travel Time: 8050.0231440864708929; Profit: 4911; TSP Distance : 7781.2792000000017651; Weight: 1356 / 2245; 0000000
TSP Tour = 1 44 46 16 29 50 20 23 30 2 7 42 21 17 3 18 31 32 45 19 41 8 9 10 43 33 51 11 52 14 13 47 26 27 28 12 25 4 6 15 5 24 48 38 37 40 39 34 35 36 49 22 1
Knapsack Array = 0 0 1 0 0 0 0 0 0 0 0 0 0 0 0 0 0 0 0 0 1 0 1 0 0 0 0 0 0 0 0 0 1 0 0 1 0 0 0 0 0 0 0 0 0 0 0 1 0 0 0 
Picked Items (item,city) = (3 , 4) (21 , 22) (23 , 24) (33 , 34) (36 , 37) (48 , 49) 

Travel Time: 8052.8114161603998582; Profit: 5030; TSP Distance : 7781.2792000000017651; Weight: 1357 / 2245; 0000000
TSP Tour = 1 44 46 16 29 50 20 23 30 2 7 42 21 17 3 18 31 32 45 19 41 8 9 10 43 33 51 11 52 14 13 47 26 27 28 12 25 4 6 15 5 24 48 38 37 40 39 34 35 36 49 22 1
Knapsack Array = 1 0 1 0 0 0 0 0 0 0 0 0 0 0 0 0 0 0 0 0 1 0 1 0 0 0 0 0 0 0 0 0 1 0 0 1 0 0 0 0 0 0 0 0 0 0 0 1 0 0 0 
Picked Items (item,city) = (1 , 2) (3 , 4) (21 , 22) (23 , 24) (33 , 34) (36 , 37) (48 , 49) 

Travel Time: 8157.6438994064919825; Profit: 5457; TSP Distance : 7781.2792000000017651; Weight: 1404 / 2245; 0000000
TSP Tour = 1 44 46 16 29 50 20 23 30 2 7 42 21 17 3 18 31 32 45 19 41 8 9 10 43 33 51 11 52 14 13 47 26 27 28 12 25 4 6 15 5 24 48 38 37 40 39 34 35 36 49 22 1
Knapsack Array = 1 0 1 0 0 0 0 0 0 0 0 0 0 0 0 0 0 1 0 0 1 0 1 0 0 0 0 0 0 0 0 0 1 0 0 1 0 0 0 0 0 0 0 0 0 0 0 1 0 0 0 
Picked Items (item,city) = (1 , 2) (3 , 4) (18 , 19) (21 , 22) (23 , 24) (33 , 34) (36 , 37) (48 , 49) 

Travel Time: 8340.0889095468610321; Profit: 5900; TSP Distance : 7781.2792000000017651; Weight: 1560 / 2245; 0000000
TSP Tour = 1 44 46 16 29 50 20 23 30 2 7 42 21 17 3 18 31 32 45 19 41 8 9 10 43 33 51 11 52 14 13 47 26 27 28 12 25 4 6 15 5 24 48 38 37 40 39 34 35 36 49 22 1
Knapsack Array = 0 0 1 0 0 0 0 0 0 0 0 0 0 0 0 0 0 0 0 0 1 0 1 0 0 0 0 0 0 0 0 0 1 0 0 1 0 0 0 0 0 0 0 0 0 0 0 1 0 0 1 
Picked Items (item,city) = (3 , 4) (21 , 22) (23 , 24) (33 , 34) (36 , 37) (48 , 49) (51 , 52) 

Travel Time: 8343.1851567052253813; Profit: 6019; TSP Distance : 7781.2792000000017651; Weight: 1561 / 2245; 0000000
TSP Tour = 1 44 46 16 29 50 20 23 30 2 7 42 21 17 3 18 31 32 45 19 41 8 9 10 43 33 51 11 52 14 13 47 26 27 28 12 25 4 6 15 5 24 48 38 37 40 39 34 35 36 49 22 1
Knapsack Array = 1 0 1 0 0 0 0 0 0 0 0 0 0 0 0 0 0 0 0 0 1 0 1 0 0 0 0 0 0 0 0 0 1 0 0 1 0 0 0 0 0 0 0 0 0 0 0 1 0 0 1 
Picked Items (item,city) = (1 , 2) (3 , 4) (21 , 22) (23 , 24) (33 , 34) (36 , 37) (48 , 49) (51 , 52) 

Travel Time: 8441.143303061297047; Profit: 6068; TSP Distance : 7781.2792000000017651; Weight: 1525 / 2245; 0000000
TSP Tour = 1 44 46 16 29 50 20 23 30 2 7 42 21 17 3 18 31 32 45 19 41 8 9 10 43 33 51 11 52 14 13 47 26 27 28 12 25 4 6 15 5 24 48 38 37 40 39 34 35 36 49 22 1
Knapsack Array = 0 0 1 0 0 0 1 0 0 0 0 0 0 0 0 0 0 1 0 0 1 0 1 0 0 0 0 0 0 0 0 0 1 0 0 1 0 0 0 0 0 0 0 0 0 0 0 1 0 0 0 
Picked Items (item,city) = (3 , 4) (7 , 8) (18 , 19) (21 , 22) (23 , 24) (33 , 34) (36 , 37) (48 , 49) 

Travel Time: 8444.3076220388484217; Profit: 6187; TSP Distance : 7781.2792000000017651; Weight: 1526 / 2245; 0000000
TSP Tour = 1 44 46 16 29 50 20 23 30 2 7 42 21 17 3 18 31 32 45 19 41 8 9 10 43 33 51 11 52 14 13 47 26 27 28 12 25 4 6 15 5 24 48 38 37 40 39 34 35 36 49 22 1
Knapsack Array = 1 0 1 0 0 0 1 0 0 0 0 0 0 0 0 0 0 1 0 0 1 0 1 0 0 0 0 0 0 0 0 0 1 0 0 1 0 0 0 0 0 0 0 0 0 0 0 1 0 0 0 
Picked Items (item,city) = (1 , 2) (3 , 4) (7 , 8) (18 , 19) (21 , 22) (23 , 24) (33 , 34) (36 , 37) (48 , 49) 

Travel Time: 8459.9097807277648826; Profit: 6327; TSP Distance : 7781.2792000000017651; Weight: 1607 / 2245; 0000000
TSP Tour = 1 44 46 16 29 50 20 23 30 2 7 42 21 17 3 18 31 32 45 19 41 8 9 10 43 33 51 11 52 14 13 47 26 27 28 12 25 4 6 15 5 24 48 38 37 40 39 34 35 36 49 22 1
Knapsack Array = 0 0 1 0 0 0 0 0 0 0 0 0 0 0 0 0 0 1 0 0 1 0 1 0 0 0 0 0 0 0 0 0 1 0 0 1 0 0 0 0 0 0 0 0 0 0 0 1 0 0 1 
Picked Items (item,city) = (3 , 4) (18 , 19) (21 , 22) (23 , 24) (33 , 34) (36 , 37) (48 , 49) (51 , 52) 

Travel Time: 8463.1298821368654899; Profit: 6446; TSP Distance : 7781.2792000000017651; Weight: 1608 / 2245; 0000000
TSP Tour = 1 44 46 16 29 50 20 23 30 2 7 42 21 17 3 18 31 32 45 19 41 8 9 10 43 33 51 11 52 14 13 47 26 27 28 12 25 4 6 15 5 24 48 38 37 40 39 34 35 36 49 22 1
Knapsack Array = 1 0 1 0 0 0 0 0 0 0 0 0 0 0 0 0 0 1 0 0 1 0 1 0 0 0 0 0 0 0 0 0 1 0 0 1 0 0 0 0 0 0 0 0 0 0 0 1 0 0 1 
Picked Items (item,city) = (1 , 2) (3 , 4) (18 , 19) (21 , 22) (23 , 24) (33 , 34) (36 , 37) (48 , 49) (51 , 52) 

Travel Time: 8792.2880906889349717; Profit: 7057; TSP Distance : 7781.2792000000017651; Weight: 1729 / 2245; 0000000
TSP Tour = 1 44 46 16 29 50 20 23 30 2 7 42 21 17 3 18 31 32 45 19 41 8 9 10 43 33 51 11 52 14 13 47 26 27 28 12 25 4 6 15 5 24 48 38 37 40 39 34 35 36 49 22 1
Knapsack Array = 0 0 1 0 0 0 1 0 0 0 0 0 0 0 0 0 0 1 0 0 1 0 1 0 0 0 0 0 0 0 0 0 1 0 0 1 0 0 0 0 0 0 0 0 0 0 0 1 0 0 1 
Picked Items (item,city) = (3 , 4) (7 , 8) (18 , 19) (21 , 22) (23 , 24) (33 , 34) (36 , 37) (48 , 49) (51 , 52) 

Travel Time: 8795.8774845346215443; Profit: 7176; TSP Distance : 7781.2792000000017651; Weight: 1730 / 2245; 0000000
TSP Tour = 1 44 46 16 29 50 20 23 30 2 7 42 21 17 3 18 31 32 45 19 41 8 9 10 43 33 51 11 52 14 13 47 26 27 28 12 25 4 6 15 5 24 48 38 37 40 39 34 35 36 49 22 1
Knapsack Array = 1 0 1 0 0 0 1 0 0 0 0 0 0 0 0 0 0 1 0 0 1 0 1 0 0 0 0 0 0 0 0 0 1 0 0 1 0 0 0 0 0 0 0 0 0 0 0 1 0 0 1 
Picked Items (item,city) = (1 , 2) (3 , 4) (7 , 8) (18 , 19) (21 , 22) (23 , 24) (33 , 34) (36 , 37) (48 , 49) (51 , 52) 

Travel Time: 9312.7770030082119774; Profit: 7719; TSP Distance : 7781.2792000000017651; Weight: 2008 / 2245; 0000000
TSP Tour = 1 44 46 16 29 50 20 23 30 2 7 42 21 17 3 18 31 32 45 19 41 8 9 10 43 33 51 11 52 14 13 47 26 27 28 12 25 4 6 15 5 24 48 38 37 40 39 34 35 36 49 22 1
Knapsack Array = 1 0 1 0 0 0 1 0 0 0 0 1 0 0 0 0 0 0 0 0 1 0 1 0 0 0 0 0 0 0 0 0 1 0 0 1 0 0 0 0 0 0 0 0 0 0 0 1 0 0 1 
Picked Items (item,city) = (1 , 2) (3 , 4) (7 , 8) (12 , 13) (21 , 22) (23 , 24) (33 , 34) (36 , 37) (48 , 49) (51 , 52) 

Travel Time: 9499.1503172937191266; Profit: 8027; TSP Distance : 7781.2792000000017651; Weight: 2054 / 2245; 0000000
TSP Tour = 1 44 46 16 29 50 20 23 30 2 7 42 21 17 3 18 31 32 45 19 41 8 9 10 43 33 51 11 52 14 13 47 26 27 28 12 25 4 6 15 5 24 48 38 37 40 39 34 35 36 49 22 1
Knapsack Array = 0 0 1 0 0 0 1 0 0 0 0 1 0 0 0 0 0 1 0 0 1 0 1 0 0 0 0 0 0 0 0 0 1 0 0 1 0 0 0 0 0 0 0 0 0 0 0 1 0 0 1 
Picked Items (item,city) = (3 , 4) (7 , 8) (12 , 13) (18 , 19) (21 , 22) (23 , 24) (33 , 34) (36 , 37) (48 , 49) (51 , 52) 

Travel Time: 9503.9932167150145688; Profit: 8146; TSP Distance : 7781.2792000000017651; Weight: 2055 / 2245; 0000000
TSP Tour = 1 44 46 16 29 50 20 23 30 2 7 42 21 17 3 18 31 32 45 19 41 8 9 10 43 33 51 11 52 14 13 47 26 27 28 12 25 4 6 15 5 24 48 38 37 40 39 34 35 36 49 22 1
Knapsack Array = 1 0 1 0 0 0 1 0 0 0 0 1 0 0 0 0 0 1 0 0 1 0 1 0 0 0 0 0 0 0 0 0 1 0 0 1 0 0 0 0 0 0 0 0 0 0 0 1 0 0 1 
Picked Items (item,city) = (1 , 2) (3 , 4) (7 , 8) (12 , 13) (18 , 19) (21 , 22) (23 , 24) (33 , 34) (36 , 37) (48 , 49) (51 , 52) 

Travel Time: 8999.6430685203013127; Profit: 7244; TSP Distance : 7873.2256000000015774; Weight: 1913 / 2245; 0000000
TSP Tour = 1 44 46 16 29 50 20 23 30 2 7 42 21 31 17 3 45 19 41 8 9 10 43 33 51 11 52 14 13 47 26 27 28 12 25 4 6 15 5 24 48 38 37 40 39 34 35 36 49 32 18 22 1
Knapsack Array = 1 0 1 0 0 0 0 0 0 0 0 0 0 0 0 0 1 1 0 0 1 0 1 0 0 0 0 0 0 0 0 0 1 0 0 1 0 0 0 0 0 0 0 0 0 0 0 1 0 0 1 
Picked Items (item,city) = (1 , 2) (3 , 4) (17 , 18) (18 , 19) (21 , 22) (23 , 24) (33 , 34) (36 , 37) (48 , 49) (51 , 52) 

Travel Time: 9451.4744748275770689; Profit: 7855; TSP Distance : 7873.2256000000024869; Weight: 2034 / 2245; 0000000
TSP Tour = 1 44 46 16 29 50 20 23 30 2 7 42 21 31 17 3 45 19 41 8 9 10 43 33 51 11 52 14 13 47 26 27 28 12 25 4 6 15 5 24 48 38 37 40 39 34 35 36 49 32 18 22 1
Knapsack Array = 0 0 1 0 0 0 1 0 0 0 0 0 0 0 0 0 1 1 0 0 1 0 1 0 0 0 0 0 0 0 0 0 1 0 0 1 0 0 0 0 0 0 0 0 0 0 0 1 0 0 1 
Picked Items (item,city) = (3 , 4) (7 , 8) (17 , 18) (18 , 19) (21 , 22) (23 , 24) (33 , 34) (36 , 37) (48 , 49) (51 , 52) 

Travel Time: 9456.2234379841447662; Profit: 7974; TSP Distance : 7873.2256000000015774; Weight: 2035 / 2245; 0000000
TSP Tour = 1 44 46 16 29 50 20 23 30 2 7 42 21 31 17 3 45 19 41 8 9 10 43 33 51 11 52 14 13 47 26 27 28 12 25 4 6 15 5 24 48 38 37 40 39 34 35 36 49 32 18 22 1
Knapsack Array = 1 0 1 0 0 0 1 0 0 0 0 0 0 0 0 0 1 1 0 0 1 0 1 0 0 0 0 0 0 0 0 0 1 0 0 1 0 0 0 0 0 0 0 0 0 0 0 1 0 0 1 
Picked Items (item,city) = (1 , 2) (3 , 4) (7 , 8) (17 , 18) (18 , 19) (21 , 22) (23 , 24) (33 , 34) (36 , 37) (48 , 49) (51 , 52) 

Travel Time: 11227.379650742122976; Profit: 8506; TSP Distance : 8104.4677000000001499; Weight: 2235 / 2245; 0000000
TSP Tour = 1 31 3 17 21 42 7 2 30 23 20 50 29 16 46 44 35 36 32 45 19 41 8 9 10 43 33 51 11 52 14 13 47 26 27 28 12 25 4 6 15 5 24 48 38 37 40 39 34 22 18 49 1
Knapsack Array = 0 0 1 0 0 0 1 0 0 0 0 1 0 0 1 0 1 1 0 0 0 0 1 0 0 0 0 0 0 0 0 0 1 0 0 1 0 0 0 0 0 0 0 0 0 0 0 1 0 0 1 
Picked Items (item,city) = (3 , 4) (7 , 8) (12 , 13) (15 , 16) (17 , 18) (18 , 19) (23 , 24) (33 , 34) (36 , 37) (48 , 49) (51 , 52) 

Travel Time: 11235.882014103895926; Profit: 8625; TSP Distance : 8104.4677000000001499; Weight: 2236 / 2245; 0000000
TSP Tour = 1 31 3 17 21 42 7 2 30 23 20 50 29 16 46 44 35 36 32 45 19 41 8 9 10 43 33 51 11 52 14 13 47 26 27 28 12 25 4 6 15 5 24 48 38 37 40 39 34 22 18 49 1
Knapsack Array = 1 0 1 0 0 0 1 0 0 0 0 1 0 0 1 0 1 1 0 0 0 0 1 0 0 0 0 0 0 0 0 0 1 0 0 1 0 0 0 0 0 0 0 0 0 0 0 1 0 0 1 
Picked Items (item,city) = (1 , 2) (3 , 4) (7 , 8) (12 , 13) (15 , 16) (17 , 18) (18 , 19) (23 , 24) (33 , 34) (36 , 37) (48 , 49) (51 , 52) 

Travel Time: 7611.2641168056798051; Profit: 2176; TSP Distance : 7544.3659000000016022; Weight: 834 / 2245; 0000000
TSP Tour = 1 49 32 45 19 41 8 9 10 43 33 51 11 52 14 13 47 26 27 28 12 25 4 6 15 5 24 48 38 37 40 39 36 35 34 44 46 16 29 50 20 23 30 2 7 42 21 17 3 18 31 22 1
Knapsack Array = 1 0 0 0 0 0 0 0 0 0 0 0 0 0 0 0 1 0 0 0 1 0 0 0 0 0 0 0 0 1 0 0 0 0 0 0 0 0 0 0 0 0 0 0 0 0 0 0 0 0 0 
Picked Items (item,city) = (1 , 2) (17 , 18) (21 , 22) (30 , 31) 

Travel Time: 7648.7711039803634776; Profit: 2641; TSP Distance : 7544.3659000000016022; Weight: 864 / 2245; 0000000
TSP Tour = 1 49 32 45 19 41 8 9 10 43 33 51 11 52 14 13 47 26 27 28 12 25 4 6 15 5 24 48 38 37 40 39 36 35 34 44 46 16 29 50 20 23 30 2 7 42 21 17 3 18 31 22 1
Knapsack Array = 0 0 0 0 0 0 0 0 0 0 0 0 0 0 0 0 1 0 0 0 1 0 0 0 0 0 0 0 0 1 0 0 0 0 0 1 0 0 0 0 0 0 0 0 0 0 0 0 0 0 0 
Picked Items (item,city) = (17 , 18) (21 , 22) (30 , 31) (36 , 37) 

Travel Time: 7649.3490556494125485; Profit: 2760; TSP Distance : 7544.3659000000016022; Weight: 865 / 2245; 0000000
TSP Tour = 1 49 32 45 19 41 8 9 10 43 33 51 11 52 14 13 47 26 27 28 12 25 4 6 15 5 24 48 38 37 40 39 36 35 34 44 46 16 29 50 20 23 30 2 7 42 21 17 3 18 31 22 1
Knapsack Array = 1 0 0 0 0 0 0 0 0 0 0 0 0 0 0 0 1 0 0 0 1 0 0 0 0 0 0 0 0 1 0 0 0 0 0 1 0 0 0 0 0 0 0 0 0 0 0 0 0 0 0 
Picked Items (item,city) = (1 , 2) (17 , 18) (21 , 22) (30 , 31) (36 , 37) 

Travel Time: 7727.3832895609411935; Profit: 2859; TSP Distance : 7544.3659000000016022; Weight: 966 / 2245; 0000000
TSP Tour = 1 49 32 45 19 41 8 9 10 43 33 51 11 52 14 13 47 26 27 28 12 25 4 6 15 5 24 48 38 37 40 39 36 35 34 44 46 16 29 50 20 23 30 2 7 42 21 17 3 18 31 22 1
Knapsack Array = 1 0 0 0 0 0 0 0 0 0 0 0 0 0 0 0 1 0 0 0 1 0 0 0 0 0 0 0 1 1 0 0 0 0 0 1 0 0 0 0 0 0 0 0 0 0 0 0 0 0 0 
Picked Items (item,city) = (1 , 2) (17 , 18) (21 , 22) (29 , 30) (30 , 31) (36 , 37) 

Travel Time: 7741.7198509334739356; Profit: 2895; TSP Distance : 7544.3659000000016022; Weight: 933 / 2245; 0000000
TSP Tour = 1 49 32 45 19 41 8 9 10 43 33 51 11 52 14 13 47 26 27 28 12 25 4 6 15 5 24 48 38 37 40 39 36 35 34 44 46 16 29 50 20 23 30 2 7 42 21 17 3 18 31 22 1
Knapsack Array = 0 0 0 0 0 0 0 0 0 0 0 0 0 0 0 0 1 0 0 0 1 0 1 0 0 0 0 0 0 1 0 0 0 0 0 0 0 0 0 0 0 0 0 0 0 0 0 0 0 0 0 
Picked Items (item,city) = (17 , 18) (21 , 22) (23 , 24) (30 , 31) 

Travel Time: 7742.3347791405221869; Profit: 3014; TSP Distance : 7544.3659000000016022; Weight: 934 / 2245; 0000000
TSP Tour = 1 49 32 45 19 41 8 9 10 43 33 51 11 52 14 13 47 26 27 28 12 25 4 6 15 5 24 48 38 37 40 39 36 35 34 44 46 16 29 50 20 23 30 2 7 42 21 17 3 18 31 22 1
Knapsack Array = 1 0 0 0 0 0 0 0 0 0 0 0 0 0 0 0 1 0 0 0 1 0 1 0 0 0 0 0 0 1 0 0 0 0 0 0 0 0 0 0 0 0 0 0 0 0 0 0 0 0 0 
Picked Items (item,city) = (1 , 2) (17 , 18) (21 , 22) (23 , 24) (30 , 31) 

Travel Time: 7783.2019197130975954; Profit: 3479; TSP Distance : 7544.3659000000016022; Weight: 964 / 2245; 0000000
TSP Tour = 1 49 32 45 19 41 8 9 10 43 33 51 11 52 14 13 47 26 27 28 12 25 4 6 15 5 24 48 38 37 40 39 36 35 34 44 46 16 29 50 20 23 30 2 7 42 21 17 3 18 31 22 1
Knapsack Array = 0 0 0 0 0 0 0 0 0 0 0 0 0 0 0 0 1 0 0 0 1 0 1 0 0 0 0 0 0 1 0 0 0 0 0 1 0 0 0 0 0 0 0 0 0 0 0 0 0 0 0 
Picked Items (item,city) = (17 , 18) (21 , 22) (23 , 24) (30 , 31) (36 , 37) 

Travel Time: 7783.8346546094744554; Profit: 3598; TSP Distance : 7544.3659000000016022; Weight: 965 / 2245; 0000000
TSP Tour = 1 49 32 45 19 41 8 9 10 43 33 51 11 52 14 13 47 26 27 28 12 25 4 6 15 5 24 48 38 37 40 39 36 35 34 44 46 16 29 50 20 23 30 2 7 42 21 17 3 18 31 22 1
Knapsack Array = 1 0 0 0 0 0 0 0 0 0 0 0 0 0 0 0 1 0 0 0 1 0 1 0 0 0 0 0 0 1 0 0 0 0 0 1 0 0 0 0 0 0 0 0 0 0 0 0 0 0 0 
Picked Items (item,city) = (1 , 2) (17 , 18) (21 , 22) (23 , 24) (30 , 31) (36 , 37) 

Travel Time: 7826.0341124536398638; Profit: 3627; TSP Distance : 7632.7636000000011336; Weight: 1236 / 2245; 0000000
TSP Tour = 1 32 45 19 41 8 9 10 43 33 51 11 52 14 13 47 26 27 28 12 25 4 6 15 5 24 48 38 37 40 39 36 35 34 44 46 16 29 50 20 23 30 2 7 42 21 17 3 18 31 22 49 1
Knapsack Array = 1 0 0 0 0 0 0 0 0 0 0 0 0 0 0 0 1 0 0 0 1 0 0 0 0 0 0 0 0 1 0 0 0 0 0 1 0 0 0 0 0 0 0 0 0 0 0 1 0 0 0 
Picked Items (item,city) = (1 , 2) (17 , 18) (21 , 22) (30 , 31) (36 , 37) (48 , 49) 

Travel Time: 7869.3152403358617448; Profit: 3697; TSP Distance : 7544.3659000000016022; Weight: 1066 / 2245; 0000000
TSP Tour = 1 49 32 45 19 41 8 9 10 43 33 51 11 52 14 13 47 26 27 28 12 25 4 6 15 5 24 48 38 37 40 39 36 35 34 44 46 16 29 50 20 23 30 2 7 42 21 17 3 18 31 22 1
Knapsack Array = 1 0 0 0 0 0 0 0 0 0 0 0 0 0 0 0 1 0 0 0 1 0 1 0 0 0 0 0 1 1 0 0 0 0 0 1 0 0 0 0 0 0 0 0 0 0 0 0 0 0 0 
Picked Items (item,city) = (1 , 2) (17 , 18) (21 , 22) (23 , 24) (29 , 30) (30 , 31) (36 , 37) 

Travel Time: 7956.276222166819025; Profit: 4454; TSP Distance : 7748.3357000000032713; Weight: 1204 / 2245; 0000000
TSP Tour = 1 44 46 16 29 50 20 23 30 2 7 42 21 17 3 45 19 41 8 9 10 43 33 51 11 52 14 13 47 26 27 28 12 25 4 6 15 5 24 48 38 37 40 39 34 35 36 49 32 18 31 22 1
Knapsack Array = 0 0 0 0 0 0 0 0 0 0 0 0 0 0 0 0 1 0 0 0 1 0 1 0 0 0 0 0 0 1 0 0 1 0 0 1 0 0 0 0 0 0 0 0 0 0 0 0 0 0 0 
Picked Items (item,city) = (17 , 18) (21 , 22) (23 , 24) (30 , 31) (33 , 34) (36 , 37) 

Travel Time: 7958.9769815401105006; Profit: 4573; TSP Distance : 7748.3357000000032713; Weight: 1205 / 2245; 0000000
TSP Tour = 1 44 46 16 29 50 20 23 30 2 7 42 21 17 3 45 19 41 8 9 10 43 33 51 11 52 14 13 47 26 27 28 12 25 4 6 15 5 24 48 38 37 40 39 34 35 36 49 32 18 31 22 1
Knapsack Array = 1 0 0 0 0 0 0 0 0 0 0 0 0 0 0 0 1 0 0 0 1 0 1 0 0 0 0 0 0 1 0 0 1 0 0 1 0 0 0 0 0 0 0 0 0 0 0 0 0 0 0 
Picked Items (item,city) = (1 , 2) (17 , 18) (21 , 22) (23 , 24) (30 , 31) (33 , 34) (36 , 37) 

Travel Time: 8127.2091499554780967; Profit: 5321; TSP Distance : 7748.3357000000032713; Weight: 1575 / 2245; 0000000
TSP Tour = 1 44 46 16 29 50 20 23 30 2 7 42 21 17 3 45 19 41 8 9 10 43 33 51 11 52 14 13 47 26 27 28 12 25 4 6 15 5 24 48 38 37 40 39 34 35 36 49 32 18 31 22 1
Knapsack Array = 0 0 0 0 0 0 0 0 0 0 0 0 0 0 0 0 1 0 0 0 1 0 1 0 0 0 0 0 0 1 0 0 1 0 0 1 0 0 0 0 0 0 0 0 0 0 0 1 0 0 0 
Picked Items (item,city) = (17 , 18) (21 , 22) (23 , 24) (30 , 31) (33 , 34) (36 , 37) (48 , 49) 

Travel Time: 8130.1484587514332816; Profit: 5440; TSP Distance : 7748.3357000000032713; Weight: 1576 / 2245; 0000000
TSP Tour = 1 44 46 16 29 50 20 23 30 2 7 42 21 17 3 45 19 41 8 9 10 43 33 51 11 52 14 13 47 26 27 28 12 25 4 6 15 5 24 48 38 37 40 39 34 35 36 49 32 18 31 22 1
Knapsack Array = 1 0 0 0 0 0 0 0 0 0 0 0 0 0 0 0 1 0 0 0 1 0 1 0 0 0 0 0 0 1 0 0 1 0 0 1 0 0 0 0 0 0 0 0 0 0 0 1 0 0 0 
Picked Items (item,city) = (1 , 2) (17 , 18) (21 , 22) (23 , 24) (30 , 31) (33 , 34) (36 , 37) (48 , 49) 

Travel Time: 8233.5401287890144886; Profit: 5570; TSP Distance : 7748.3357000000032713; Weight: 1572 / 2245; 0000000
TSP Tour = 1 44 46 16 29 50 20 23 30 2 7 42 21 17 3 45 19 41 8 9 10 43 33 51 11 52 14 13 47 26 27 28 12 25 4 6 15 5 24 48 38 37 40 39 34 35 36 49 32 18 31 22 1
Knapsack Array = 1 0 1 0 0 0 0 0 0 0 0 0 0 0 0 0 1 0 0 0 1 0 1 0 0 0 0 0 0 1 0 0 1 0 0 1 0 0 0 0 0 0 0 0 0 0 0 0 0 0 0 
Picked Items (item,city) = (1 , 2) (3 , 4) (17 , 18) (21 , 22) (23 , 24) (30 , 31) (33 , 34) (36 , 37) 

Travel Time: 8245.9275568628290785; Profit: 5748; TSP Distance : 7748.3357000000032713; Weight: 1622 / 2245; 0000000
TSP Tour = 1 44 46 16 29 50 20 23 30 2 7 42 21 17 3 45 19 41 8 9 10 43 33 51 11 52 14 13 47 26 27 28 12 25 4 6 15 5 24 48 38 37 40 39 34 35 36 49 32 18 31 22 1
Knapsack Array = 0 0 0 0 0 0 0 0 0 0 0 0 0 0 0 0 1 1 0 0 1 0 1 0 0 0 0 0 0 1 0 0 1 0 0 1 0 0 0 0 0 0 0 0 0 0 0 1 0 0 0 
Picked Items (item,city) = (17 , 18) (18 , 19) (21 , 22) (23 , 24) (30 , 31) (33 , 34) (36 , 37) (48 , 49) 

Travel Time: 8248.9878150564127282; Profit: 5867; TSP Distance : 7748.3357000000032713; Weight: 1623 / 2245; 0000000
TSP Tour = 1 44 46 16 29 50 20 23 30 2 7 42 21 17 3 45 19 41 8 9 10 43 33 51 11 52 14 13 47 26 27 28 12 25 4 6 15 5 24 48 38 37 40 39 34 35 36 49 32 18 31 22 1
Knapsack Array = 1 0 0 0 0 0 0 0 0 0 0 0 0 0 0 0 1 1 0 0 1 0 1 0 0 0 0 0 0 1 0 0 1 0 0 1 0 0 0 0 0 0 0 0 0 0 0 1 0 0 0 
Picked Items (item,city) = (1 , 2) (17 , 18) (18 , 19) (21 , 22) (23 , 24) (30 , 31) (33 , 34) (36 , 37) (48 , 49) 

Travel Time: 8439.8465168414932123; Profit: 6051; TSP Distance : 7748.3357000000032713; Weight: 1697 / 2245; 0000000
TSP Tour = 1 44 46 16 29 50 20 23 30 2 7 42 21 17 3 45 19 41 8 9 10 43 33 51 11 52 14 13 47 26 27 28 12 25 4 6 15 5 24 48 38 37 40 39 34 35 36 49 32 18 31 22 1
Knapsack Array = 0 0 0 0 0 0 1 0 0 0 0 0 0 0 0 0 1 0 0 0 1 0 1 0 0 0 0 0 0 1 0 0 1 0 0 1 0 0 0 0 0 0 0 0 0 0 0 1 0 0 0 
Picked Items (item,city) = (7 , 8) (17 , 18) (21 , 22) (23 , 24) (30 , 31) (33 , 34) (36 , 37) (48 , 49) 

Travel Time: 8443.1161528022421408; Profit: 6170; TSP Distance : 7748.3357000000032713; Weight: 1698 / 2245; 0000000
TSP Tour = 1 44 46 16 29 50 20 23 30 2 7 42 21 17 3 45 19 41 8 9 10 43 33 51 11 52 14 13 47 26 27 28 12 25 4 6 15 5 24 48 38 37 40 39 34 35 36 49 32 18 31 22 1
Knapsack Array = 1 0 0 0 0 0 1 0 0 0 0 0 0 0 0 0 1 0 0 0 1 0 1 0 0 0 0 0 0 1 0 0 1 0 0 1 0 0 0 0 0 0 0 0 0 0 0 1 0 0 0 
Picked Items (item,city) = (1 , 2) (7 , 8) (17 , 18) (21 , 22) (23 , 24) (30 , 31) (33 , 34) (36 , 37) (48 , 49) 

Travel Time: 8574.7880763387547631; Profit: 6478; TSP Distance : 7748.3357000000032713; Weight: 1744 / 2245; 0000000
TSP Tour = 1 44 46 16 29 50 20 23 30 2 7 42 21 17 3 45 19 41 8 9 10 43 33 51 11 52 14 13 47 26 27 28 12 25 4 6 15 5 24 48 38 37 40 39 34 35 36 49 32 18 31 22 1
Knapsack Array = 0 0 0 0 0 0 1 0 0 0 0 0 0 0 0 0 1 1 0 0 1 0 1 0 0 0 0 0 0 1 0 0 1 0 0 1 0 0 0 0 0 0 0 0 0 0 0 1 0 0 0 
Picked Items (item,city) = (7 , 8) (17 , 18) (18 , 19) (21 , 22) (23 , 24) (30 , 31) (33 , 34) (36 , 37) (48 , 49) 

Travel Time: 8578.2097706016520533; Profit: 6597; TSP Distance : 7748.3357000000032713; Weight: 1745 / 2245; 0000000
TSP Tour = 1 44 46 16 29 50 20 23 30 2 7 42 21 17 3 45 19 41 8 9 10 43 33 51 11 52 14 13 47 26 27 28 12 25 4 6 15 5 24 48 38 37 40 39 34 35 36 49 32 18 31 22 1
Knapsack Array = 1 0 0 0 0 0 1 0 0 0 0 0 0 0 0 0 1 1 0 0 1 0 1 0 0 0 0 0 0 1 0 0 1 0 0 1 0 0 0 0 0 0 0 0 0 0 0 1 0 0 0 
Picked Items (item,city) = (1 , 2) (7 , 8) (17 , 18) (18 , 19) (21 , 22) (23 , 24) (30 , 31) (33 , 34) (36 , 37) (48 , 49) 

Travel Time: 8628.7313899358941853; Profit: 6737; TSP Distance : 7748.3357000000032713; Weight: 1826 / 2245; 0000000
TSP Tour = 1 44 46 16 29 50 20 23 30 2 7 42 21 17 3 45 19 41 8 9 10 43 33 51 11 52 14 13 47 26 27 28 12 25 4 6 15 5 24 48 38 37 40 39 34 35 36 49 32 18 31 22 1
Knapsack Array = 0 0 0 0 0 0 0 0 0 0 0 0 0 0 0 0 1 1 0 0 1 0 1 0 0 0 0 0 0 1 0 0 1 0 0 1 0 0 0 0 0 0 0 0 0 0 0 1 0 0 1 
Picked Items (item,city) = (17 , 18) (18 , 19) (21 , 22) (23 , 24) (30 , 31) (33 , 34) (36 , 37) (48 , 49) (51 , 52) 

Travel Time: 8632.2872610228387202; Profit: 6856; TSP Distance : 7748.3357000000032713; Weight: 1827 / 2245; 0000000
TSP Tour = 1 44 46 16 29 50 20 23 30 2 7 42 21 17 3 45 19 41 8 9 10 43 33 51 11 52 14 13 47 26 27 28 12 25 4 6 15 5 24 48 38 37 40 39 34 35 36 49 32 18 31 22 1
Knapsack Array = 1 0 0 0 0 0 0 0 0 0 0 0 0 0 0 0 1 1 0 0 1 0 1 0 0 0 0 0 0 1 0 0 1 0 0 1 0 0 0 0 0 0 0 0 0 0 0 1 0 0 1 
Picked Items (item,city) = (1 , 2) (17 , 18) (18 , 19) (21 , 22) (23 , 24) (30 , 31) (33 , 34) (36 , 37) (48 , 49) (51 , 52) 

Travel Time: 8705.5486833130180457; Profit: 6864; TSP Distance : 7748.3357000000032713; Weight: 1990 / 2245; 0000000
TSP Tour = 1 44 46 16 29 50 20 23 30 2 7 42 21 17 3 45 19 41 8 9 10 43 33 51 11 52 14 13 47 26 27 28 12 25 4 6 15 5 24 48 38 37 40 39 34 35 36 49 32 18 31 22 1
Knapsack Array = 1 0 1 0 0 0 0 0 0 0 0 0 0 0 0 0 1 1 0 0 1 0 1 0 0 0 0 0 0 1 0 0 1 0 0 1 0 0 0 0 0 0 0 0 0 0 0 1 0 0 0 
Picked Items (item,city) = (1 , 2) (3 , 4) (17 , 18) (18 , 19) (21 , 22) (23 , 24) (30 , 31) (33 , 34) (36 , 37) (48 , 49) 

Travel Time: 8760.8101104738743743; Profit: 6867; TSP Distance : 7748.3357000000032713; Weight: 1822 / 2245; 0000000
TSP Tour = 1 44 46 16 29 50 20 23 30 2 7 42 21 17 3 45 19 41 8 9 10 43 33 51 11 52 14 13 47 26 27 28 12 25 4 6 15 5 24 48 38 37 40 39 34 35 36 49 32 18 31 22 1
Knapsack Array = 0 0 1 0 0 0 0 0 0 0 0 0 0 0 0 0 1 1 0 0 1 0 1 0 0 0 0 0 0 1 0 0 1 0 0 1 0 0 0 0 0 0 0 0 0 0 0 0 0 0 1 
Picked Items (item,city) = (3 , 4) (17 , 18) (18 , 19) (21 , 22) (23 , 24) (30 , 31) (33 , 34) (36 , 37) (51 , 52) 

Travel Time: 8764.5031987004040275; Profit: 6986; TSP Distance : 7748.3357000000032713; Weight: 1823 / 2245; 0000000
TSP Tour = 1 44 46 16 29 50 20 23 30 2 7 42 21 17 3 45 19 41 8 9 10 43 33 51 11 52 14 13 47 26 27 28 12 25 4 6 15 5 24 48 38 37 40 39 34 35 36 49 32 18 31 22 1
Knapsack Array = 1 0 1 0 0 0 0 0 0 0 0 0 0 0 0 0 1 1 0 0 1 0 1 0 0 0 0 0 0 1 0 0 1 0 0 1 0 0 0 0 0 0 0 0 0 0 0 0 0 0 1 
Picked Items (item,city) = (1 , 2) (3 , 4) (17 , 18) (18 , 19) (21 , 22) (23 , 24) (30 , 31) (33 , 34) (36 , 37) (51 , 52) 

Travel Time: 9010.4241967910893436; Profit: 7289; TSP Distance : 7748.3357000000032713; Weight: 1898 / 2245; 0000000
TSP Tour = 1 44 46 16 29 50 20 23 30 2 7 42 21 17 3 45 19 41 8 9 10 43 33 51 11 52 14 13 47 26 27 28 12 25 4 6 15 5 24 48 38 37 40 39 34 35 36 49 32 18 31 22 1
Knapsack Array = 1 0 1 0 0 0 1 0 0 0 0 0 0 0 0 0 1 0 0 0 1 0 1 0 0 0 0 0 0 1 0 0 1 0 0 1 0 0 0 0 0 0 0 0 0 0 0 0 0 0 1 
Picked Items (item,city) = (1 , 2) (3 , 4) (7 , 8) (17 , 18) (21 , 22) (23 , 24) (30 , 31) (33 , 34) (36 , 37) (51 , 52) 

Travel Time: 9028.3470361050967767; Profit: 7467; TSP Distance : 7748.3357000000032713; Weight: 1948 / 2245; 0000000
TSP Tour = 1 44 46 16 29 50 20 23 30 2 7 42 21 17 3 45 19 41 8 9 10 43 33 51 11 52 14 13 47 26 27 28 12 25 4 6 15 5 24 48 38 37 40 39 34 35 36 49 32 18 31 22 1
Knapsack Array = 0 0 0 0 0 0 1 0 0 0 0 0 0 0 0 0 1 1 0 0 1 0 1 0 0 0 0 0 0 1 0 0 1 0 0 1 0 0 0 0 0 0 0 0 0 0 0 1 0 0 1 
Picked Items (item,city) = (7 , 8) (17 , 18) (18 , 19) (21 , 22) (23 , 24) (30 , 31) (33 , 34) (36 , 37) (48 , 49) (51 , 52) 

Travel Time: 9032.4505913902139582; Profit: 7586; TSP Distance : 7748.3357000000032713; Weight: 1949 / 2245; 0000000
TSP Tour = 1 44 46 16 29 50 20 23 30 2 7 42 21 17 3 45 19 41 8 9 10 43 33 51 11 52 14 13 47 26 27 28 12 25 4 6 15 5 24 48 38 37 40 39 34 35 36 49 32 18 31 22 1
Knapsack Array = 1 0 0 0 0 0 1 0 0 0 0 0 0 0 0 0 1 1 0 0 1 0 1 0 0 0 0 0 0 1 0 0 1 0 0 1 0 0 0 0 0 0 0 0 0 0 0 1 0 0 1 
Picked Items (item,city) = (1 , 2) (7 , 8) (17 , 18) (18 , 19) (21 , 22) (23 , 24) (30 , 31) (33 , 34) (36 , 37) (48 , 49) (51 , 52) 

Travel Time: 9167.0167629555689928; Profit: 7594; TSP Distance : 7748.3357000000032713; Weight: 2112 / 2245; 0000000
TSP Tour = 1 44 46 16 29 50 20 23 30 2 7 42 21 17 3 45 19 41 8 9 10 43 33 51 11 52 14 13 47 26 27 28 12 25 4 6 15 5 24 48 38 37 40 39 34 35 36 49 32 18 31 22 1
Knapsack Array = 1 0 1 0 0 0 1 0 0 0 0 0 0 0 0 0 1 1 0 0 1 0 1 0 0 0 0 0 0 1 0 0 1 0 0 1 0 0 0 0 0 0 0 0 0 0 0 1 0 0 0 
Picked Items (item,city) = (1 , 2) (3 , 4) (7 , 8) (17 , 18) (18 , 19) (21 , 22) (23 , 24) (30 , 31) (33 , 34) (36 , 37) (48 , 49) 

Travel Time: 9178.8140173385181697; Profit: 7597; TSP Distance : 7748.3357000000032713; Weight: 1944 / 2245; 0000000
TSP Tour = 1 44 46 16 29 50 20 23 30 2 7 42 21 17 3 45 19 41 8 9 10 43 33 51 11 52 14 13 47 26 27 28 12 25 4 6 15 5 24 48 38 37 40 39 34 35 36 49 32 18 31 22 1
Knapsack Array = 0 0 1 0 0 0 1 0 0 0 0 0 0 0 0 0 1 1 0 0 1 0 1 0 0 0 0 0 0 1 0 0 1 0 0 1 0 0 0 0 0 0 0 0 0 0 0 0 0 0 1 
Picked Items (item,city) = (3 , 4) (7 , 8) (17 , 18) (18 , 19) (21 , 22) (23 , 24) (30 , 31) (33 , 34) (36 , 37) (51 , 52) 

Travel Time: 9183.0830247937628883; Profit: 7716; TSP Distance : 7748.3357000000032713; Weight: 1945 / 2245; 0000000
TSP Tour = 1 44 46 16 29 50 20 23 30 2 7 42 21 17 3 45 19 41 8 9 10 43 33 51 11 52 14 13 47 26 27 28 12 25 4 6 15 5 24 48 38 37 40 39 34 35 36 49 32 18 31 22 1
Knapsack Array = 1 0 1 0 0 0 1 0 0 0 0 0 0 0 0 0 1 1 0 0 1 0 1 0 0 0 0 0 0 1 0 0 1 0 0 1 0 0 0 0 0 0 0 0 0 0 0 0 0 0 1 
Picked Items (item,city) = (1 , 2) (3 , 4) (7 , 8) (17 , 18) (18 , 19) (21 , 22) (23 , 24) (30 , 31) (33 , 34) (36 , 37) (51 , 52) 

Travel Time: 9352.6746515267950599; Profit: 7734; TSP Distance : 7748.3357000000032713; Weight: 2193 / 2245; 0000000
TSP Tour = 1 44 46 16 29 50 20 23 30 2 7 42 21 17 3 45 19 41 8 9 10 43 33 51 11 52 14 13 47 26 27 28 12 25 4 6 15 5 24 48 38 37 40 39 34 35 36 49 32 18 31 22 1
Knapsack Array = 0 0 1 0 0 0 0 0 0 0 0 0 0 0 0 0 1 1 0 0 1 0 1 0 0 0 0 0 0 1 0 0 1 0 0 1 0 0 0 0 0 0 0 0 0 0 0 1 0 0 1 
Picked Items (item,city) = (3 , 4) (17 , 18) (18 , 19) (21 , 22) (23 , 24) (30 , 31) (33 , 34) (36 , 37) (48 , 49) (51 , 52) 

Travel Time: 9358.2722551819224464; Profit: 7853; TSP Distance : 7748.3357000000032713; Weight: 2194 / 2245; 0000000
TSP Tour = 1 44 46 16 29 50 20 23 30 2 7 42 21 17 3 45 19 41 8 9 10 43 33 51 11 52 14 13 47 26 27 28 12 25 4 6 15 5 24 48 38 37 40 39 34 35 36 49 32 18 31 22 1
Knapsack Array = 1 0 1 0 0 0 0 0 0 0 0 0 0 0 0 0 1 1 0 0 1 0 1 0 0 0 0 0 0 1 0 0 1 0 0 1 0 0 0 0 0 0 0 0 0 0 0 1 0 0 1 
Picked Items (item,city) = (1 , 2) (3 , 4) (17 , 18) (18 , 19) (21 , 22) (23 , 24) (30 , 31) (33 , 34) (36 , 37) (48 , 49) (51 , 52) 

Travel Time: 10077.051042777875409; Profit: 8259; TSP Distance : 7748.3357000000032713; Weight: 2223 / 2245; 0000000
TSP Tour = 1 44 46 16 29 50 20 23 30 2 7 42 21 17 3 45 19 41 8 9 10 43 33 51 11 52 14 13 47 26 27 28 12 25 4 6 15 5 24 48 38 37 40 39 34 35 36 49 32 18 31 22 1
Knapsack Array = 1 0 1 0 0 0 1 0 0 0 0 1 0 0 0 0 1 0 0 0 1 0 1 0 0 0 0 0 0 1 0 0 1 0 0 1 0 0 0 0 0 0 0 0 0 0 0 0 0 0 1 
Picked Items (item,city) = (1 , 2) (3 , 4) (7 , 8) (12 , 13) (17 , 18) (21 , 22) (23 , 24) (30 , 31) (33 , 34) (36 , 37) (51 , 52) 

Travel Time: 10132.212638749229882; Profit: 8358; TSP Distance : 7804.8247999999994136; Weight: 2177 / 2245; 0000000
TSP Tour = 1 31 18 3 17 21 42 7 2 30 23 20 50 29 16 46 44 35 36 32 45 19 41 8 9 10 43 33 51 11 52 14 13 47 26 27 28 12 25 4 6 15 5 24 48 38 37 40 39 34 49 22 1
Knapsack Array = 0 0 1 0 0 0 1 0 0 0 0 1 0 0 1 0 0 1 0 0 1 0 1 0 0 0 0 0 0 0 0 0 1 0 0 1 0 0 0 0 0 0 0 0 0 0 0 1 0 0 1 
Picked Items (item,city) = (3 , 4) (7 , 8) (12 , 13) (15 , 16) (18 , 19) (21 , 22) (23 , 24) (33 , 34) (36 , 37) (48 , 49) (51 , 52) 

Travel Time: 10138.472707302053095; Profit: 8477; TSP Distance : 7804.824800000002142; Weight: 2178 / 2245; 0000000
TSP Tour = 1 31 18 3 17 21 42 7 2 30 23 20 50 29 16 46 44 35 36 32 45 19 41 8 9 10 43 33 51 11 52 14 13 47 26 27 28 12 25 4 6 15 5 24 48 38 37 40 39 34 49 22 1
Knapsack Array = 1 0 1 0 0 0 1 0 0 0 0 1 0 0 1 0 0 1 0 0 1 0 1 0 0 0 0 0 0 0 0 0 1 0 0 1 0 0 0 0 0 0 0 0 0 0 0 1 0 0 1 
Picked Items (item,city) = (1 , 2) (3 , 4) (7 , 8) (12 , 13) (15 , 16) (18 , 19) (21 , 22) (23 , 24) (33 , 34) (36 , 37) (48 , 49) (51 , 52) 

Travel Time: 7872.3856205540751034; Profit: 3914; TSP Distance : 7746.8571000000019922; Weight: 989 / 2245; 0000000
TSP Tour = 1 44 46 16 29 50 20 23 30 2 7 42 21 31 18 17 3 45 19 41 8 9 10 43 33 51 11 52 14 13 47 26 27 28 12 25 4 6 15 5 24 48 38 37 40 39 34 35 36 49 32 22 1
Knapsack Array = 0 0 0 0 0 0 0 0 0 0 0 0 0 0 0 0 0 0 0 0 1 0 1 0 0 0 0 0 0 0 0 0 1 0 0 1 0 0 0 0 0 0 0 0 0 0 0 1 0 0 0 
Picked Items (item,city) = (21 , 22) (23 , 24) (33 , 34) (36 , 37) (48 , 49) 

Travel Time: 7874.9988364534619905; Profit: 4033; TSP Distance : 7746.8571000000019922; Weight: 990 / 2245; 0000000
TSP Tour = 1 44 46 16 29 50 20 23 30 2 7 42 21 31 18 17 3 45 19 41 8 9 10 43 33 51 11 52 14 13 47 26 27 28 12 25 4 6 15 5 24 48 38 37 40 39 34 35 36 49 32 22 1
Knapsack Array = 1 0 0 0 0 0 0 0 0 0 0 0 0 0 0 0 0 0 0 0 1 0 1 0 0 0 0 0 0 0 0 0 1 0 0 1 0 0 0 0 0 0 0 0 0 0 0 1 0 0 0 
Picked Items (item,city) = (1 , 2) (21 , 22) (23 , 24) (33 , 34) (36 , 37) (48 , 49) 


Pareto (Travel Time; Profit; IsValid)

7544.3659000000006927 ; 0; 0000000
7544.8658920903726539 ; 119; 0000000
7549.4321573342576812 ; 650; 0000000
7549.9364373936923585 ; 769; 0000000
7555.553183595835435 ; 867; 0000000
7558.0886316071409965 ; 986; 0000000
7562.5622444457840174 ; 1294; 0000000
7565.1036134653404588 ; 1413; 0000000
7582.3677681566359752 ; 1597; 0000000
7584.9259623152320273 ; 1716; 0000000
7590.1589570757978436 ; 2024; 0000000
7592.724096944075427 ; 2143; 0000000
7642.2422936295397449 ; 2181; 0000000
7644.8493288753033994 ; 2300; 0000000
7694.174900098978469 ; 2793; 0000000
7753.5055863428788143 ; 3258; 0000000
7756.180981016833357 ; 3377; 0000000
7779.3053456327997992 ; 3383; 0000000
7868.9066115382220232 ; 3691; 0000000
7871.5174230261973207 ; 3810; 0000000
7906.5854684236983303 ; 4261; 0000000
7909.2506224166045286 ; 4380; 0000000
8005.0806849552482163 ; 4688; 0000000
8007.8319773466910192 ; 4807; 0000000
8050.0231440864708929 ; 4911; 0000000
8052.8114161603998582 ; 5030; 0000000
8157.6438994064919825 ; 5457; 0000000
8340.0889095468610321 ; 5900; 0000000
8343.1851567052253813 ; 6019; 0000000
8441.143303061297047 ; 6068; 0000000
8444.3076220388484217 ; 6187; 0000000
8459.9097807277648826 ; 6327; 0000000
8463.1298821368654899 ; 6446; 0000000
8792.2880906889349717 ; 7057; 0000000
8795.8774845346215443 ; 7176; 0000000
9312.7770030082119774 ; 7719; 0000000
9499.1503172937191266 ; 8027; 0000000
9503.9932167150145688 ; 8146; 0000000
8999.6430685203013127 ; 7244; 0000000
9451.4744748275770689 ; 7855; 0000000
9456.2234379841447662 ; 7974; 0000000
11227.379650742122976 ; 8506; 0000000
11235.882014103895926 ; 8625; 0000000
7611.2641168056798051 ; 2176; 0000000
7648.7711039803634776 ; 2641; 0000000
7649.3490556494125485 ; 2760; 0000000
7727.3832895609411935 ; 2859; 0000000
7741.7198509334739356 ; 2895; 0000000
7742.3347791405221869 ; 3014; 0000000
7783.2019197130975954 ; 3479; 0000000
7783.8346546094744554 ; 3598; 0000000
7826.0341124536398638 ; 3627; 0000000
7869.3152403358617448 ; 3697; 0000000
7956.276222166819025 ; 4454; 0000000
7958.9769815401105006 ; 4573; 0000000
8127.2091499554780967 ; 5321; 0000000
8130.1484587514332816 ; 5440; 0000000
8233.5401287890144886 ; 5570; 0000000
8245.9275568628290785 ; 5748; 0000000
8248.9878150564127282 ; 5867; 0000000
8439.8465168414932123 ; 6051; 0000000
8443.1161528022421408 ; 6170; 0000000
8574.7880763387547631 ; 6478; 0000000
8578.2097706016520533 ; 6597; 0000000
8628.7313899358941853 ; 6737; 0000000
8632.2872610228387202 ; 6856; 0000000
8705.5486833130180457 ; 6864; 0000000
8760.8101104738743743 ; 6867; 0000000
8764.5031987004040275 ; 6986; 0000000
9010.4241967910893436 ; 7289; 0000000
9028.3470361050967767 ; 7467; 0000000
9032.4505913902139582 ; 7586; 0000000
9167.0167629555689928 ; 7594; 0000000
9178.8140173385181697 ; 7597; 0000000
9183.0830247937628883 ; 7716; 0000000
9352.6746515267950599 ; 7734; 0000000
9358.2722551819224464 ; 7853; 0000000
10077.051042777875409 ; 8259; 0000000
10132.212638749229882 ; 8358; 0000000
10138.472707302053095 ; 8477; 0000000
7872.3856205540751034 ; 3914; 0000000
7874.9988364534619905 ; 4033; 0000000
