Travel Time: 2601.9256849000266811; Profit: 975; TSP Distance : 2587.9299300000006951; Weight: 240 / 12718; 0000000
TSP Tour = 1 2 242 243 241 240 239 238 237 236 235 234 233 232 231 246 245 244 247 250 251 230 229 228 227 226 225 224 223 222 221 220 219 218 217 216 215 214 213 212 211 210 207 206 205 204 203 202 201 198 197 196 195 194 193 192 191 190 189 188 187 186 185 184 183 182 181 176 180 179 150 178 177 151 152 156 153 155 154 129 128 127 126 30 125 124 123 122 121 120 119 157 158 159 160 175 161 162 163 164 165 166 167 168 169 170 172 171 173 174 107 106 105 104 103 102 101 100 99 98 97 96 95 94 93 92 91 90 89 109 108 110 111 114 113 112 88 87 84 83 82 81 80 79 78 77 75 76 74 73 72 71 70 67 69 68 58 57 56 55 54 53 52 51 50 49 48 47 46 45 44 59 63 64 65 66 85 86 116 115 117 118 62 61 60 43 42 41 40 39 38 37 36 35 34 33 32 31 29 28 27 26 22 25 23 24 14 15 13 12 11 10 9 8 7 6 5 4 277 276 275 274 273 272 271 16 17 18 19 20 21 130 131 132 133 134 270 269 135 136 268 267 137 138 139 149 148 147 146 145 199 200 144 143 142 141 140 266 265 264 263 262 261 260 259 258 257 254 253 208 209 252 255 256 249 248 278 279 3 280 1
Knapsack Array = 0 0 0 0 0 0 0 0 0 0 0 0 0 0 0 0 0 0 0 0 0 0 0 0 0 0 0 0 0 0 0 0 1 0 0 0 0 0 0 0 0 0 0 0 0 0 0 0 0 0 0 0 0 0 0 0 0 0 0 0 0 0 0 0 0 0 0 0 0 0 0 0 0 0 0 0 0 0 0 0 0 0 0 0 0 0 0 0 0 0 0 0 0 0 0 0 0 0 0 0 0 0 0 0 0 0 0 0 0 0 0 0 0 0 0 0 0 0 0 0 0 0 0 0 0 0 0 0 0 0 0 0 0 0 0 0 0 0 0 0 0 0 0 0 0 0 0 0 0 0 0 0 0 0 0 0 0 0 0 0 0 0 0 0 0 0 0 0 0 0 0 0 0 0 0 0 0 0 0 0 0 0 0 0 0 0 0 0 0 0 0 0 0 0 0 0 0 0 0 0 0 0 0 0 0 0 0 0 0 0 0 0 0 0 0 0 0 0 0 0 0 0 0 0 0 0 0 0 0 0 0 0 0 0 0 0 0 0 0 0 0 0 0 0 0 0 0 0 0 0 0 0 0 0 0 0 0 0 0 0 0 0 0 0 0 0 0 0 0 0 0 0 0 0 0 0 0 0 0 
Picked Items (item,city) = (33 , 34) 

Travel Time: 2587.9299300000006951; Profit: 0; TSP Distance : 2587.9299300000006951; Weight: 0 / 12718; 0000000
TSP Tour = 1 2 242 243 241 240 239 238 237 236 235 234 233 232 231 246 245 244 247 250 251 230 229 228 227 226 225 224 223 222 221 220 219 218 217 216 215 214 213 212 211 210 207 206 205 204 203 202 201 198 197 196 195 194 193 192 191 190 189 188 187 186 185 184 183 182 181 176 180 179 150 178 177 151 152 156 153 155 154 129 128 127 126 30 125 124 123 122 121 120 119 157 158 159 160 175 161 162 163 164 165 166 167 168 169 170 172 171 173 174 107 106 105 104 103 102 101 100 99 98 97 96 95 94 93 92 91 90 89 109 108 110 111 114 113 112 88 87 84 83 82 81 80 79 78 77 75 76 74 73 72 71 70 67 69 68 58 57 56 55 54 53 52 51 50 49 48 47 46 45 44 59 63 64 65 66 85 86 116 115 117 118 62 61 60 43 42 41 40 39 38 37 36 35 34 33 32 31 29 28 27 26 22 25 23 24 14 15 13 12 11 10 9 8 7 6 5 4 277 276 275 274 273 272 271 16 17 18 19 20 21 130 131 132 133 134 270 269 135 136 268 267 137 138 139 149 148 147 146 145 199 200 144 143 142 141 140 266 265 264 263 262 261 260 259 258 257 254 253 208 209 252 255 256 249 248 278 279 3 280 1
Knapsack Array = 0 0 0 0 0 0 0 0 0 0 0 0 0 0 0 0 0 0 0 0 0 0 0 0 0 0 0 0 0 0 0 0 0 0 0 0 0 0 0 0 0 0 0 0 0 0 0 0 0 0 0 0 0 0 0 0 0 0 0 0 0 0 0 0 0 0 0 0 0 0 0 0 0 0 0 0 0 0 0 0 0 0 0 0 0 0 0 0 0 0 0 0 0 0 0 0 0 0 0 0 0 0 0 0 0 0 0 0 0 0 0 0 0 0 0 0 0 0 0 0 0 0 0 0 0 0 0 0 0 0 0 0 0 0 0 0 0 0 0 0 0 0 0 0 0 0 0 0 0 0 0 0 0 0 0 0 0 0 0 0 0 0 0 0 0 0 0 0 0 0 0 0 0 0 0 0 0 0 0 0 0 0 0 0 0 0 0 0 0 0 0 0 0 0 0 0 0 0 0 0 0 0 0 0 0 0 0 0 0 0 0 0 0 0 0 0 0 0 0 0 0 0 0 0 0 0 0 0 0 0 0 0 0 0 0 0 0 0 0 0 0 0 0 0 0 0 0 0 0 0 0 0 0 0 0 0 0 0 0 0 0 0 0 0 0 0 0 0 0 0 0 0 0 0 0 0 0 0 0 
Picked Items (item,city) = 

Travel Time: 2633.0964039190284893; Profit: 5940; TSP Distance : 2587.9299300000006951; Weight: 1183 / 12718; 0000000
TSP Tour = 1 2 242 243 241 240 239 238 237 236 235 234 233 232 231 246 245 244 247 250 251 230 229 228 227 226 225 224 223 222 221 220 219 218 217 216 215 214 213 212 211 210 207 206 205 204 203 202 201 198 197 196 195 194 193 192 191 190 189 188 187 186 185 184 183 182 181 176 180 179 150 178 177 151 152 156 153 155 154 129 128 127 126 30 125 124 123 122 121 120 119 157 158 159 160 175 161 162 163 164 165 166 167 168 169 170 172 171 173 174 107 106 105 104 103 102 101 100 99 98 97 96 95 94 93 92 91 90 89 109 108 110 111 114 113 112 88 87 84 83 82 81 80 79 78 77 75 76 74 73 72 71 70 67 69 68 58 57 56 55 54 53 52 51 50 49 48 47 46 45 44 59 63 64 65 66 85 86 116 115 117 118 62 61 60 43 42 41 40 39 38 37 36 35 34 33 32 31 29 28 27 26 22 25 23 24 14 15 13 12 11 10 9 8 7 6 5 4 277 276 275 274 273 272 271 16 17 18 19 20 21 130 131 132 133 134 270 269 135 136 268 267 137 138 139 149 148 147 146 145 199 200 144 143 142 141 140 266 265 264 263 262 261 260 259 258 257 254 253 208 209 252 255 256 249 248 278 279 3 280 1
Knapsack Array = 0 0 0 0 0 0 0 0 0 0 0 0 0 0 0 0 0 0 0 0 0 0 0 0 0 0 0 0 0 0 0 0 0 0 0 0 0 0 0 0 0 0 0 0 0 0 0 0 0 0 0 0 0 0 0 0 0 0 0 0 0 0 0 0 0 0 0 0 0 0 0 0 0 0 0 0 0 0 0 0 0 0 0 0 0 0 0 0 0 0 0 0 0 0 0 0 0 0 0 0 0 0 0 0 0 0 0 0 0 0 0 0 0 0 0 0 0 0 0 0 0 0 0 0 0 0 0 0 0 0 0 0 0 0 0 0 0 0 0 0 0 0 0 0 0 0 0 0 0 0 0 0 0 0 0 0 0 0 0 0 0 0 0 0 0 0 0 0 0 0 0 0 0 0 0 0 0 0 0 0 0 0 0 0 0 0 0 0 0 0 0 0 0 0 0 0 0 0 0 0 0 0 0 0 0 0 0 0 0 0 0 0 0 0 0 0 0 0 0 0 0 0 0 0 0 0 0 0 0 0 0 0 0 0 0 0 0 0 0 0 0 0 0 0 0 1 0 0 0 1 0 1 0 0 1 0 0 0 0 0 1 1 0 0 0 0 0 0 0 0 0 0 1 0 1 1 0 0 1 
Picked Items (item,city) = (246 , 247) (250 , 251) (252 , 253) (255 , 256) (261 , 262) (262 , 263) (273 , 274) (275 , 276) (276 , 277) (279 , 280) 

Travel Time: 2612.7741937348614556; Profit: 3903; TSP Distance : 2587.9299300000006951; Weight: 1422 / 12718; 0000000
TSP Tour = 1 2 242 243 241 240 239 238 237 236 235 234 233 232 231 246 245 244 247 250 251 230 229 228 227 226 225 224 223 222 221 220 219 218 217 216 215 214 213 212 211 210 207 206 205 204 203 202 201 198 197 196 195 194 193 192 191 190 189 188 187 186 185 184 183 182 181 176 180 179 150 178 177 151 152 156 153 155 154 129 128 127 126 30 125 124 123 122 121 120 119 157 158 159 160 175 161 162 163 164 165 166 167 168 169 170 172 171 173 174 107 106 105 104 103 102 101 100 99 98 97 96 95 94 93 92 91 90 89 109 108 110 111 114 113 112 88 87 84 83 82 81 80 79 78 77 75 76 74 73 72 71 70 67 69 68 58 57 56 55 54 53 52 51 50 49 48 47 46 45 44 59 63 64 65 66 85 86 116 115 117 118 62 61 60 43 42 41 40 39 38 37 36 35 34 33 32 31 29 28 27 26 22 25 23 24 14 15 13 12 11 10 9 8 7 6 5 4 277 276 275 274 273 272 271 16 17 18 19 20 21 130 131 132 133 134 270 269 135 136 268 267 137 138 139 149 148 147 146 145 199 200 144 143 142 141 140 266 265 264 263 262 261 260 259 258 257 254 253 208 209 252 255 256 249 248 278 279 3 280 1
Knapsack Array = 0 0 0 0 0 0 0 0 0 0 0 0 0 0 0 0 0 0 0 0 0 0 0 0 0 0 0 0 0 0 0 0 0 0 0 0 0 0 0 0 0 0 0 0 0 0 0 0 0 0 0 0 0 0 0 0 0 0 0 0 0 0 0 0 0 0 0 0 0 0 0 0 0 0 0 0 0 0 0 0 0 0 0 0 0 0 0 0 0 0 0 0 0 0 0 0 0 0 0 0 0 0 0 0 0 0 0 0 0 0 0 0 0 0 0 0 0 0 0 0 0 0 0 0 0 0 0 0 0 0 0 0 0 0 0 0 0 0 0 0 0 0 0 0 0 0 0 0 0 0 0 0 0 0 0 0 0 0 0 0 0 0 0 0 0 0 0 0 0 0 0 0 0 0 0 0 0 0 0 0 0 0 0 0 0 0 0 0 0 0 0 0 0 0 0 0 0 0 0 0 0 0 0 0 0 0 0 0 0 0 0 0 0 0 0 0 0 0 0 0 0 0 0 0 0 0 0 0 0 0 0 0 0 0 0 0 0 0 0 0 0 0 0 0 0 0 0 0 0 1 0 1 0 1 1 0 0 0 1 0 1 1 0 0 0 1 0 0 0 0 0 0 0 0 0 0 0 0 0 
Picked Items (item,city) = (250 , 251) (252 , 253) (254 , 255) (255 , 256) (259 , 260) (261 , 262) (262 , 263) (266 , 267) 

Travel Time: 3079.8045578577084598; Profit: 21296; TSP Distance : 2761.1714300000003277; Weight: 6240 / 12718; 0000000
TSP Tour = 1 2 280 3 279 278 277 276 275 274 273 272 271 270 269 268 267 266 265 264 263 262 261 260 259 258 257 256 255 254 253 252 251 250 249 248 247 246 245 244 243 242 241 240 239 238 237 236 235 234 233 232 231 230 229 228 227 226 225 224 223 222 221 220 219 218 217 216 215 214 213 212 211 210 209 208 207 206 205 204 203 202 201 200 199 198 197 196 195 194 193 192 191 190 189 188 187 186 185 184 183 182 181 180 179 150 149 148 147 146 145 144 143 142 141 140 139 138 137 136 135 134 133 132 131 130 129 128 127 126 125 124 123 122 121 154 155 153 156 152 151 178 177 176 175 161 162 163 164 165 166 167 168 169 170 171 172 173 174 160 159 158 157 119 120 118 117 116 115 114 113 112 111 110 109 108 107 106 105 104 103 102 101 100 99 98 97 96 95 94 93 92 91 90 89 88 87 86 85 84 83 82 81 80 79 78 77 76 75 74 73 72 71 70 69 68 67 66 65 64 63 62 61 60 59 58 57 56 55 54 53 52 51 50 49 48 47 46 45 44 43 42 41 40 39 38 37 36 35 34 33 32 31 30 29 28 27 26 22 25 23 24 21 20 19 18 17 16 15 14 13 12 11 10 9 8 7 6 5 4 1
Knapsack Array = 1 0 1 0 0 0 1 0 0 0 0 1 0 0 1 0 1 1 0 0 1 0 1 0 0 0 1 0 0 1 0 0 1 0 0 1 0 0 0 0 1 0 0 0 0 0 0 1 0 0 1 0 1 1 0 0 0 0 1 0 0 0 1 0 0 0 0 0 0 0 0 0 0 1 1 0 1 0 0 0 0 0 1 0 0 0 1 1 0 0 0 0 0 0 0 0 0 0 0 0 0 1 0 0 0 1 0 1 0 1 0 0 0 0 0 0 0 0 0 0 0 0 0 0 0 0 0 0 0 0 0 0 0 0 0 0 0 0 0 0 0 0 0 0 0 0 0 0 0 0 0 0 0 0 0 0 0 0 0 0 1 0 0 0 0 0 0 0 0 0 0 0 0 0 0 0 0 0 0 0 0 0 0 0 0 0 0 0 0 0 0 0 0 0 0 0 0 0 0 0 0 0 0 0 0 0 0 0 0 0 0 0 0 0 0 0 0 0 0 0 0 0 0 0 0 0 1 0 0 0 0 0 0 0 0 0 0 0 0 0 0 0 0 0 0 0 0 0 0 1 0 0 0 0 0 0 0 0 0 0 0 0 0 0 0 0 0 0 0 0 0 0 0 0 0 0 0 0 0 
Picked Items (item,city) = (1 , 2) (3 , 4) (7 , 8) (12 , 13) (15 , 16) (17 , 18) (18 , 19) (21 , 22) (23 , 24) (27 , 28) (30 , 31) (33 , 34) (36 , 37) (41 , 42) (48 , 49) (51 , 52) (53 , 54) (54 , 55) (59 , 60) (63 , 64) (74 , 75) (75 , 76) (77 , 78) (83 , 84) (87 , 88) (88 , 89) (102 , 103) (106 , 107) (108 , 109) (110 , 111) (161 , 162) (227 , 228) (250 , 251) 

Travel Time: 3139.8764851494820505; Profit: 23918; TSP Distance : 2761.1714300000003277; Weight: 6639 / 12718; 0000000
TSP Tour = 1 2 280 3 279 278 277 276 275 274 273 272 271 270 269 268 267 266 265 264 263 262 261 260 259 258 257 256 255 254 253 252 251 250 249 248 247 246 245 244 243 242 241 240 239 238 237 236 235 234 233 232 231 230 229 228 227 226 225 224 223 222 221 220 219 218 217 216 215 214 213 212 211 210 209 208 207 206 205 204 203 202 201 200 199 198 197 196 195 194 193 192 191 190 189 188 187 186 185 184 183 182 181 180 179 150 149 148 147 146 145 144 143 142 141 140 139 138 137 136 135 134 133 132 131 130 129 128 127 126 125 124 123 122 121 154 155 153 156 152 151 178 177 176 175 161 162 163 164 165 166 167 168 169 170 171 172 173 174 160 159 158 157 119 120 118 117 116 115 114 113 112 111 110 109 108 107 106 105 104 103 102 101 100 99 98 97 96 95 94 93 92 91 90 89 88 87 86 85 84 83 82 81 80 79 78 77 76 75 74 73 72 71 70 69 68 67 66 65 64 63 62 61 60 59 58 57 56 55 54 53 52 51 50 49 48 47 46 45 44 43 42 41 40 39 38 37 36 35 34 33 32 31 30 29 28 27 26 22 25 23 24 21 20 19 18 17 16 15 14 13 12 11 10 9 8 7 6 5 4 1
Knapsack Array = 1 0 1 0 0 0 1 0 0 0 0 1 0 0 1 0 1 1 0 0 1 0 1 0 0 0 1 0 0 1 0 0 1 0 0 1 0 0 0 0 1 0 0 0 0 0 0 1 0 0 1 0 1 1 0 0 0 0 1 0 0 0 1 0 0 0 0 0 0 0 0 0 0 1 1 0 1 0 0 0 0 0 1 0 0 0 1 1 0 0 0 0 0 0 0 0 0 0 0 0 0 1 0 1 0 1 0 1 0 1 0 0 0 1 0 0 1 0 0 0 0 0 0 0 1 1 0 0 0 0 0 0 0 0 0 0 0 0 0 0 0 0 0 0 0 0 0 0 0 0 0 0 0 0 0 0 0 0 0 0 1 0 0 0 0 0 0 0 0 0 0 0 0 0 0 0 0 0 0 0 0 0 0 0 0 0 0 0 0 0 0 0 0 0 0 0 0 0 0 0 0 0 0 0 0 0 0 0 0 0 0 0 0 0 0 0 0 0 0 0 0 0 0 0 0 0 1 0 0 0 0 0 0 0 0 0 0 0 0 0 0 0 0 0 0 0 0 0 0 1 0 0 0 0 0 0 0 0 0 0 0 0 0 0 0 0 0 0 0 0 0 0 0 0 0 0 0 0 0 
Picked Items (item,city) = (1 , 2) (3 , 4) (7 , 8) (12 , 13) (15 , 16) (17 , 18) (18 , 19) (21 , 22) (23 , 24) (27 , 28) (30 , 31) (33 , 34) (36 , 37) (41 , 42) (48 , 49) (51 , 52) (53 , 54) (54 , 55) (59 , 60) (63 , 64) (74 , 75) (75 , 76) (77 , 78) (83 , 84) (87 , 88) (88 , 89) (102 , 103) (104 , 105) (106 , 107) (108 , 109) (110 , 111) (114 , 115) (117 , 118) (125 , 126) (126 , 127) (161 , 162) (227 , 228) (250 , 251) 

Travel Time: 3795.3315887720846149; Profit: 34947; TSP Distance : 2807.1538600000003498; Weight: 8863 / 12718; 0000000
TSP Tour = 1 3 279 278 277 276 275 274 273 272 271 270 269 268 267 266 265 264 263 262 261 260 259 258 257 256 255 254 253 252 251 250 249 248 247 246 245 244 243 242 241 240 239 238 237 236 235 234 233 232 231 230 229 228 227 226 225 224 223 222 221 220 219 218 217 216 215 214 213 212 211 210 209 208 207 206 205 204 203 202 201 200 199 198 197 196 195 194 193 192 191 190 189 188 187 186 185 184 183 182 181 180 179 178 177 176 175 161 162 163 164 165 166 167 168 169 170 171 172 173 174 160 159 158 157 156 155 154 153 152 151 150 149 148 147 146 145 144 143 142 141 140 139 138 137 136 135 134 133 132 131 130 129 128 127 126 125 124 123 122 121 120 119 118 117 116 115 114 113 112 111 110 109 108 107 106 105 104 103 102 101 100 99 98 97 96 95 94 93 92 91 90 89 88 87 86 85 84 83 82 81 80 79 78 77 76 75 74 73 72 71 70 69 68 67 66 65 64 63 62 61 60 59 58 57 56 55 54 53 52 51 50 49 48 47 46 45 44 43 42 41 40 39 38 37 36 35 34 33 32 31 30 29 28 27 26 22 23 24 25 21 20 19 18 17 16 15 14 13 12 11 10 9 8 7 6 5 4 280 2 1
Knapsack Array = 1 0 1 0 0 0 1 0 0 0 0 1 0 0 1 0 1 1 0 0 1 0 1 0 0 0 1 0 0 1 0 0 1 0 0 1 0 0 0 0 1 0 0 0 0 0 0 1 0 0 1 0 1 1 0 0 0 0 1 0 0 0 1 0 0 0 0 0 0 0 0 0 0 1 1 0 1 0 0 0 0 0 1 0 0 0 1 1 0 0 0 0 0 0 0 0 0 0 0 0 0 1 0 1 0 1 0 1 0 1 0 0 0 1 0 0 1 0 0 0 0 0 0 0 0 1 0 0 0 0 0 0 0 0 0 0 0 0 0 0 0 0 0 0 0 0 0 0 0 0 0 1 0 0 0 0 0 0 0 0 1 0 0 0 0 0 0 0 0 0 1 0 0 0 0 0 0 0 0 0 0 0 0 0 0 1 0 0 0 0 0 1 0 0 0 0 0 0 0 0 0 0 0 0 0 0 0 0 0 0 0 0 0 0 0 0 0 1 0 0 0 0 0 1 0 0 1 0 0 0 0 1 0 0 0 0 0 0 0 0 1 0 0 0 0 1 0 0 0 1 0 1 0 0 1 0 0 0 0 0 1 1 0 0 0 0 0 0 0 0 0 0 1 0 1 1 0 0 1 
Picked Items (item,city) = (1 , 2) (3 , 4) (7 , 8) (12 , 13) (15 , 16) (17 , 18) (18 , 19) (21 , 22) (23 , 24) (27 , 28) (30 , 31) (33 , 34) (36 , 37) (41 , 42) (48 , 49) (51 , 52) (53 , 54) (54 , 55) (59 , 60) (63 , 64) (74 , 75) (75 , 76) (77 , 78) (83 , 84) (87 , 88) (88 , 89) (102 , 103) (104 , 105) (106 , 107) (108 , 109) (110 , 111) (114 , 115) (117 , 118) (126 , 127) (152 , 153) (161 , 162) (171 , 172) (186 , 187) (192 , 193) (218 , 219) (224 , 225) (227 , 228) (232 , 233) (241 , 242) (246 , 247) (250 , 251) (252 , 253) (255 , 256) (261 , 262) (262 , 263) (273 , 274) (275 , 276) (276 , 277) (279 , 280) 

Travel Time: 4825.9581123871230375; Profit: 41776; TSP Distance : 2807.1538600000003498; Weight: 11287 / 12718; 0000000
TSP Tour = 1 3 279 278 277 276 275 274 273 272 271 270 269 268 267 266 265 264 263 262 261 260 259 258 257 256 255 254 253 252 251 250 249 248 247 246 245 244 243 242 241 240 239 238 237 236 235 234 233 232 231 230 229 228 227 226 225 224 223 222 221 220 219 218 217 216 215 214 213 212 211 210 209 208 207 206 205 204 203 202 201 200 199 198 197 196 195 194 193 192 191 190 189 188 187 186 185 184 183 182 181 180 179 178 177 176 175 161 162 163 164 165 166 167 168 169 170 171 172 173 174 160 159 158 157 156 155 154 153 152 151 150 149 148 147 146 145 144 143 142 141 140 139 138 137 136 135 134 133 132 131 130 129 128 127 126 125 124 123 122 121 120 119 118 117 116 115 114 113 112 111 110 109 108 107 106 105 104 103 102 101 100 99 98 97 96 95 94 93 92 91 90 89 88 87 86 85 84 83 82 81 80 79 78 77 76 75 74 73 72 71 70 69 68 67 66 65 64 63 62 61 60 59 58 57 56 55 54 53 52 51 50 49 48 47 46 45 44 43 42 41 40 39 38 37 36 35 34 33 32 31 30 29 28 27 26 22 23 24 25 21 20 19 18 17 16 15 14 13 12 11 10 9 8 7 6 5 4 280 2 1
Knapsack Array = 1 0 1 0 0 0 1 0 0 0 0 1 0 0 1 0 1 1 0 0 1 0 1 0 0 0 1 0 0 1 0 0 1 0 0 1 0 0 0 0 1 0 0 0 0 0 0 1 0 0 1 0 1 1 0 0 0 0 1 0 0 0 1 0 0 0 0 0 0 0 0 0 0 1 1 0 1 0 0 0 0 0 1 0 0 0 1 1 0 0 0 0 0 0 0 0 0 0 0 0 0 1 0 1 0 1 0 1 0 1 0 0 0 1 0 0 1 0 0 0 0 0 0 0 0 1 0 0 0 0 0 1 0 0 0 1 0 0 0 1 0 0 0 1 0 0 0 0 0 0 0 1 1 0 0 0 0 0 0 1 1 0 0 0 0 0 0 0 0 0 1 0 0 0 0 0 0 0 0 0 0 0 0 0 0 1 0 0 0 0 0 1 0 0 1 0 0 1 1 0 0 0 0 0 1 1 0 1 1 0 0 0 0 0 0 0 0 1 0 0 0 0 0 1 0 0 1 0 0 0 0 1 0 0 0 0 0 0 0 0 1 0 0 0 0 1 0 0 0 1 0 1 0 0 1 0 0 0 0 0 1 1 0 0 0 0 0 0 0 0 0 0 1 0 1 1 0 0 1 
Picked Items (item,city) = (1 , 2) (3 , 4) (7 , 8) (12 , 13) (15 , 16) (17 , 18) (18 , 19) (21 , 22) (23 , 24) (27 , 28) (30 , 31) (33 , 34) (36 , 37) (41 , 42) (48 , 49) (51 , 52) (53 , 54) (54 , 55) (59 , 60) (63 , 64) (74 , 75) (75 , 76) (77 , 78) (83 , 84) (87 , 88) (88 , 89) (102 , 103) (104 , 105) (106 , 107) (108 , 109) (110 , 111) (114 , 115) (117 , 118) (126 , 127) (132 , 133) (136 , 137) (140 , 141) (144 , 145) (152 , 153) (153 , 154) (160 , 161) (161 , 162) (171 , 172) (186 , 187) (192 , 193) (195 , 196) (198 , 199) (199 , 200) (205 , 206) (206 , 207) (208 , 209) (209 , 210) (218 , 219) (224 , 225) (227 , 228) (232 , 233) (241 , 242) (246 , 247) (250 , 251) (252 , 253) (255 , 256) (261 , 262) (262 , 263) (273 , 274) (275 , 276) (276 , 277) (279 , 280) 

Travel Time: 3430.4142381562628543; Profit: 28530; TSP Distance : 2810.4149600000005194; Weight: 7664 / 12718; 0000000
TSP Tour = 1 3 279 278 277 276 275 274 273 272 271 270 269 268 267 266 265 264 263 262 261 260 259 258 257 256 255 254 253 252 251 250 249 248 247 246 245 244 243 242 241 240 239 238 237 236 235 234 233 232 231 230 229 228 227 226 225 224 223 222 221 220 219 218 217 216 215 214 213 212 211 210 209 208 207 206 205 204 203 202 201 200 199 198 197 196 195 194 193 192 191 190 189 188 187 186 185 184 183 182 181 180 179 178 177 176 175 174 173 172 171 170 169 168 167 166 165 164 163 162 161 160 159 158 157 156 155 154 153 152 151 150 149 148 147 146 145 144 143 142 141 140 139 138 137 136 135 134 133 132 131 130 129 128 127 126 125 124 123 122 121 120 119 118 117 116 115 114 113 112 111 110 109 108 107 106 105 104 103 102 101 100 99 98 97 96 95 94 93 92 91 90 89 88 87 86 85 84 83 82 81 80 79 78 77 76 75 74 73 72 71 70 69 68 67 66 65 64 63 62 61 60 59 58 57 56 55 54 53 52 51 50 49 48 47 46 45 44 43 42 41 40 39 38 37 36 35 34 33 32 31 30 29 28 27 26 22 23 24 25 21 20 19 18 17 16 15 14 13 12 11 10 9 8 7 6 5 4 280 2 1
Knapsack Array = 1 0 1 0 0 0 1 0 0 0 0 1 0 0 1 0 1 1 0 0 1 0 1 0 0 0 1 0 0 1 0 0 1 0 0 1 0 0 0 0 1 0 0 0 0 0 0 1 0 0 1 0 1 1 0 0 0 0 1 0 0 0 1 0 0 0 0 0 0 0 0 0 0 1 1 0 1 0 0 0 0 0 1 0 0 0 1 1 0 0 0 0 0 0 0 0 0 0 0 0 0 1 0 1 0 1 0 1 0 1 0 0 0 1 0 0 1 0 0 0 0 0 0 0 1 1 0 0 0 0 0 0 0 0 0 0 0 0 0 0 0 0 0 0 0 0 0 0 0 0 0 0 0 0 0 0 0 0 0 0 0 0 0 0 0 0 0 0 0 0 0 0 0 0 0 0 0 0 0 0 0 0 0 0 0 0 0 0 0 0 0 0 0 0 0 0 0 0 0 0 0 0 0 0 0 0 0 0 0 0 0 0 0 0 0 0 0 0 0 0 0 0 0 0 0 0 1 0 0 0 0 0 0 0 0 0 0 0 0 0 0 0 0 0 0 0 0 0 0 1 0 1 0 0 1 0 0 0 0 0 1 1 0 0 0 0 0 0 0 0 0 0 1 0 1 1 0 0 1 
Picked Items (item,city) = (1 , 2) (3 , 4) (7 , 8) (12 , 13) (15 , 16) (17 , 18) (18 , 19) (21 , 22) (23 , 24) (27 , 28) (30 , 31) (33 , 34) (36 , 37) (41 , 42) (48 , 49) (51 , 52) (53 , 54) (54 , 55) (59 , 60) (63 , 64) (74 , 75) (75 , 76) (77 , 78) (83 , 84) (87 , 88) (88 , 89) (102 , 103) (104 , 105) (106 , 107) (108 , 109) (110 , 111) (114 , 115) (117 , 118) (125 , 126) (126 , 127) (227 , 228) (250 , 251) (252 , 253) (255 , 256) (261 , 262) (262 , 263) (273 , 274) (275 , 276) (276 , 277) (279 , 280) 

Travel Time: 4171.2520722800309159; Profit: 37875; TSP Distance : 2810.4149600000005194; Weight: 10071 / 12718; 0000000
TSP Tour = 1 3 279 278 277 276 275 274 273 272 271 270 269 268 267 266 265 264 263 262 261 260 259 258 257 256 255 254 253 252 251 250 249 248 247 246 245 244 243 242 241 240 239 238 237 236 235 234 233 232 231 230 229 228 227 226 225 224 223 222 221 220 219 218 217 216 215 214 213 212 211 210 209 208 207 206 205 204 203 202 201 200 199 198 197 196 195 194 193 192 191 190 189 188 187 186 185 184 183 182 181 180 179 178 177 176 175 174 173 172 171 170 169 168 167 166 165 164 163 162 161 160 159 158 157 156 155 154 153 152 151 150 149 148 147 146 145 144 143 142 141 140 139 138 137 136 135 134 133 132 131 130 129 128 127 126 125 124 123 122 121 120 119 118 117 116 115 114 113 112 111 110 109 108 107 106 105 104 103 102 101 100 99 98 97 96 95 94 93 92 91 90 89 88 87 86 85 84 83 82 81 80 79 78 77 76 75 74 73 72 71 70 69 68 67 66 65 64 63 62 61 60 59 58 57 56 55 54 53 52 51 50 49 48 47 46 45 44 43 42 41 40 39 38 37 36 35 34 33 32 31 30 29 28 27 26 22 23 24 25 21 20 19 18 17 16 15 14 13 12 11 10 9 8 7 6 5 4 280 2 1
Knapsack Array = 1 0 1 0 0 0 1 0 0 0 0 1 0 0 1 0 1 1 0 0 1 0 1 0 0 0 1 0 0 1 0 0 1 0 0 1 0 0 0 0 1 0 0 0 0 0 0 1 0 0 1 0 1 1 0 0 0 0 1 0 0 0 1 0 0 0 0 0 0 0 0 0 0 1 1 0 1 0 0 0 0 0 1 0 0 0 1 1 0 0 0 0 0 0 0 0 0 0 0 0 0 1 0 1 0 1 0 1 0 1 0 0 0 1 0 0 1 0 0 0 0 0 0 0 1 1 0 0 0 0 0 0 0 0 0 0 0 0 0 0 0 0 0 0 0 0 0 0 0 0 0 1 1 0 0 0 0 0 0 1 1 0 0 1 0 1 0 1 0 0 1 0 1 0 0 0 0 0 0 1 1 1 0 0 0 1 0 0 0 0 0 1 0 0 0 0 0 0 0 0 0 0 0 0 0 0 0 0 0 0 0 0 0 0 0 0 0 0 0 0 0 0 0 0 0 0 1 0 0 0 0 0 0 0 0 0 0 0 0 0 0 0 0 0 0 0 0 0 0 1 0 1 0 0 1 0 0 0 0 0 1 1 0 0 0 0 0 0 0 0 0 0 1 0 1 1 0 0 1 
Picked Items (item,city) = (1 , 2) (3 , 4) (7 , 8) (12 , 13) (15 , 16) (17 , 18) (18 , 19) (21 , 22) (23 , 24) (27 , 28) (30 , 31) (33 , 34) (36 , 37) (41 , 42) (48 , 49) (51 , 52) (53 , 54) (54 , 55) (59 , 60) (63 , 64) (74 , 75) (75 , 76) (77 , 78) (83 , 84) (87 , 88) (88 , 89) (102 , 103) (104 , 105) (106 , 107) (108 , 109) (110 , 111) (114 , 115) (117 , 118) (125 , 126) (126 , 127) (152 , 153) (153 , 154) (160 , 161) (161 , 162) (164 , 165) (166 , 167) (168 , 169) (171 , 172) (173 , 174) (180 , 181) (181 , 182) (182 , 183) (186 , 187) (192 , 193) (227 , 228) (250 , 251) (252 , 253) (255 , 256) (261 , 262) (262 , 263) (273 , 274) (275 , 276) (276 , 277) (279 , 280) 

Travel Time: 6125.2273822277657018; Profit: 46087; TSP Distance : 2810.4149600000005194; Weight: 12677 / 12718; 0000000
TSP Tour = 1 3 279 278 277 276 275 274 273 272 271 270 269 268 267 266 265 264 263 262 261 260 259 258 257 256 255 254 253 252 251 250 249 248 247 246 245 244 243 242 241 240 239 238 237 236 235 234 233 232 231 230 229 228 227 226 225 224 223 222 221 220 219 218 217 216 215 214 213 212 211 210 209 208 207 206 205 204 203 202 201 200 199 198 197 196 195 194 193 192 191 190 189 188 187 186 185 184 183 182 181 180 179 178 177 176 175 174 173 172 171 170 169 168 167 166 165 164 163 162 161 160 159 158 157 156 155 154 153 152 151 150 149 148 147 146 145 144 143 142 141 140 139 138 137 136 135 134 133 132 131 130 129 128 127 126 125 124 123 122 121 120 119 118 117 116 115 114 113 112 111 110 109 108 107 106 105 104 103 102 101 100 99 98 97 96 95 94 93 92 91 90 89 88 87 86 85 84 83 82 81 80 79 78 77 76 75 74 73 72 71 70 69 68 67 66 65 64 63 62 61 60 59 58 57 56 55 54 53 52 51 50 49 48 47 46 45 44 43 42 41 40 39 38 37 36 35 34 33 32 31 30 29 28 27 26 22 23 24 25 21 20 19 18 17 16 15 14 13 12 11 10 9 8 7 6 5 4 280 2 1
Knapsack Array = 1 0 1 0 0 0 1 0 0 0 0 1 0 0 1 0 1 1 0 0 1 0 1 0 0 0 1 0 0 1 0 0 1 0 0 1 0 0 0 0 1 0 0 0 0 0 0 1 0 0 1 0 1 1 0 0 0 0 1 0 0 0 1 0 0 0 0 0 0 0 0 0 0 1 1 0 1 0 0 0 0 0 1 0 0 0 1 1 0 0 0 0 0 0 0 0 0 0 0 0 0 1 0 1 0 1 0 1 0 1 0 0 0 1 0 0 1 0 0 0 0 0 0 0 1 1 0 0 0 0 0 1 0 0 0 1 0 0 0 1 0 0 0 0 0 0 0 0 0 0 0 1 1 0 0 0 0 0 0 1 1 0 0 1 0 1 0 1 0 0 1 0 1 0 0 0 0 0 0 1 1 1 0 0 0 1 0 0 0 0 0 1 0 0 1 0 0 1 1 0 0 0 0 0 1 1 0 1 1 0 0 0 0 0 0 0 0 1 0 0 0 0 0 1 0 0 1 0 0 0 0 1 0 0 0 0 0 0 0 0 1 0 0 0 0 1 0 0 0 1 0 1 0 0 1 0 0 0 0 0 1 1 0 0 0 0 0 0 0 0 0 0 1 0 1 1 0 0 1 
Picked Items (item,city) = (1 , 2) (3 , 4) (7 , 8) (12 , 13) (15 , 16) (17 , 18) (18 , 19) (21 , 22) (23 , 24) (27 , 28) (30 , 31) (33 , 34) (36 , 37) (41 , 42) (48 , 49) (51 , 52) (53 , 54) (54 , 55) (59 , 60) (63 , 64) (74 , 75) (75 , 76) (77 , 78) (83 , 84) (87 , 88) (88 , 89) (102 , 103) (104 , 105) (106 , 107) (108 , 109) (110 , 111) (114 , 115) (117 , 118) (125 , 126) (126 , 127) (132 , 133) (136 , 137) (140 , 141) (152 , 153) (153 , 154) (160 , 161) (161 , 162) (164 , 165) (166 , 167) (168 , 169) (171 , 172) (173 , 174) (180 , 181) (181 , 182) (182 , 183) (186 , 187) (192 , 193) (195 , 196) (198 , 199) (199 , 200) (205 , 206) (206 , 207) (208 , 209) (209 , 210) (218 , 219) (224 , 225) (227 , 228) (232 , 233) (241 , 242) (246 , 247) (250 , 251) (252 , 253) (255 , 256) (261 , 262) (262 , 263) (273 , 274) (275 , 276) (276 , 277) (279 , 280) 

Travel Time: 5283.1972587613036012; Profit: 44308; TSP Distance : 2810.4149600000005194; Weight: 11843 / 12718; 0000000
TSP Tour = 1 3 279 278 277 276 275 274 273 272 271 270 269 268 267 266 265 264 263 262 261 260 259 258 257 256 255 254 253 252 251 250 249 248 247 246 245 244 243 242 241 240 239 238 237 236 235 234 233 232 231 230 229 228 227 226 225 224 223 222 221 220 219 218 217 216 215 214 213 212 211 210 209 208 207 206 205 204 203 202 201 200 199 198 197 196 195 194 193 192 191 190 189 188 187 186 185 184 183 182 181 180 179 178 177 176 175 174 173 172 171 170 169 168 167 166 165 164 163 162 161 160 159 158 157 156 155 154 153 152 151 150 149 148 147 146 145 144 143 142 141 140 139 138 137 136 135 134 133 132 131 130 129 128 127 126 125 124 123 122 121 120 119 118 117 116 115 114 113 112 111 110 109 108 107 106 105 104 103 102 101 100 99 98 97 96 95 94 93 92 91 90 89 88 87 86 85 84 83 82 81 80 79 78 77 76 75 74 73 72 71 70 69 68 67 66 65 64 63 62 61 60 59 58 57 56 55 54 53 52 51 50 49 48 47 46 45 44 43 42 41 40 39 38 37 36 35 34 33 32 31 30 29 28 27 26 22 23 24 25 21 20 19 18 17 16 15 14 13 12 11 10 9 8 7 6 5 4 280 2 1
Knapsack Array = 1 0 1 0 0 0 1 0 0 0 0 1 0 0 1 0 1 1 0 0 1 0 1 0 0 0 1 0 0 1 0 0 1 0 0 1 0 0 0 0 1 0 0 0 0 0 0 1 0 0 1 0 1 1 0 0 0 0 1 0 0 0 1 0 0 0 0 0 0 0 0 0 0 1 1 0 1 0 0 0 0 0 1 0 0 0 1 1 0 0 0 0 0 0 0 0 0 0 0 0 0 1 0 1 0 1 0 1 0 1 0 0 0 1 0 0 1 0 0 0 0 0 0 0 1 1 0 0 0 0 0 0 0 0 0 0 0 0 0 0 0 0 0 0 0 0 0 0 0 0 0 1 1 0 0 0 0 0 0 1 1 0 0 1 0 1 0 1 0 0 1 0 1 0 0 0 0 0 0 1 1 1 0 0 0 1 0 0 0 0 0 1 0 0 1 0 0 1 1 0 0 0 0 0 1 1 0 1 1 0 0 0 0 0 0 0 0 1 0 0 0 0 0 1 0 0 1 0 0 0 0 1 0 0 0 0 0 0 0 0 1 0 0 0 0 1 0 0 0 1 0 1 0 0 1 0 0 0 0 0 1 1 0 0 0 0 0 0 0 0 0 0 0 0 1 1 0 0 1 
Picked Items (item,city) = (1 , 2) (3 , 4) (7 , 8) (12 , 13) (15 , 16) (17 , 18) (18 , 19) (21 , 22) (23 , 24) (27 , 28) (30 , 31) (33 , 34) (36 , 37) (41 , 42) (48 , 49) (51 , 52) (53 , 54) (54 , 55) (59 , 60) (63 , 64) (74 , 75) (75 , 76) (77 , 78) (83 , 84) (87 , 88) (88 , 89) (102 , 103) (104 , 105) (106 , 107) (108 , 109) (110 , 111) (114 , 115) (117 , 118) (125 , 126) (126 , 127) (152 , 153) (153 , 154) (160 , 161) (161 , 162) (164 , 165) (166 , 167) (168 , 169) (171 , 172) (173 , 174) (180 , 181) (181 , 182) (182 , 183) (186 , 187) (192 , 193) (195 , 196) (198 , 199) (199 , 200) (205 , 206) (206 , 207) (208 , 209) (209 , 210) (218 , 219) (224 , 225) (227 , 228) (232 , 233) (241 , 242) (246 , 247) (250 , 251) (252 , 253) (255 , 256) (261 , 262) (262 , 263) (275 , 276) (276 , 277) (279 , 280) 

Travel Time: 3136.2903151181712929; Profit: 23039; TSP Distance : 2761.1714300000003277; Weight: 6617 / 12718; 0000000
TSP Tour = 1 2 280 3 279 278 277 276 275 274 273 272 271 270 269 268 267 266 265 264 263 262 261 260 259 258 257 256 255 254 253 252 251 250 249 248 247 246 245 244 243 242 241 240 239 238 237 236 235 234 233 232 231 230 229 228 227 226 225 224 223 222 221 220 219 218 217 216 215 214 213 212 211 210 209 208 207 206 205 204 203 202 201 200 199 198 197 196 195 194 193 192 191 190 189 188 187 186 185 184 183 182 181 180 179 150 149 148 147 146 145 144 143 142 141 140 139 138 137 136 135 134 133 132 131 130 129 128 127 126 125 124 123 122 121 154 155 153 156 152 151 178 177 176 175 161 162 163 164 165 166 167 168 169 170 171 172 173 174 160 159 158 157 119 120 118 117 116 115 114 113 112 111 110 109 108 107 106 105 104 103 102 101 100 99 98 97 96 95 94 93 92 91 90 89 88 87 86 85 84 83 82 81 80 79 78 77 76 75 74 73 72 71 70 69 68 67 66 65 64 63 62 61 60 59 58 57 56 55 54 53 52 51 50 49 48 47 46 45 44 43 42 41 40 39 38 37 36 35 34 33 32 31 30 29 28 27 26 22 25 23 24 21 20 19 18 17 16 15 14 13 12 11 10 9 8 7 6 5 4 1
Knapsack Array = 1 0 1 0 0 0 1 0 0 0 0 1 0 0 1 0 1 1 0 0 1 0 1 0 0 0 1 0 0 1 0 0 1 0 0 1 0 0 0 0 1 0 0 0 0 0 0 1 0 0 1 0 1 1 0 0 0 0 1 0 0 0 1 0 0 0 0 0 0 0 0 0 0 1 1 0 1 0 0 0 0 0 1 0 0 0 1 1 0 0 0 0 0 0 0 0 0 0 0 0 0 1 0 1 0 1 0 1 0 1 0 0 0 1 0 0 1 0 0 0 0 0 0 0 1 1 0 0 0 0 0 0 0 0 0 0 0 0 0 0 0 0 0 0 0 0 0 0 0 0 0 0 0 0 0 0 0 0 0 0 0 0 0 0 0 0 0 0 0 0 0 0 0 0 0 0 0 0 0 0 0 0 0 0 0 0 0 0 0 0 0 0 0 0 0 0 0 0 0 0 0 0 0 0 0 0 0 0 0 0 0 0 0 0 0 0 0 0 0 0 0 0 0 0 0 0 1 0 0 0 0 0 0 0 0 0 0 0 0 0 0 0 0 0 0 0 0 0 0 1 0 0 0 0 0 0 0 0 0 0 0 0 0 0 0 0 0 0 0 0 0 0 0 0 0 0 0 0 0 
Picked Items (item,city) = (1 , 2) (3 , 4) (7 , 8) (12 , 13) (15 , 16) (17 , 18) (18 , 19) (21 , 22) (23 , 24) (27 , 28) (30 , 31) (33 , 34) (36 , 37) (41 , 42) (48 , 49) (51 , 52) (53 , 54) (54 , 55) (59 , 60) (63 , 64) (74 , 75) (75 , 76) (77 , 78) (83 , 84) (87 , 88) (88 , 89) (102 , 103) (104 , 105) (106 , 107) (108 , 109) (110 , 111) (114 , 115) (117 , 118) (125 , 126) (126 , 127) (227 , 228) (250 , 251) 

Travel Time: 4962.9973775431371905; Profit: 42546; TSP Distance : 2761.1714300000003277; Weight: 11537 / 12718; 0000000
TSP Tour = 1 2 280 3 279 278 277 276 275 274 273 272 271 270 269 268 267 266 265 264 263 262 261 260 259 258 257 256 255 254 253 252 251 250 249 248 247 246 245 244 243 242 241 240 239 238 237 236 235 234 233 232 231 230 229 228 227 226 225 224 223 222 221 220 219 218 217 216 215 214 213 212 211 210 209 208 207 206 205 204 203 202 201 200 199 198 197 196 195 194 193 192 191 190 189 188 187 186 185 184 183 182 181 180 179 150 149 148 147 146 145 144 143 142 141 140 139 138 137 136 135 134 133 132 131 130 129 128 127 126 125 124 123 122 121 154 155 153 156 152 151 178 177 176 175 161 162 163 164 165 166 167 168 169 170 171 172 173 174 160 159 158 157 119 120 118 117 116 115 114 113 112 111 110 109 108 107 106 105 104 103 102 101 100 99 98 97 96 95 94 93 92 91 90 89 88 87 86 85 84 83 82 81 80 79 78 77 76 75 74 73 72 71 70 69 68 67 66 65 64 63 62 61 60 59 58 57 56 55 54 53 52 51 50 49 48 47 46 45 44 43 42 41 40 39 38 37 36 35 34 33 32 31 30 29 28 27 26 22 25 23 24 21 20 19 18 17 16 15 14 13 12 11 10 9 8 7 6 5 4 1
Knapsack Array = 1 0 1 0 0 0 1 0 0 0 0 1 0 0 1 0 1 1 0 0 1 0 1 0 0 0 1 0 0 1 0 0 1 0 0 1 0 0 0 0 1 0 0 0 0 0 0 1 0 0 1 0 1 1 0 0 0 0 1 0 0 0 1 0 0 0 0 0 0 0 0 0 0 1 1 0 1 0 0 0 0 0 1 0 0 0 1 1 0 0 0 0 0 0 0 0 0 0 0 0 0 1 0 1 0 1 0 1 0 1 0 0 0 1 0 0 1 0 0 0 0 0 0 0 1 1 0 0 0 0 0 1 0 0 0 0 0 0 0 0 0 0 0 0 0 0 0 0 0 0 0 1 1 0 0 0 0 0 0 1 1 0 0 1 0 1 0 1 0 0 1 0 1 0 0 0 0 0 0 1 1 1 0 0 0 1 0 0 0 0 0 1 0 0 1 0 0 1 1 0 0 0 0 0 1 1 0 1 1 0 0 0 0 0 0 0 0 1 0 0 0 0 0 1 0 0 1 0 0 0 0 1 0 0 0 0 0 0 0 0 1 0 0 0 0 1 0 0 0 1 0 1 0 0 1 0 0 0 0 0 1 1 0 0 0 0 0 0 0 0 0 0 0 0 0 0 0 0 0 
Picked Items (item,city) = (1 , 2) (3 , 4) (7 , 8) (12 , 13) (15 , 16) (17 , 18) (18 , 19) (21 , 22) (23 , 24) (27 , 28) (30 , 31) (33 , 34) (36 , 37) (41 , 42) (48 , 49) (51 , 52) (53 , 54) (54 , 55) (59 , 60) (63 , 64) (74 , 75) (75 , 76) (77 , 78) (83 , 84) (87 , 88) (88 , 89) (102 , 103) (104 , 105) (106 , 107) (108 , 109) (110 , 111) (114 , 115) (117 , 118) (125 , 126) (126 , 127) (132 , 133) (152 , 153) (153 , 154) (160 , 161) (161 , 162) (164 , 165) (166 , 167) (168 , 169) (171 , 172) (173 , 174) (180 , 181) (181 , 182) (182 , 183) (186 , 187) (192 , 193) (195 , 196) (198 , 199) (199 , 200) (205 , 206) (206 , 207) (208 , 209) (209 , 210) (218 , 219) (224 , 225) (227 , 228) (232 , 233) (241 , 242) (246 , 247) (250 , 251) (252 , 253) (255 , 256) (261 , 262) (262 , 263) 

Travel Time: 3285.2961525425102991; Profit: 27131; TSP Distance : 2761.1714300000003277; Weight: 7414 / 12718; 0000000
TSP Tour = 1 2 280 3 279 278 277 276 275 274 273 272 271 270 269 268 267 266 265 264 263 262 261 260 259 258 257 256 255 254 253 252 251 250 249 248 247 246 245 244 243 242 241 240 239 238 237 236 235 234 233 232 231 230 229 228 227 226 225 224 223 222 221 220 219 218 217 216 215 214 213 212 211 210 209 208 207 206 205 204 203 202 201 200 199 198 197 196 195 194 193 192 191 190 189 188 187 186 185 184 183 182 181 180 179 150 149 148 147 146 145 144 143 142 141 140 139 138 137 136 135 134 133 132 131 130 129 128 127 126 125 124 123 122 121 154 155 153 156 152 151 178 177 176 175 161 162 163 164 165 166 167 168 169 170 171 172 173 174 160 159 158 157 119 120 118 117 116 115 114 113 112 111 110 109 108 107 106 105 104 103 102 101 100 99 98 97 96 95 94 93 92 91 90 89 88 87 86 85 84 83 82 81 80 79 78 77 76 75 74 73 72 71 70 69 68 67 66 65 64 63 62 61 60 59 58 57 56 55 54 53 52 51 50 49 48 47 46 45 44 43 42 41 40 39 38 37 36 35 34 33 32 31 30 29 28 27 26 22 25 23 24 21 20 19 18 17 16 15 14 13 12 11 10 9 8 7 6 5 4 1
Knapsack Array = 1 0 1 0 0 0 1 0 0 0 0 1 0 0 1 0 1 1 0 0 1 0 1 0 0 0 1 0 0 1 0 0 1 0 0 1 0 0 0 0 1 0 0 0 0 0 0 1 0 0 1 0 1 1 0 0 0 0 1 0 0 0 1 0 0 0 0 0 0 0 0 0 0 1 1 0 1 0 0 0 0 0 1 0 0 0 1 1 0 0 0 0 0 0 0 0 0 0 0 0 0 1 0 1 0 1 0 1 0 1 0 0 0 1 0 0 1 0 0 0 0 0 0 0 1 1 0 0 0 0 0 1 0 0 0 0 0 0 0 0 0 0 0 0 0 0 0 0 0 0 0 1 1 0 0 0 0 0 0 1 1 0 0 0 0 0 0 0 0 0 0 0 0 0 0 0 0 0 0 0 0 0 0 0 0 0 0 0 0 0 0 0 0 0 0 0 0 0 0 0 0 0 0 0 0 0 0 0 0 0 0 0 0 0 0 0 0 0 0 0 0 0 0 0 0 0 1 0 0 0 0 0 0 0 0 0 0 0 0 0 0 0 0 0 0 0 0 0 0 1 0 0 0 0 0 0 0 0 0 0 0 0 0 0 0 0 0 0 0 0 0 0 0 0 0 0 0 0 0 
Picked Items (item,city) = (1 , 2) (3 , 4) (7 , 8) (12 , 13) (15 , 16) (17 , 18) (18 , 19) (21 , 22) (23 , 24) (27 , 28) (30 , 31) (33 , 34) (36 , 37) (41 , 42) (48 , 49) (51 , 52) (53 , 54) (54 , 55) (59 , 60) (63 , 64) (74 , 75) (75 , 76) (77 , 78) (83 , 84) (87 , 88) (88 , 89) (102 , 103) (104 , 105) (106 , 107) (108 , 109) (110 , 111) (114 , 115) (117 , 118) (125 , 126) (126 , 127) (132 , 133) (152 , 153) (153 , 154) (160 , 161) (161 , 162) (227 , 228) (250 , 251) 

Travel Time: 5889.1875028227441362; Profit: 45405; TSP Distance : 2810.4149600000005194; Weight: 12505 / 12718; 0000000
TSP Tour = 1 3 279 278 277 276 275 274 273 272 271 270 269 268 267 266 265 264 263 262 261 260 259 258 257 256 255 254 253 252 251 250 249 248 247 246 245 244 243 242 241 240 239 238 237 236 235 234 233 232 231 230 229 228 227 226 225 224 223 222 221 220 219 218 217 216 215 214 213 212 211 210 209 208 207 206 205 204 203 202 201 200 199 198 197 196 195 194 193 192 191 190 189 188 187 186 185 184 183 182 181 180 179 178 177 176 175 174 173 172 171 170 169 168 167 166 165 164 163 162 161 160 159 158 157 156 155 154 153 152 151 150 149 148 147 146 145 144 143 142 141 140 139 138 137 136 135 134 133 132 131 130 129 128 127 126 125 124 123 122 121 120 119 118 117 116 115 114 113 112 111 110 109 108 107 106 105 104 103 102 101 100 99 98 97 96 95 94 93 92 91 90 89 88 87 86 85 84 83 82 81 80 79 78 77 76 75 74 73 72 71 70 69 68 67 66 65 64 63 62 61 60 59 58 57 56 55 54 53 52 51 50 49 48 47 46 45 44 43 42 41 40 39 38 37 36 35 34 33 32 31 30 29 28 27 26 22 23 24 25 21 20 19 18 17 16 15 14 13 12 11 10 9 8 7 6 5 4 280 2 1
Knapsack Array = 1 0 1 0 0 0 1 0 0 0 0 1 0 0 1 0 1 1 0 0 1 0 1 0 0 0 1 0 0 1 0 0 1 0 0 1 0 0 0 0 1 0 0 0 0 0 0 1 0 0 1 0 1 1 0 0 0 0 1 0 0 0 1 0 0 0 0 0 0 0 0 0 0 1 1 0 1 0 0 0 0 0 1 0 0 0 1 1 0 0 0 0 0 0 0 0 0 0 0 0 0 1 0 1 0 1 0 1 0 1 0 0 0 1 0 0 1 0 0 0 0 0 0 0 1 1 0 0 0 0 0 1 0 0 0 1 0 0 0 1 0 0 0 0 0 0 0 0 0 0 0 1 1 0 0 0 0 0 0 1 1 0 0 1 0 1 0 1 0 0 1 0 1 0 0 0 0 0 0 1 1 1 0 0 0 1 0 0 0 0 0 1 0 0 1 0 0 1 1 0 0 0 0 0 1 1 0 1 1 0 0 0 0 0 0 0 0 1 0 0 0 0 0 1 0 0 1 0 0 0 0 1 0 0 0 0 0 0 0 0 1 0 0 0 0 1 0 0 0 0 0 0 0 0 1 0 0 0 0 0 1 1 0 0 0 0 0 0 0 0 0 0 1 0 1 1 0 0 1 
Picked Items (item,city) = (1 , 2) (3 , 4) (7 , 8) (12 , 13) (15 , 16) (17 , 18) (18 , 19) (21 , 22) (23 , 24) (27 , 28) (30 , 31) (33 , 34) (36 , 37) (41 , 42) (48 , 49) (51 , 52) (53 , 54) (54 , 55) (59 , 60) (63 , 64) (74 , 75) (75 , 76) (77 , 78) (83 , 84) (87 , 88) (88 , 89) (102 , 103) (104 , 105) (106 , 107) (108 , 109) (110 , 111) (114 , 115) (117 , 118) (125 , 126) (126 , 127) (132 , 133) (136 , 137) (140 , 141) (152 , 153) (153 , 154) (160 , 161) (161 , 162) (164 , 165) (166 , 167) (168 , 169) (171 , 172) (173 , 174) (180 , 181) (181 , 182) (182 , 183) (186 , 187) (192 , 193) (195 , 196) (198 , 199) (199 , 200) (205 , 206) (206 , 207) (208 , 209) (209 , 210) (218 , 219) (224 , 225) (227 , 228) (232 , 233) (241 , 242) (246 , 247) (255 , 256) (261 , 262) (262 , 263) (273 , 274) (275 , 276) (276 , 277) (279 , 280) 

Travel Time: 4926.0499994367219188; Profit: 42150; TSP Distance : 2797.3949600000005375; Weight: 11559 / 12718; 0000000
TSP Tour = 1 3 279 278 277 276 275 274 273 272 271 270 269 268 267 266 265 264 263 262 261 260 259 258 257 256 255 254 253 252 251 250 249 248 247 246 245 244 243 242 241 240 239 238 237 236 235 234 233 232 231 230 229 228 227 226 225 224 223 222 221 220 219 218 217 216 215 214 213 212 211 210 209 208 207 206 205 204 203 202 201 200 199 198 197 196 195 194 193 192 191 190 189 188 187 186 185 184 183 182 181 180 179 178 177 176 175 161 162 163 164 165 166 167 168 169 170 171 172 173 174 160 159 158 157 155 154 153 156 152 151 150 149 148 147 146 145 144 143 142 141 140 139 138 137 136 135 134 133 132 131 130 129 128 127 126 125 124 123 122 121 120 119 118 117 116 115 114 113 112 111 110 109 108 107 106 105 104 103 102 101 100 99 98 97 96 95 94 93 92 91 90 89 88 87 86 85 84 83 82 81 80 79 78 77 76 75 74 73 72 71 70 69 68 67 66 65 64 63 62 61 60 59 58 57 56 55 54 53 52 51 50 49 48 47 46 45 44 43 42 41 40 39 38 37 36 35 34 33 32 31 30 29 28 27 26 22 25 23 24 21 20 19 18 17 16 15 14 13 12 11 10 9 8 7 6 5 4 280 2 1
Knapsack Array = 1 0 1 0 0 0 1 0 0 0 0 1 0 0 1 0 1 1 0 0 1 0 1 0 0 0 1 0 0 1 0 0 1 0 0 1 0 0 0 0 1 0 0 0 0 0 0 1 0 0 1 0 1 1 0 0 0 0 1 0 0 0 1 0 0 0 0 0 0 0 0 0 0 1 1 0 1 0 0 0 0 0 1 0 0 0 1 1 0 0 0 0 0 0 0 0 0 0 0 0 0 1 0 1 0 1 0 1 0 1 0 0 0 1 0 0 1 0 0 0 0 0 0 0 1 1 0 0 0 0 0 1 0 0 0 1 0 0 0 1 0 0 0 0 0 0 0 0 0 0 0 1 1 0 0 0 0 0 0 1 1 0 0 1 0 1 0 1 0 0 1 0 1 0 0 0 0 0 0 1 1 1 0 0 0 1 0 0 0 0 0 1 0 0 1 0 0 1 1 0 0 0 0 0 1 1 0 1 1 0 0 0 0 0 0 0 0 1 0 0 0 0 0 0 0 0 1 0 0 0 0 0 0 0 0 0 0 0 0 0 0 0 0 0 0 0 0 0 0 1 0 0 0 0 0 0 0 0 0 0 1 1 0 0 0 0 0 0 0 0 0 0 1 0 1 1 0 0 1 
Picked Items (item,city) = (1 , 2) (3 , 4) (7 , 8) (12 , 13) (15 , 16) (17 , 18) (18 , 19) (21 , 22) (23 , 24) (27 , 28) (30 , 31) (33 , 34) (36 , 37) (41 , 42) (48 , 49) (51 , 52) (53 , 54) (54 , 55) (59 , 60) (63 , 64) (74 , 75) (75 , 76) (77 , 78) (83 , 84) (87 , 88) (88 , 89) (102 , 103) (104 , 105) (106 , 107) (108 , 109) (110 , 111) (114 , 115) (117 , 118) (125 , 126) (126 , 127) (132 , 133) (136 , 137) (140 , 141) (152 , 153) (153 , 154) (160 , 161) (161 , 162) (164 , 165) (166 , 167) (168 , 169) (171 , 172) (173 , 174) (180 , 181) (181 , 182) (182 , 183) (186 , 187) (192 , 193) (195 , 196) (198 , 199) (199 , 200) (205 , 206) (206 , 207) (208 , 209) (209 , 210) (218 , 219) (227 , 228) (250 , 251) (261 , 262) (262 , 263) (273 , 274) (275 , 276) (276 , 277) (279 , 280) 

Travel Time: 4571.1631060033460017; Profit: 39976; TSP Distance : 2797.3949600000005375; Weight: 10894 / 12718; 0000000
TSP Tour = 1 3 279 278 277 276 275 274 273 272 271 270 269 268 267 266 265 264 263 262 261 260 259 258 257 256 255 254 253 252 251 250 249 248 247 246 245 244 243 242 241 240 239 238 237 236 235 234 233 232 231 230 229 228 227 226 225 224 223 222 221 220 219 218 217 216 215 214 213 212 211 210 209 208 207 206 205 204 203 202 201 200 199 198 197 196 195 194 193 192 191 190 189 188 187 186 185 184 183 182 181 180 179 178 177 176 175 161 162 163 164 165 166 167 168 169 170 171 172 173 174 160 159 158 157 155 154 153 156 152 151 150 149 148 147 146 145 144 143 142 141 140 139 138 137 136 135 134 133 132 131 130 129 128 127 126 125 124 123 122 121 120 119 118 117 116 115 114 113 112 111 110 109 108 107 106 105 104 103 102 101 100 99 98 97 96 95 94 93 92 91 90 89 88 87 86 85 84 83 82 81 80 79 78 77 76 75 74 73 72 71 70 69 68 67 66 65 64 63 62 61 60 59 58 57 56 55 54 53 52 51 50 49 48 47 46 45 44 43 42 41 40 39 38 37 36 35 34 33 32 31 30 29 28 27 26 22 25 23 24 21 20 19 18 17 16 15 14 13 12 11 10 9 8 7 6 5 4 280 2 1
Knapsack Array = 1 0 1 0 0 0 1 0 0 0 0 1 0 0 1 0 1 1 0 0 1 0 1 0 0 0 1 0 0 1 0 0 1 0 0 1 0 0 0 0 1 0 0 0 0 0 0 1 0 0 1 0 1 1 0 0 0 0 1 0 0 0 1 0 0 0 0 0 0 0 0 0 0 1 1 0 1 0 0 0 0 0 1 0 0 0 1 1 0 0 0 0 0 0 0 0 0 0 0 0 0 1 0 0 0 0 0 0 0 1 0 0 0 0 0 0 0 0 0 0 0 0 0 0 1 1 0 0 0 0 0 1 0 0 0 1 0 0 0 1 0 0 0 0 0 0 0 0 0 0 0 1 1 0 0 0 0 0 0 1 1 0 0 1 0 1 0 1 0 0 1 0 1 0 0 0 0 0 0 1 1 1 0 0 0 1 0 0 0 0 0 1 0 0 1 0 0 1 1 0 0 0 0 0 1 1 0 1 1 0 0 0 0 0 0 0 0 1 0 0 0 0 0 0 0 0 1 0 0 0 0 0 0 0 0 0 0 0 0 0 0 0 0 0 0 0 0 0 0 1 0 0 0 0 0 0 0 0 0 0 1 1 0 0 0 0 0 0 0 0 0 0 1 0 1 1 0 0 1 
Picked Items (item,city) = (1 , 2) (3 , 4) (7 , 8) (12 , 13) (15 , 16) (17 , 18) (18 , 19) (21 , 22) (23 , 24) (27 , 28) (30 , 31) (33 , 34) (36 , 37) (41 , 42) (48 , 49) (51 , 52) (53 , 54) (54 , 55) (59 , 60) (63 , 64) (74 , 75) (75 , 76) (77 , 78) (83 , 84) (87 , 88) (88 , 89) (102 , 103) (110 , 111) (125 , 126) (126 , 127) (132 , 133) (136 , 137) (140 , 141) (152 , 153) (153 , 154) (160 , 161) (161 , 162) (164 , 165) (166 , 167) (168 , 169) (171 , 172) (173 , 174) (180 , 181) (181 , 182) (182 , 183) (186 , 187) (192 , 193) (195 , 196) (198 , 199) (199 , 200) (205 , 206) (206 , 207) (208 , 209) (209 , 210) (218 , 219) (227 , 228) (250 , 251) (261 , 262) (262 , 263) (273 , 274) (275 , 276) (276 , 277) (279 , 280) 

Travel Time: 4422.3219712920790698; Profit: 38302; TSP Distance : 2810.4149600000005194; Weight: 10617 / 12718; 0000000
TSP Tour = 1 3 279 278 277 276 275 274 273 272 271 270 269 268 267 266 265 264 263 262 261 260 259 258 257 256 255 254 253 252 251 250 249 248 247 246 245 244 243 242 241 240 239 238 237 236 235 234 233 232 231 230 229 228 227 226 225 224 223 222 221 220 219 218 217 216 215 214 213 212 211 210 209 208 207 206 205 204 203 202 201 200 199 198 197 196 195 194 193 192 191 190 189 188 187 186 185 184 183 182 181 180 179 178 177 176 175 174 173 172 171 170 169 168 167 166 165 164 163 162 161 160 159 158 157 156 155 154 153 152 151 150 149 148 147 146 145 144 143 142 141 140 139 138 137 136 135 134 133 132 131 130 129 128 127 126 125 124 123 122 121 120 119 118 117 116 115 114 113 112 111 110 109 108 107 106 105 104 103 102 101 100 99 98 97 96 95 94 93 92 91 90 89 88 87 86 85 84 83 82 81 80 79 78 77 76 75 74 73 72 71 70 69 68 67 66 65 64 63 62 61 60 59 58 57 56 55 54 53 52 51 50 49 48 47 46 45 44 43 42 41 40 39 38 37 36 35 34 33 32 31 30 29 28 27 26 22 23 24 25 21 20 19 18 17 16 15 14 13 12 11 10 9 8 7 6 5 4 280 2 1
Knapsack Array = 1 0 1 0 0 0 1 0 0 0 0 1 0 0 1 0 1 1 0 0 1 0 1 0 0 0 1 0 0 1 0 0 1 0 0 1 0 0 0 0 1 0 0 0 0 0 0 1 0 0 1 0 1 1 0 0 0 0 1 0 0 0 1 0 0 0 0 0 0 0 0 0 0 1 1 0 1 0 0 0 0 0 1 0 0 0 1 1 0 0 0 0 0 0 0 0 0 0 0 0 0 1 0 1 0 1 0 1 0 1 0 0 0 1 0 0 1 0 0 0 0 0 0 0 1 1 0 0 0 0 0 0 0 0 0 0 0 0 0 0 0 0 0 0 0 0 0 0 0 0 0 1 1 0 0 0 0 0 0 1 1 0 0 1 0 1 0 1 0 0 1 0 1 0 0 0 0 0 0 1 1 1 0 0 0 1 0 0 0 0 0 1 0 0 1 0 0 1 1 0 0 0 0 0 1 1 0 1 1 0 0 0 0 0 0 0 0 0 0 0 0 0 0 0 0 0 1 0 0 0 0 0 0 0 0 0 0 0 0 0 0 0 0 0 0 0 0 0 0 1 0 0 0 0 0 0 0 0 0 0 0 0 0 0 0 0 0 0 0 0 0 0 1 0 1 1 0 0 1 
Picked Items (item,city) = (1 , 2) (3 , 4) (7 , 8) (12 , 13) (15 , 16) (17 , 18) (18 , 19) (21 , 22) (23 , 24) (27 , 28) (30 , 31) (33 , 34) (36 , 37) (41 , 42) (48 , 49) (51 , 52) (53 , 54) (54 , 55) (59 , 60) (63 , 64) (74 , 75) (75 , 76) (77 , 78) (83 , 84) (87 , 88) (88 , 89) (102 , 103) (104 , 105) (106 , 107) (108 , 109) (110 , 111) (114 , 115) (117 , 118) (125 , 126) (126 , 127) (152 , 153) (153 , 154) (160 , 161) (161 , 162) (164 , 165) (166 , 167) (168 , 169) (171 , 172) (173 , 174) (180 , 181) (181 , 182) (182 , 183) (186 , 187) (192 , 193) (195 , 196) (198 , 199) (199 , 200) (205 , 206) (206 , 207) (208 , 209) (209 , 210) (227 , 228) (250 , 251) (273 , 274) (275 , 276) (276 , 277) (279 , 280) 

Travel Time: 3723.1463870569773462; Profit: 32815; TSP Distance : 2768.0201300000003357; Weight: 8923 / 12718; 0000000
TSP Tour = 1 2 280 279 278 277 276 275 274 273 272 271 270 269 268 267 266 265 264 263 262 261 260 259 258 257 256 255 254 253 252 251 250 249 248 247 246 245 244 243 242 241 240 239 238 237 236 235 234 233 232 231 230 229 228 227 226 225 224 223 222 221 220 219 218 217 216 215 214 213 212 211 210 209 208 207 206 205 204 203 202 201 200 199 198 197 196 195 194 193 192 191 190 189 188 187 186 185 184 183 182 181 180 179 150 149 148 147 146 145 144 143 142 141 140 139 138 137 136 135 134 133 132 131 130 129 128 127 126 125 124 123 122 121 154 155 153 156 152 151 178 177 176 175 161 162 163 164 165 166 167 168 169 170 171 172 173 174 160 159 158 157 119 120 118 117 116 115 114 113 112 111 110 109 108 107 106 105 104 103 102 101 100 99 98 97 96 95 94 93 92 91 90 89 88 87 86 85 84 83 82 81 80 79 78 77 76 75 74 73 72 71 70 69 68 67 66 65 64 63 62 61 60 59 58 57 56 55 54 53 52 51 50 49 48 47 46 45 44 43 42 41 40 39 38 37 36 35 34 33 32 31 30 29 28 27 26 22 25 23 24 21 20 19 18 17 16 15 14 13 12 11 10 9 8 7 6 5 4 3 1
Knapsack Array = 1 0 1 0 0 0 1 0 0 0 0 1 0 0 1 0 1 1 0 0 1 0 1 0 0 0 1 0 0 1 0 0 1 0 0 1 0 0 0 0 1 0 0 0 0 0 0 1 0 0 1 0 1 1 0 0 0 0 1 0 0 0 1 0 0 0 0 0 0 0 0 0 0 1 1 0 1 0 0 0 0 0 1 0 0 0 1 1 0 0 0 0 0 0 0 0 0 0 0 0 0 1 0 1 0 1 0 1 0 1 0 0 0 1 0 0 1 0 0 0 0 0 0 0 1 1 0 0 0 0 0 1 0 0 0 1 0 0 0 1 0 0 0 0 0 0 0 0 0 0 0 1 1 0 0 0 0 0 0 1 1 0 0 0 0 0 0 0 0 0 0 0 0 0 0 0 0 0 0 0 0 0 0 0 0 0 0 0 0 0 0 0 0 0 0 0 0 0 0 0 0 0 0 0 1 1 0 1 1 0 0 0 0 0 0 0 0 1 0 0 0 0 0 1 0 0 1 0 0 0 0 1 0 0 0 0 0 0 0 0 0 0 0 0 0 0 0 0 0 1 0 0 0 0 0 0 0 0 0 0 0 0 0 0 0 0 0 0 0 0 0 0 0 0 0 0 0 0 0 
Picked Items (item,city) = (1 , 2) (3 , 4) (7 , 8) (12 , 13) (15 , 16) (17 , 18) (18 , 19) (21 , 22) (23 , 24) (27 , 28) (30 , 31) (33 , 34) (36 , 37) (41 , 42) (48 , 49) (51 , 52) (53 , 54) (54 , 55) (59 , 60) (63 , 64) (74 , 75) (75 , 76) (77 , 78) (83 , 84) (87 , 88) (88 , 89) (102 , 103) (104 , 105) (106 , 107) (108 , 109) (110 , 111) (114 , 115) (117 , 118) (125 , 126) (126 , 127) (132 , 133) (136 , 137) (140 , 141) (152 , 153) (153 , 154) (160 , 161) (161 , 162) (205 , 206) (206 , 207) (208 , 209) (209 , 210) (218 , 219) (224 , 225) (227 , 228) (232 , 233) (250 , 251) 

Travel Time: 3723.0049752368918234; Profit: 32532; TSP Distance : 2768.0201300000003357; Weight: 8573 / 12718; 0000000
TSP Tour = 1 2 280 279 278 277 276 275 274 273 272 271 270 269 268 267 266 265 264 263 262 261 260 259 258 257 256 255 254 253 252 251 250 249 248 247 246 245 244 243 242 241 240 239 238 237 236 235 234 233 232 231 230 229 228 227 226 225 224 223 222 221 220 219 218 217 216 215 214 213 212 211 210 209 208 207 206 205 204 203 202 201 200 199 198 197 196 195 194 193 192 191 190 189 188 187 186 185 184 183 182 181 180 179 150 149 148 147 146 145 144 143 142 141 140 139 138 137 136 135 134 133 132 131 130 129 128 127 126 125 124 123 122 121 154 155 153 156 152 151 178 177 176 175 161 162 163 164 165 166 167 168 169 170 171 172 173 174 160 159 158 157 119 120 118 117 116 115 114 113 112 111 110 109 108 107 106 105 104 103 102 101 100 99 98 97 96 95 94 93 92 91 90 89 88 87 86 85 84 83 82 81 80 79 78 77 76 75 74 73 72 71 70 69 68 67 66 65 64 63 62 61 60 59 58 57 56 55 54 53 52 51 50 49 48 47 46 45 44 43 42 41 40 39 38 37 36 35 34 33 32 31 30 29 28 27 26 22 25 23 24 21 20 19 18 17 16 15 14 13 12 11 10 9 8 7 6 5 4 3 1
Knapsack Array = 1 0 1 0 0 0 1 0 0 0 0 1 0 0 1 0 1 1 0 0 1 0 1 0 0 0 1 0 0 1 0 0 1 0 0 1 0 0 0 0 1 0 0 0 0 0 0 1 0 0 1 0 1 1 0 0 0 0 1 0 0 0 1 0 0 0 0 0 0 0 0 0 0 1 1 0 1 0 0 0 0 0 1 0 0 0 1 1 0 0 0 0 0 0 0 0 0 0 0 0 0 1 0 1 0 1 0 1 0 1 0 0 0 1 0 0 1 0 0 0 0 0 0 0 1 1 0 0 0 0 0 0 0 0 0 0 0 0 0 0 0 0 0 0 0 0 0 0 0 0 0 0 0 0 0 0 0 0 0 0 1 0 0 0 0 0 0 0 0 0 0 0 0 0 0 0 0 0 0 0 0 0 0 0 0 0 0 0 0 0 0 0 0 0 0 0 0 0 0 0 0 0 0 0 0 0 0 0 0 0 0 0 0 0 0 0 0 1 0 0 0 0 0 1 0 0 1 0 0 0 0 1 0 0 0 0 0 0 0 0 1 0 0 0 0 1 0 0 0 1 0 1 0 0 1 0 0 0 0 0 1 1 0 0 0 0 0 0 0 0 0 0 1 0 1 1 0 0 1 
Picked Items (item,city) = (1 , 2) (3 , 4) (7 , 8) (12 , 13) (15 , 16) (17 , 18) (18 , 19) (21 , 22) (23 , 24) (27 , 28) (30 , 31) (33 , 34) (36 , 37) (41 , 42) (48 , 49) (51 , 52) (53 , 54) (54 , 55) (59 , 60) (63 , 64) (74 , 75) (75 , 76) (77 , 78) (83 , 84) (87 , 88) (88 , 89) (102 , 103) (104 , 105) (106 , 107) (108 , 109) (110 , 111) (114 , 115) (117 , 118) (125 , 126) (126 , 127) (161 , 162) (218 , 219) (224 , 225) (227 , 228) (232 , 233) (241 , 242) (246 , 247) (250 , 251) (252 , 253) (255 , 256) (261 , 262) (262 , 263) (273 , 274) (275 , 276) (276 , 277) (279 , 280) 

Travel Time: 2587.9896259444449242; Profit: 122; TSP Distance : 2587.9299300000011499; Weight: 4 / 12718; 0000000
TSP Tour = 1 280 3 279 278 248 249 256 255 252 209 208 253 254 257 258 259 260 261 262 263 264 265 266 140 141 142 143 144 200 199 145 146 147 148 149 139 138 137 267 268 136 135 269 270 134 133 132 131 130 21 20 19 18 17 16 271 272 273 274 275 276 277 4 5 6 7 8 9 10 11 12 13 15 14 24 23 25 22 26 27 28 29 31 32 33 34 35 36 37 38 39 40 41 42 43 60 61 62 118 117 115 116 86 85 66 65 64 63 59 44 45 46 47 48 49 50 51 52 53 54 55 56 57 58 68 69 67 70 71 72 73 74 76 75 77 78 79 80 81 82 83 84 87 88 112 113 114 111 110 108 109 89 90 91 92 93 94 95 96 97 98 99 100 101 102 103 104 105 106 107 174 173 171 172 170 169 168 167 166 165 164 163 162 161 175 160 159 158 157 119 120 121 122 123 124 125 30 126 127 128 129 154 155 153 156 152 151 177 178 150 179 180 176 181 182 183 184 185 186 187 188 189 190 191 192 193 194 195 196 197 198 201 202 203 204 205 206 207 210 211 212 213 214 215 216 217 218 219 220 221 222 223 224 225 226 227 228 229 230 251 250 247 244 245 246 231 232 233 234 235 236 237 238 239 240 241 243 242 2 1
Knapsack Array = 0 0 0 0 0 0 0 0 0 0 0 0 0 0 0 0 0 0 0 0 0 0 0 0 0 0 0 0 0 0 0 0 0 0 0 0 0 0 0 0 0 0 0 0 0 0 0 0 0 0 0 0 0 0 0 0 0 0 0 0 0 0 0 0 0 0 0 0 0 0 0 0 0 0 0 0 0 0 0 0 0 0 0 0 0 0 0 0 0 0 0 0 0 0 0 0 0 0 0 0 0 0 0 0 0 0 0 0 0 0 0 0 0 0 0 0 0 0 0 0 0 0 0 0 0 0 0 0 0 0 0 0 0 0 0 0 0 0 0 0 0 0 0 0 0 0 0 0 0 0 0 0 0 0 0 0 0 0 0 0 0 0 0 0 0 0 0 0 0 0 0 0 0 0 0 0 0 0 0 0 0 0 0 0 0 0 0 0 0 0 0 0 0 0 0 0 0 0 0 0 0 0 0 0 0 0 0 0 0 0 0 0 0 0 0 0 0 0 0 0 0 0 0 0 0 0 1 0 0 0 0 0 0 0 0 0 0 0 0 0 0 0 0 0 0 0 0 0 0 0 0 0 0 0 0 0 0 0 0 0 0 0 0 0 0 0 0 0 0 0 0 0 0 0 0 0 0 0 0 
Picked Items (item,city) = (227 , 228) 

Travel Time: 5354.5572274978585483; Profit: 44395; TSP Distance : 2807.1538600000003498; Weight: 12029 / 12718; 0000000
TSP Tour = 1 3 279 278 277 276 275 274 273 272 271 270 269 268 267 266 265 264 263 262 261 260 259 258 257 256 255 254 253 252 251 250 249 248 247 246 245 244 243 242 241 240 239 238 237 236 235 234 233 232 231 230 229 228 227 226 225 224 223 222 221 220 219 218 217 216 215 214 213 212 211 210 209 208 207 206 205 204 203 202 201 200 199 198 197 196 195 194 193 192 191 190 189 188 187 186 185 184 183 182 181 180 179 178 177 176 175 161 162 163 164 165 166 167 168 169 170 171 172 173 174 160 159 158 157 156 155 154 153 152 151 150 149 148 147 146 145 144 143 142 141 140 139 138 137 136 135 134 133 132 131 130 129 128 127 126 125 124 123 122 121 120 119 118 117 116 115 114 113 112 111 110 109 108 107 106 105 104 103 102 101 100 99 98 97 96 95 94 93 92 91 90 89 88 87 86 85 84 83 82 81 80 79 78 77 76 75 74 73 72 71 70 69 68 67 66 65 64 63 62 61 60 59 58 57 56 55 54 53 52 51 50 49 48 47 46 45 44 43 42 41 40 39 38 37 36 35 34 33 32 31 30 29 28 27 26 22 23 24 25 21 20 19 18 17 16 15 14 13 12 11 10 9 8 7 6 5 4 280 2 1
Knapsack Array = 1 0 1 0 0 0 1 0 0 0 0 1 0 0 1 0 1 1 0 0 1 0 1 0 0 0 1 0 0 1 0 0 1 0 0 1 0 0 0 0 1 0 0 0 0 0 0 1 0 0 1 0 1 1 0 0 0 0 1 0 0 0 1 0 0 0 0 0 0 0 0 0 0 1 1 0 1 0 0 0 0 0 1 0 0 0 1 1 0 0 0 0 0 0 0 0 0 0 0 0 0 1 0 1 0 1 0 1 0 1 0 0 0 1 0 0 1 0 0 0 0 0 0 0 1 1 0 0 0 0 0 1 0 0 0 1 0 0 0 1 0 0 0 0 0 0 0 0 0 0 0 1 1 0 0 0 0 0 0 1 1 0 0 1 0 1 0 1 0 0 1 0 1 0 0 0 0 0 0 1 1 1 0 0 0 1 0 0 0 0 0 1 0 0 1 0 0 1 1 0 0 0 0 0 1 1 0 1 1 0 0 0 0 0 0 0 0 1 0 0 0 0 0 1 0 0 1 0 0 0 0 1 0 0 0 0 0 0 0 0 0 0 0 0 0 0 0 0 0 0 0 0 0 0 1 0 0 0 0 0 1 1 0 0 0 0 0 0 0 0 0 0 1 0 1 1 0 0 1 
Picked Items (item,city) = (1 , 2) (3 , 4) (7 , 8) (12 , 13) (15 , 16) (17 , 18) (18 , 19) (21 , 22) (23 , 24) (27 , 28) (30 , 31) (33 , 34) (36 , 37) (41 , 42) (48 , 49) (51 , 52) (53 , 54) (54 , 55) (59 , 60) (63 , 64) (74 , 75) (75 , 76) (77 , 78) (83 , 84) (87 , 88) (88 , 89) (102 , 103) (104 , 105) (106 , 107) (108 , 109) (110 , 111) (114 , 115) (117 , 118) (125 , 126) (126 , 127) (132 , 133) (136 , 137) (140 , 141) (152 , 153) (153 , 154) (160 , 161) (161 , 162) (164 , 165) (166 , 167) (168 , 169) (171 , 172) (173 , 174) (180 , 181) (181 , 182) (182 , 183) (186 , 187) (192 , 193) (195 , 196) (198 , 199) (199 , 200) (205 , 206) (206 , 207) (208 , 209) (209 , 210) (218 , 219) (224 , 225) (227 , 228) (232 , 233) (255 , 256) (261 , 262) (262 , 263) (273 , 274) (275 , 276) (276 , 277) (279 , 280) 

Travel Time: 5072.282515740924282; Profit: 42951; TSP Distance : 2807.1538600000003498; Weight: 11558 / 12718; 0000000
TSP Tour = 1 3 279 278 277 276 275 274 273 272 271 270 269 268 267 266 265 264 263 262 261 260 259 258 257 256 255 254 253 252 251 250 249 248 247 246 245 244 243 242 241 240 239 238 237 236 235 234 233 232 231 230 229 228 227 226 225 224 223 222 221 220 219 218 217 216 215 214 213 212 211 210 209 208 207 206 205 204 203 202 201 200 199 198 197 196 195 194 193 192 191 190 189 188 187 186 185 184 183 182 181 180 179 178 177 176 175 161 162 163 164 165 166 167 168 169 170 171 172 173 174 160 159 158 157 156 155 154 153 152 151 150 149 148 147 146 145 144 143 142 141 140 139 138 137 136 135 134 133 132 131 130 129 128 127 126 125 124 123 122 121 120 119 118 117 116 115 114 113 112 111 110 109 108 107 106 105 104 103 102 101 100 99 98 97 96 95 94 93 92 91 90 89 88 87 86 85 84 83 82 81 80 79 78 77 76 75 74 73 72 71 70 69 68 67 66 65 64 63 62 61 60 59 58 57 56 55 54 53 52 51 50 49 48 47 46 45 44 43 42 41 40 39 38 37 36 35 34 33 32 31 30 29 28 27 26 22 23 24 25 21 20 19 18 17 16 15 14 13 12 11 10 9 8 7 6 5 4 280 2 1
Knapsack Array = 1 0 1 0 0 0 1 0 0 0 0 1 0 0 1 0 1 1 0 0 1 0 1 0 0 0 1 0 0 1 0 0 1 0 0 1 0 0 0 0 1 0 0 0 0 0 0 1 0 0 1 0 1 1 0 0 0 0 0 0 0 0 0 0 0 0 0 0 0 0 0 0 0 1 1 0 1 0 0 0 0 0 1 0 0 0 1 1 0 0 0 0 0 0 0 0 0 0 0 0 0 1 0 1 0 1 0 1 0 1 0 0 0 1 0 0 1 0 0 0 0 0 0 0 1 1 0 0 0 0 0 1 0 0 0 1 0 0 0 1 0 0 0 0 0 0 0 0 0 0 0 1 1 0 0 0 0 0 0 1 1 0 0 1 0 1 0 1 0 0 1 0 1 0 0 0 0 0 0 1 1 1 0 0 0 1 0 0 0 0 0 1 0 0 1 0 0 1 1 0 0 0 0 0 1 1 0 1 1 0 0 0 0 0 0 0 0 1 0 0 0 0 0 1 0 0 1 0 0 0 0 1 0 0 0 0 0 0 0 0 0 0 0 0 0 0 0 0 0 0 0 0 0 0 1 0 0 0 0 0 1 1 0 0 0 0 0 0 0 0 0 0 1 0 1 1 0 0 1 
Picked Items (item,city) = (1 , 2) (3 , 4) (7 , 8) (12 , 13) (15 , 16) (17 , 18) (18 , 19) (21 , 22) (23 , 24) (27 , 28) (30 , 31) (33 , 34) (36 , 37) (41 , 42) (48 , 49) (51 , 52) (53 , 54) (54 , 55) (74 , 75) (75 , 76) (77 , 78) (83 , 84) (87 , 88) (88 , 89) (102 , 103) (104 , 105) (106 , 107) (108 , 109) (110 , 111) (114 , 115) (117 , 118) (125 , 126) (126 , 127) (132 , 133) (136 , 137) (140 , 141) (152 , 153) (153 , 154) (160 , 161) (161 , 162) (164 , 165) (166 , 167) (168 , 169) (171 , 172) (173 , 174) (180 , 181) (181 , 182) (182 , 183) (186 , 187) (192 , 193) (195 , 196) (198 , 199) (199 , 200) (205 , 206) (206 , 207) (208 , 209) (209 , 210) (218 , 219) (224 , 225) (227 , 228) (232 , 233) (255 , 256) (261 , 262) (262 , 263) (273 , 274) (275 , 276) (276 , 277) (279 , 280) 

Travel Time: 4138.9972654614484782; Profit: 35920; TSP Distance : 2801.2110600000005434; Weight: 10217 / 12718; 0000000
TSP Tour = 1 3 279 278 277 276 275 274 273 272 271 270 269 268 267 266 265 264 263 262 261 260 259 258 257 256 255 254 253 252 251 250 249 248 247 246 245 244 243 242 241 240 239 238 237 236 235 234 233 232 231 230 229 228 227 226 225 224 223 222 221 220 219 218 217 216 215 214 213 212 211 210 209 208 207 206 205 204 203 202 201 200 199 198 197 196 195 194 193 192 191 190 189 188 187 186 185 184 183 182 181 180 179 178 177 176 175 161 162 163 164 165 166 167 168 169 170 171 172 173 174 160 159 158 157 153 154 155 156 152 151 150 149 148 147 146 145 144 143 142 141 140 139 138 137 136 135 134 133 132 131 130 129 128 127 126 125 124 123 122 121 120 119 118 117 116 115 114 113 112 111 110 109 108 107 106 105 104 103 102 101 100 99 98 97 96 95 94 93 92 91 90 89 88 87 86 85 84 83 82 81 80 79 78 77 76 75 74 73 72 71 70 69 68 67 66 65 64 63 62 61 60 59 58 57 56 55 54 53 52 51 50 49 48 47 46 45 44 43 42 41 40 39 38 37 36 35 34 33 32 31 30 29 28 27 26 22 25 24 23 21 20 19 18 17 16 15 14 13 12 11 10 9 8 7 6 5 4 280 2 1
Knapsack Array = 1 0 1 0 0 0 1 0 0 0 0 1 0 0 1 0 1 1 0 0 1 0 1 0 0 0 1 0 0 1 0 0 1 0 0 1 0 0 0 0 1 0 0 0 0 0 0 1 0 0 1 0 1 1 0 0 0 0 1 0 0 0 1 0 0 0 0 0 0 0 0 0 0 1 1 0 1 0 0 0 0 0 1 0 0 0 1 1 0 0 0 0 0 0 0 0 0 0 0 0 0 1 0 1 0 1 0 1 0 1 0 0 0 1 0 0 1 0 0 0 0 0 0 0 1 1 0 0 0 0 0 1 0 0 0 1 0 0 0 1 0 0 0 0 0 0 0 0 0 0 0 1 1 0 0 0 0 0 0 1 1 0 0 1 0 1 0 1 0 0 1 0 1 0 0 0 0 0 0 1 1 1 0 0 0 1 0 0 0 0 0 1 0 0 0 0 0 0 0 0 0 0 0 0 0 0 0 0 1 0 0 0 0 0 0 0 0 0 0 0 0 0 0 0 0 0 0 0 0 0 0 0 0 0 0 0 0 0 0 0 0 0 0 0 0 0 0 0 0 1 0 0 0 0 0 0 0 0 0 0 0 0 0 0 0 0 0 0 0 0 0 0 0 0 0 1 0 0 1 
Picked Items (item,city) = (1 , 2) (3 , 4) (7 , 8) (12 , 13) (15 , 16) (17 , 18) (18 , 19) (21 , 22) (23 , 24) (27 , 28) (30 , 31) (33 , 34) (36 , 37) (41 , 42) (48 , 49) (51 , 52) (53 , 54) (54 , 55) (59 , 60) (63 , 64) (74 , 75) (75 , 76) (77 , 78) (83 , 84) (87 , 88) (88 , 89) (102 , 103) (104 , 105) (106 , 107) (108 , 109) (110 , 111) (114 , 115) (117 , 118) (125 , 126) (126 , 127) (132 , 133) (136 , 137) (140 , 141) (152 , 153) (153 , 154) (160 , 161) (161 , 162) (164 , 165) (166 , 167) (168 , 169) (171 , 172) (173 , 174) (180 , 181) (181 , 182) (182 , 183) (186 , 187) (192 , 193) (209 , 210) (250 , 251) (276 , 277) (279 , 280) 

Travel Time: 2606.0425589311757903; Profit: 3206; TSP Distance : 2587.9299300000006951; Weight: 494 / 12718; 0000000
TSP Tour = 1 2 242 243 241 240 239 238 237 236 235 234 233 232 231 246 245 244 247 250 251 230 229 228 227 226 225 224 223 222 221 220 219 218 217 216 215 214 213 212 211 210 207 206 205 204 203 202 201 198 197 196 195 194 193 192 191 190 189 188 187 186 185 184 183 182 181 176 180 179 150 178 177 151 152 156 153 155 154 129 128 127 126 30 125 124 123 122 121 120 119 157 158 159 160 175 161 162 163 164 165 166 167 168 169 170 172 171 173 174 107 106 105 104 103 102 101 100 99 98 97 96 95 94 93 92 91 90 89 109 108 110 111 114 113 112 88 87 84 83 82 81 80 79 78 77 75 76 74 73 72 71 70 67 69 68 58 57 56 55 54 53 52 51 50 49 48 47 46 45 44 59 63 64 65 66 85 86 116 115 117 118 62 61 60 43 42 41 40 39 38 37 36 35 34 33 32 31 29 28 27 26 22 25 23 24 14 15 13 12 11 10 9 8 7 6 5 4 277 276 275 274 273 272 271 16 17 18 19 20 21 130 131 132 133 134 270 269 135 136 268 267 137 138 139 149 148 147 146 145 199 200 144 143 142 141 140 266 265 264 263 262 261 260 259 258 257 254 253 208 209 252 255 256 249 248 278 279 3 280 1
Knapsack Array = 0 0 0 0 0 0 0 0 0 0 0 0 0 0 0 0 0 0 0 0 0 0 0 0 0 0 0 0 0 0 0 0 0 0 0 0 0 0 0 0 0 0 0 0 0 0 0 0 0 0 0 0 0 0 0 0 0 0 0 0 0 0 0 0 0 0 0 0 0 0 0 0 0 0 0 0 0 0 0 0 0 0 0 0 0 0 0 0 0 0 0 0 0 0 0 0 0 0 0 0 0 0 0 0 0 0 0 0 0 0 0 0 0 0 0 0 0 0 0 0 0 0 0 0 0 0 0 0 0 0 0 0 0 0 0 0 0 0 0 0 0 0 0 0 0 0 0 0 0 0 0 0 0 0 0 0 0 0 0 0 0 0 0 0 0 0 0 0 0 0 0 0 0 0 0 0 0 0 0 0 0 0 0 0 0 0 0 0 0 0 0 0 0 0 0 0 0 0 0 0 0 0 0 0 0 0 0 0 0 0 0 0 0 0 0 0 0 0 0 0 0 0 0 0 0 0 0 0 0 0 0 0 0 0 0 0 0 0 0 0 0 0 0 0 0 0 0 0 0 0 0 0 0 0 0 0 0 0 0 0 1 1 0 0 0 0 0 0 0 0 0 0 1 0 1 1 0 0 0 
Picked Items (item,city) = (261 , 262) (262 , 263) (273 , 274) (275 , 276) (276 , 277) 

Travel Time: 2650.8006684181491437; Profit: 8528; TSP Distance : 2587.9299300000006951; Weight: 1861 / 12718; 0000000
TSP Tour = 1 2 242 243 241 240 239 238 237 236 235 234 233 232 231 246 245 244 247 250 251 230 229 228 227 226 225 224 223 222 221 220 219 218 217 216 215 214 213 212 211 210 207 206 205 204 203 202 201 198 197 196 195 194 193 192 191 190 189 188 187 186 185 184 183 182 181 176 180 179 150 178 177 151 152 156 153 155 154 129 128 127 126 30 125 124 123 122 121 120 119 157 158 159 160 175 161 162 163 164 165 166 167 168 169 170 172 171 173 174 107 106 105 104 103 102 101 100 99 98 97 96 95 94 93 92 91 90 89 109 108 110 111 114 113 112 88 87 84 83 82 81 80 79 78 77 75 76 74 73 72 71 70 67 69 68 58 57 56 55 54 53 52 51 50 49 48 47 46 45 44 59 63 64 65 66 85 86 116 115 117 118 62 61 60 43 42 41 40 39 38 37 36 35 34 33 32 31 29 28 27 26 22 25 23 24 14 15 13 12 11 10 9 8 7 6 5 4 277 276 275 274 273 272 271 16 17 18 19 20 21 130 131 132 133 134 270 269 135 136 268 267 137 138 139 149 148 147 146 145 199 200 144 143 142 141 140 266 265 264 263 262 261 260 259 258 257 254 253 208 209 252 255 256 249 248 278 279 3 280 1
Knapsack Array = 0 0 0 0 0 0 0 0 0 0 0 0 0 0 0 0 0 0 0 0 0 0 0 0 0 0 0 0 0 0 0 0 0 0 0 0 0 0 0 0 0 0 0 0 0 0 0 0 0 0 0 0 0 0 0 0 0 0 0 0 0 0 0 0 0 0 0 0 0 0 0 0 0 0 0 0 0 0 0 0 0 0 0 0 0 0 0 0 0 0 0 0 0 0 0 0 0 0 0 0 0 0 0 0 0 0 0 0 0 0 0 0 0 0 0 0 0 0 0 0 0 0 0 0 1 1 0 0 0 0 0 1 0 0 0 1 0 0 0 0 0 0 0 0 0 0 0 0 0 0 0 0 0 0 0 0 0 0 0 0 0 0 0 0 0 0 0 0 0 0 0 0 0 0 0 0 0 0 0 0 0 0 0 0 0 0 0 0 0 0 0 0 0 0 0 0 0 0 0 0 0 0 0 0 0 0 0 0 0 0 0 0 0 0 0 0 0 0 0 0 0 0 0 0 0 0 0 0 0 0 0 0 0 0 0 0 0 0 0 0 0 0 0 0 0 0 0 0 0 1 0 1 0 0 1 0 0 0 0 0 1 1 0 0 0 0 0 0 0 0 0 0 1 0 1 1 0 0 1 
Picked Items (item,city) = (125 , 126) (126 , 127) (132 , 133) (136 , 137) (250 , 251) (252 , 253) (255 , 256) (261 , 262) (262 , 263) (273 , 274) (275 , 276) (276 , 277) (279 , 280) 

Travel Time: 2818.5316851105221758; Profit: 9985; TSP Distance : 2768.0201300000003357; Weight: 2675 / 12718; 0000000
TSP Tour = 1 2 280 279 278 277 276 275 274 273 272 271 270 269 268 267 266 265 264 263 262 261 260 259 258 257 256 255 254 253 252 251 250 249 248 247 246 245 244 243 242 241 240 239 238 237 236 235 234 233 232 231 230 229 228 227 226 225 224 223 222 221 220 219 218 217 216 215 214 213 212 211 210 209 208 207 206 205 204 203 202 201 200 199 198 197 196 195 194 193 192 191 190 189 188 187 186 185 184 183 182 181 180 179 150 149 148 147 146 145 144 143 142 141 140 139 138 137 136 135 134 133 132 131 130 129 128 127 126 125 124 123 122 121 154 155 153 156 152 151 178 177 176 175 161 162 163 164 165 166 167 168 169 170 171 172 173 174 160 159 158 157 119 120 118 117 116 115 114 113 112 111 110 109 108 107 106 105 104 103 102 101 100 99 98 97 96 95 94 93 92 91 90 89 88 87 86 85 84 83 82 81 80 79 78 77 76 75 74 73 72 71 70 69 68 67 66 65 64 63 62 61 60 59 58 57 56 55 54 53 52 51 50 49 48 47 46 45 44 43 42 41 40 39 38 37 36 35 34 33 32 31 30 29 28 27 26 22 25 23 24 21 20 19 18 17 16 15 14 13 12 11 10 9 8 7 6 5 4 3 1
Knapsack Array = 1 0 1 0 0 0 1 0 0 0 0 1 0 0 1 0 1 1 0 0 1 0 1 0 0 0 1 0 0 1 0 0 1 0 0 1 0 0 0 0 0 0 0 0 0 0 0 0 0 0 0 0 0 0 0 0 0 0 0 0 0 0 0 0 0 0 0 0 0 0 0 0 0 0 0 0 1 0 0 0 0 0 0 0 0 0 0 0 0 0 0 0 0 0 0 0 0 0 0 0 0 0 0 0 0 0 0 0 0 0 0 0 0 0 0 0 0 0 0 0 0 0 0 0 0 0 0 0 0 0 0 0 0 0 0 0 0 0 0 0 0 0 0 0 0 0 0 0 0 0 0 0 0 0 0 0 0 0 0 0 0 0 0 0 0 0 0 0 0 0 0 0 0 0 0 0 0 0 0 0 0 0 0 0 0 0 0 0 0 0 0 0 0 0 0 0 0 0 0 0 0 0 0 0 0 0 0 0 0 0 0 0 0 0 0 0 0 0 0 0 0 0 0 0 0 0 1 0 0 0 0 0 0 0 0 0 0 0 0 0 0 0 0 0 0 0 0 0 0 1 0 0 0 0 0 0 0 0 0 0 0 0 0 0 0 0 0 0 0 0 0 0 0 0 0 0 0 0 0 
Picked Items (item,city) = (1 , 2) (3 , 4) (7 , 8) (12 , 13) (15 , 16) (17 , 18) (18 , 19) (21 , 22) (23 , 24) (27 , 28) (30 , 31) (33 , 34) (36 , 37) (77 , 78) (227 , 228) (250 , 251) 

Travel Time: 2987.3486630741895169; Profit: 19419; TSP Distance : 2761.1714300000003277; Weight: 5370 / 12718; 0000000
TSP Tour = 1 2 280 3 279 278 277 276 275 274 273 272 271 270 269 268 267 266 265 264 263 262 261 260 259 258 257 256 255 254 253 252 251 250 249 248 247 246 245 244 243 242 241 240 239 238 237 236 235 234 233 232 231 230 229 228 227 226 225 224 223 222 221 220 219 218 217 216 215 214 213 212 211 210 209 208 207 206 205 204 203 202 201 200 199 198 197 196 195 194 193 192 191 190 189 188 187 186 185 184 183 182 181 180 179 150 149 148 147 146 145 144 143 142 141 140 139 138 137 136 135 134 133 132 131 130 129 128 127 126 125 124 123 122 121 154 155 153 156 152 151 178 177 176 175 161 162 163 164 165 166 167 168 169 170 171 172 173 174 160 159 158 157 119 120 118 117 116 115 114 113 112 111 110 109 108 107 106 105 104 103 102 101 100 99 98 97 96 95 94 93 92 91 90 89 88 87 86 85 84 83 82 81 80 79 78 77 76 75 74 73 72 71 70 69 68 67 66 65 64 63 62 61 60 59 58 57 56 55 54 53 52 51 50 49 48 47 46 45 44 43 42 41 40 39 38 37 36 35 34 33 32 31 30 29 28 27 26 22 25 23 24 21 20 19 18 17 16 15 14 13 12 11 10 9 8 7 6 5 4 1
Knapsack Array = 1 0 1 0 0 0 1 0 0 0 0 1 0 0 1 0 1 1 0 0 1 0 1 0 0 0 1 0 0 1 0 0 1 0 0 1 0 0 0 0 1 0 0 0 0 0 0 1 0 0 1 0 0 1 0 0 0 0 1 0 0 0 1 0 0 0 0 0 0 0 0 0 0 1 1 0 1 0 0 0 0 0 1 0 0 0 1 1 0 0 0 0 0 0 0 0 0 0 0 0 0 0 0 0 0 0 0 0 0 0 0 0 0 0 0 0 0 0 0 0 0 0 0 0 0 0 0 0 0 0 0 0 0 0 0 0 0 0 0 0 0 0 0 0 0 0 0 0 0 0 0 0 0 0 0 0 0 0 0 0 0 0 0 0 0 0 0 0 0 0 1 0 0 0 0 0 0 0 0 0 0 0 0 0 0 0 0 0 0 0 0 0 0 0 0 0 0 0 0 0 0 0 0 0 0 0 0 0 0 0 0 0 0 0 0 0 0 0 0 0 0 0 0 0 0 0 0 0 0 0 0 0 0 0 0 0 0 0 0 0 0 0 0 0 0 0 0 0 0 0 0 0 0 0 0 0 0 0 0 0 0 1 0 0 0 0 0 0 0 0 0 0 0 0 0 0 0 0 0 
Picked Items (item,city) = (1 , 2) (3 , 4) (7 , 8) (12 , 13) (15 , 16) (17 , 18) (18 , 19) (21 , 22) (23 , 24) (27 , 28) (30 , 31) (33 , 34) (36 , 37) (41 , 42) (48 , 49) (51 , 52) (54 , 55) (59 , 60) (63 , 64) (74 , 75) (75 , 76) (77 , 78) (83 , 84) (87 , 88) (88 , 89) (171 , 172) (262 , 263) 

Travel Time: 2864.1544746456647772; Profit: 13378; TSP Distance : 2761.1714300000003277; Weight: 3761 / 12718; 0000000
TSP Tour = 1 2 280 3 279 278 277 276 275 274 273 272 271 270 269 268 267 266 265 264 263 262 261 260 259 258 257 256 255 254 253 252 251 250 249 248 247 246 245 244 243 242 241 240 239 238 237 236 235 234 233 232 231 230 229 228 227 226 225 224 223 222 221 220 219 218 217 216 215 214 213 212 211 210 209 208 207 206 205 204 203 202 201 200 199 198 197 196 195 194 193 192 191 190 189 188 187 186 185 184 183 182 181 180 179 150 149 148 147 146 145 144 143 142 141 140 139 138 137 136 135 134 133 132 131 130 129 128 127 126 125 124 123 122 121 154 155 153 156 152 151 178 177 176 175 161 162 163 164 165 166 167 168 169 170 171 172 173 174 160 159 158 157 119 120 118 117 116 115 114 113 112 111 110 109 108 107 106 105 104 103 102 101 100 99 98 97 96 95 94 93 92 91 90 89 88 87 86 85 84 83 82 81 80 79 78 77 76 75 74 73 72 71 70 69 68 67 66 65 64 63 62 61 60 59 58 57 56 55 54 53 52 51 50 49 48 47 46 45 44 43 42 41 40 39 38 37 36 35 34 33 32 31 30 29 28 27 26 22 25 23 24 21 20 19 18 17 16 15 14 13 12 11 10 9 8 7 6 5 4 1
Knapsack Array = 1 0 1 0 0 0 1 0 0 0 0 1 0 0 1 0 1 1 0 0 1 0 1 0 0 0 1 0 0 1 0 0 1 0 0 1 0 0 0 0 1 0 0 0 0 0 0 1 0 0 1 0 0 0 0 0 0 0 0 0 0 0 1 0 0 0 0 0 0 0 0 0 0 0 0 0 0 0 0 0 0 0 0 0 0 0 0 0 0 0 0 0 0 0 0 0 0 0 0 0 0 0 0 0 0 0 0 0 0 0 0 0 0 0 0 0 0 0 0 0 0 0 0 0 0 0 0 0 0 0 0 0 0 0 0 0 0 0 0 0 0 0 0 0 0 0 0 0 0 0 0 0 0 0 0 0 0 0 0 0 0 0 0 0 0 0 0 0 0 0 0 0 0 0 0 0 0 0 0 0 0 0 0 0 0 0 0 0 0 0 0 0 0 0 0 0 0 0 0 0 0 0 0 0 0 0 0 0 0 0 0 0 0 0 0 0 0 0 0 0 0 0 0 0 0 0 0 0 0 0 0 0 0 0 0 0 0 0 0 0 0 0 0 0 0 0 0 0 0 0 0 0 0 0 0 0 0 0 0 0 0 1 0 0 0 0 0 0 0 0 0 0 0 0 0 0 0 0 0 
Picked Items (item,city) = (1 , 2) (3 , 4) (7 , 8) (12 , 13) (15 , 16) (17 , 18) (18 , 19) (21 , 22) (23 , 24) (27 , 28) (30 , 31) (33 , 34) (36 , 37) (41 , 42) (48 , 49) (51 , 52) (63 , 64) (262 , 263) 

Travel Time: 2943.041287119030585; Profit: 18104; TSP Distance : 2761.1714300000003277; Weight: 4752 / 12718; 0000000
TSP Tour = 1 2 280 3 279 278 277 276 275 274 273 272 271 270 269 268 267 266 265 264 263 262 261 260 259 258 257 256 255 254 253 252 251 250 249 248 247 246 245 244 243 242 241 240 239 238 237 236 235 234 233 232 231 230 229 228 227 226 225 224 223 222 221 220 219 218 217 216 215 214 213 212 211 210 209 208 207 206 205 204 203 202 201 200 199 198 197 196 195 194 193 192 191 190 189 188 187 186 185 184 183 182 181 180 179 150 149 148 147 146 145 144 143 142 141 140 139 138 137 136 135 134 133 132 131 130 129 128 127 126 125 124 123 122 121 154 155 153 156 152 151 178 177 176 175 161 162 163 164 165 166 167 168 169 170 171 172 173 174 160 159 158 157 119 120 118 117 116 115 114 113 112 111 110 109 108 107 106 105 104 103 102 101 100 99 98 97 96 95 94 93 92 91 90 89 88 87 86 85 84 83 82 81 80 79 78 77 76 75 74 73 72 71 70 69 68 67 66 65 64 63 62 61 60 59 58 57 56 55 54 53 52 51 50 49 48 47 46 45 44 43 42 41 40 39 38 37 36 35 34 33 32 31 30 29 28 27 26 22 25 23 24 21 20 19 18 17 16 15 14 13 12 11 10 9 8 7 6 5 4 1
Knapsack Array = 1 0 1 0 0 0 1 0 0 0 0 1 0 0 1 0 1 1 0 0 1 0 1 0 0 0 1 0 0 1 0 0 1 0 0 1 0 0 0 0 1 0 0 0 0 0 0 1 0 0 1 0 0 0 0 0 0 0 0 0 0 0 1 0 0 0 0 0 0 0 0 0 0 1 1 0 1 0 0 0 0 0 1 0 0 0 1 1 0 0 0 0 0 0 0 0 0 0 0 0 0 0 0 0 0 0 0 0 0 0 0 0 0 0 0 0 0 0 0 0 0 0 0 0 0 0 0 0 0 0 0 0 0 0 0 0 0 0 0 0 0 0 0 0 0 0 0 0 0 0 0 0 0 0 0 0 0 0 0 0 0 0 0 0 0 0 0 0 0 0 1 0 0 0 0 0 0 0 0 0 0 0 0 0 0 0 0 0 0 0 0 0 0 0 0 0 0 0 0 0 0 0 0 0 0 0 0 0 0 0 0 0 0 0 0 0 0 0 0 0 0 0 0 0 0 0 0 0 0 0 0 0 0 0 0 0 0 0 0 0 0 0 0 0 0 0 0 0 0 0 0 0 0 0 0 0 0 0 0 0 0 1 0 0 0 0 0 0 0 0 0 0 0 0 0 0 0 0 0 
Picked Items (item,city) = (1 , 2) (3 , 4) (7 , 8) (12 , 13) (15 , 16) (17 , 18) (18 , 19) (21 , 22) (23 , 24) (27 , 28) (30 , 31) (33 , 34) (36 , 37) (41 , 42) (48 , 49) (51 , 52) (63 , 64) (74 , 75) (75 , 76) (77 , 78) (83 , 84) (87 , 88) (88 , 89) (171 , 172) (262 , 263) 

Travel Time: 3040.3260967802762025; Profit: 20888; TSP Distance : 2768.0201300000003357; Weight: 5786 / 12718; 0000000
TSP Tour = 1 2 280 279 278 277 276 275 274 273 272 271 270 269 268 267 266 265 264 263 262 261 260 259 258 257 256 255 254 253 252 251 250 249 248 247 246 245 244 243 242 241 240 239 238 237 236 235 234 233 232 231 230 229 228 227 226 225 224 223 222 221 220 219 218 217 216 215 214 213 212 211 210 209 208 207 206 205 204 203 202 201 200 199 198 197 196 195 194 193 192 191 190 189 188 187 186 185 184 183 182 181 180 179 150 149 148 147 146 145 144 143 142 141 140 139 138 137 136 135 134 133 132 131 130 129 128 127 126 125 124 123 122 121 154 155 153 156 152 151 178 177 176 175 161 162 163 164 165 166 167 168 169 170 171 172 173 174 160 159 158 157 119 120 118 117 116 115 114 113 112 111 110 109 108 107 106 105 104 103 102 101 100 99 98 97 96 95 94 93 92 91 90 89 88 87 86 85 84 83 82 81 80 79 78 77 76 75 74 73 72 71 70 69 68 67 66 65 64 63 62 61 60 59 58 57 56 55 54 53 52 51 50 49 48 47 46 45 44 43 42 41 40 39 38 37 36 35 34 33 32 31 30 29 28 27 26 22 25 23 24 21 20 19 18 17 16 15 14 13 12 11 10 9 8 7 6 5 4 3 1
Knapsack Array = 1 0 1 0 0 0 1 0 0 0 0 1 0 0 1 0 1 1 0 0 1 0 1 0 0 0 1 0 0 1 0 0 1 0 0 1 0 0 0 0 1 0 0 0 0 0 0 1 0 0 1 0 1 1 0 0 0 0 1 0 0 0 1 0 0 0 0 0 0 0 0 0 0 1 1 0 1 0 0 0 0 0 1 0 0 0 1 1 0 0 0 0 0 0 0 0 0 0 0 0 0 1 0 0 0 0 0 0 0 0 0 0 0 0 0 0 0 0 0 0 0 0 0 0 1 1 0 0 0 0 0 0 0 0 0 0 0 0 0 0 0 0 0 0 0 0 0 0 0 0 0 0 0 0 0 0 0 0 0 0 1 0 0 0 0 0 0 0 0 0 0 0 0 0 0 0 0 0 0 0 0 0 0 0 0 0 0 0 0 0 0 0 0 0 0 0 0 0 0 0 0 0 0 0 0 0 0 0 0 0 0 0 0 0 0 0 0 0 0 0 0 0 0 0 0 0 1 0 0 0 0 0 0 0 0 0 0 0 0 0 0 0 0 0 0 0 0 0 0 0 0 0 0 0 0 0 0 0 0 0 0 0 0 0 0 0 0 0 0 0 0 0 0 0 0 0 0 0 0 
Picked Items (item,city) = (1 , 2) (3 , 4) (7 , 8) (12 , 13) (15 , 16) (17 , 18) (18 , 19) (21 , 22) (23 , 24) (27 , 28) (30 , 31) (33 , 34) (36 , 37) (41 , 42) (48 , 49) (51 , 52) (53 , 54) (54 , 55) (59 , 60) (63 , 64) (74 , 75) (75 , 76) (77 , 78) (83 , 84) (87 , 88) (88 , 89) (102 , 103) (125 , 126) (126 , 127) (161 , 162) (227 , 228) 

Travel Time: 3381.2511382083894205; Profit: 27187; TSP Distance : 2768.0201300000003357; Weight: 7756 / 12718; 0000000
TSP Tour = 1 2 280 279 278 277 276 275 274 273 272 271 270 269 268 267 266 265 264 263 262 261 260 259 258 257 256 255 254 253 252 251 250 249 248 247 246 245 244 243 242 241 240 239 238 237 236 235 234 233 232 231 230 229 228 227 226 225 224 223 222 221 220 219 218 217 216 215 214 213 212 211 210 209 208 207 206 205 204 203 202 201 200 199 198 197 196 195 194 193 192 191 190 189 188 187 186 185 184 183 182 181 180 179 150 149 148 147 146 145 144 143 142 141 140 139 138 137 136 135 134 133 132 131 130 129 128 127 126 125 124 123 122 121 154 155 153 156 152 151 178 177 176 175 161 162 163 164 165 166 167 168 169 170 171 172 173 174 160 159 158 157 119 120 118 117 116 115 114 113 112 111 110 109 108 107 106 105 104 103 102 101 100 99 98 97 96 95 94 93 92 91 90 89 88 87 86 85 84 83 82 81 80 79 78 77 76 75 74 73 72 71 70 69 68 67 66 65 64 63 62 61 60 59 58 57 56 55 54 53 52 51 50 49 48 47 46 45 44 43 42 41 40 39 38 37 36 35 34 33 32 31 30 29 28 27 26 22 25 23 24 21 20 19 18 17 16 15 14 13 12 11 10 9 8 7 6 5 4 3 1
Knapsack Array = 1 0 1 0 0 0 1 0 0 0 0 1 0 0 1 0 1 1 0 0 1 0 1 0 0 0 1 0 0 1 0 0 1 0 0 1 0 0 0 0 1 0 0 0 0 0 0 1 0 0 1 0 1 1 0 0 0 0 1 0 0 0 1 0 0 0 0 0 0 0 0 0 0 1 1 0 1 0 0 0 0 0 1 0 0 0 1 1 0 0 0 0 0 0 0 0 0 0 0 0 0 1 0 0 0 1 0 1 0 1 0 0 0 1 0 0 1 0 0 0 0 0 0 0 1 1 0 0 0 0 0 1 0 0 0 1 0 0 0 1 0 0 0 0 0 0 0 0 0 0 0 1 1 0 0 0 0 0 0 0 1 0 0 0 0 0 0 0 0 0 0 0 0 0 0 0 0 0 0 0 0 0 0 0 0 0 0 0 0 0 0 0 0 0 0 0 0 0 0 0 0 0 0 0 0 0 0 0 0 0 0 0 0 0 0 0 0 0 0 0 0 0 0 0 0 0 1 0 0 0 0 0 0 0 0 0 0 0 0 0 0 0 0 0 0 0 0 0 0 1 0 0 0 0 0 0 0 0 0 0 0 0 0 0 0 0 0 0 0 0 0 0 0 0 0 0 0 0 0 
Picked Items (item,city) = (1 , 2) (3 , 4) (7 , 8) (12 , 13) (15 , 16) (17 , 18) (18 , 19) (21 , 22) (23 , 24) (27 , 28) (30 , 31) (33 , 34) (36 , 37) (41 , 42) (48 , 49) (51 , 52) (53 , 54) (54 , 55) (59 , 60) (63 , 64) (74 , 75) (75 , 76) (77 , 78) (83 , 84) (87 , 88) (88 , 89) (102 , 103) (106 , 107) (108 , 109) (110 , 111) (114 , 115) (117 , 118) (125 , 126) (126 , 127) (132 , 133) (136 , 137) (140 , 141) (152 , 153) (153 , 154) (161 , 162) (227 , 228) (250 , 251) 

Travel Time: 3572.5828541427908931; Profit: 30815; TSP Distance : 2761.1714300000003277; Weight: 8683 / 12718; 0000000
TSP Tour = 1 2 280 3 279 278 277 276 275 274 273 272 271 270 269 268 267 266 265 264 263 262 261 260 259 258 257 256 255 254 253 252 251 250 249 248 247 246 245 244 243 242 241 240 239 238 237 236 235 234 233 232 231 230 229 228 227 226 225 224 223 222 221 220 219 218 217 216 215 214 213 212 211 210 209 208 207 206 205 204 203 202 201 200 199 198 197 196 195 194 193 192 191 190 189 188 187 186 185 184 183 182 181 180 179 150 149 148 147 146 145 144 143 142 141 140 139 138 137 136 135 134 133 132 131 130 129 128 127 126 125 124 123 122 121 154 155 153 156 152 151 178 177 176 175 161 162 163 164 165 166 167 168 169 170 171 172 173 174 160 159 158 157 119 120 118 117 116 115 114 113 112 111 110 109 108 107 106 105 104 103 102 101 100 99 98 97 96 95 94 93 92 91 90 89 88 87 86 85 84 83 82 81 80 79 78 77 76 75 74 73 72 71 70 69 68 67 66 65 64 63 62 61 60 59 58 57 56 55 54 53 52 51 50 49 48 47 46 45 44 43 42 41 40 39 38 37 36 35 34 33 32 31 30 29 28 27 26 22 25 23 24 21 20 19 18 17 16 15 14 13 12 11 10 9 8 7 6 5 4 1
Knapsack Array = 1 0 1 0 0 0 1 0 0 0 0 1 0 0 1 0 1 1 0 0 1 0 1 0 0 0 1 0 0 1 0 0 1 0 0 1 0 0 0 0 1 0 0 0 0 0 0 1 0 0 1 0 1 1 0 0 0 0 1 0 0 0 1 0 0 0 0 0 0 0 0 0 0 1 1 0 1 0 0 0 0 0 1 0 0 0 1 1 0 0 0 0 0 0 0 0 0 0 0 0 0 1 0 1 0 1 0 1 0 1 0 0 0 1 0 0 1 0 0 0 0 0 0 0 1 1 0 0 0 0 0 1 0 0 0 1 0 0 0 1 0 0 0 0 0 0 0 0 0 0 0 1 1 0 0 0 0 0 0 1 1 0 0 1 0 1 0 1 0 0 1 0 1 0 0 0 0 0 0 0 0 0 0 0 0 0 0 0 0 0 0 0 0 0 0 0 0 0 0 0 0 0 0 0 0 0 0 0 0 0 0 0 0 0 0 0 0 0 0 0 0 0 0 0 0 0 1 0 0 0 0 0 0 0 0 0 0 0 0 0 0 0 0 0 0 0 0 0 0 1 0 0 0 0 0 0 0 0 0 0 0 0 0 0 0 0 0 0 0 0 0 0 0 0 0 0 0 0 0 
Picked Items (item,city) = (1 , 2) (3 , 4) (7 , 8) (12 , 13) (15 , 16) (17 , 18) (18 , 19) (21 , 22) (23 , 24) (27 , 28) (30 , 31) (33 , 34) (36 , 37) (41 , 42) (48 , 49) (51 , 52) (53 , 54) (54 , 55) (59 , 60) (63 , 64) (74 , 75) (75 , 76) (77 , 78) (83 , 84) (87 , 88) (88 , 89) (102 , 103) (104 , 105) (106 , 107) (108 , 109) (110 , 111) (114 , 115) (117 , 118) (125 , 126) (126 , 127) (132 , 133) (136 , 137) (140 , 141) (152 , 153) (153 , 154) (160 , 161) (161 , 162) (164 , 165) (166 , 167) (168 , 169) (171 , 172) (173 , 174) (227 , 228) (250 , 251) 

Travel Time: 2882.3586277567296747; Profit: 14263; TSP Distance : 2761.1714300000003277; Weight: 3992 / 12718; 0000000
TSP Tour = 1 2 280 3 279 278 277 276 275 274 273 272 271 270 269 268 267 266 265 264 263 262 261 260 259 258 257 256 255 254 253 252 251 250 249 248 247 246 245 244 243 242 241 240 239 238 237 236 235 234 233 232 231 230 229 228 227 226 225 224 223 222 221 220 219 218 217 216 215 214 213 212 211 210 209 208 207 206 205 204 203 202 201 200 199 198 197 196 195 194 193 192 191 190 189 188 187 186 185 184 183 182 181 180 179 150 149 148 147 146 145 144 143 142 141 140 139 138 137 136 135 134 133 132 131 130 129 128 127 126 125 124 123 122 121 154 155 153 156 152 151 178 177 176 175 161 162 163 164 165 166 167 168 169 170 171 172 173 174 160 159 158 157 119 120 118 117 116 115 114 113 112 111 110 109 108 107 106 105 104 103 102 101 100 99 98 97 96 95 94 93 92 91 90 89 88 87 86 85 84 83 82 81 80 79 78 77 76 75 74 73 72 71 70 69 68 67 66 65 64 63 62 61 60 59 58 57 56 55 54 53 52 51 50 49 48 47 46 45 44 43 42 41 40 39 38 37 36 35 34 33 32 31 30 29 28 27 26 22 25 23 24 21 20 19 18 17 16 15 14 13 12 11 10 9 8 7 6 5 4 1
Knapsack Array = 1 0 1 0 0 0 1 0 0 0 0 1 0 0 1 0 1 1 0 0 1 0 1 0 0 0 1 0 0 1 0 0 1 0 0 1 0 0 0 0 1 0 0 0 0 0 0 1 0 0 1 0 1 0 0 0 0 0 0 0 0 0 0 0 0 0 0 0 0 0 0 0 0 0 0 0 0 0 0 0 0 0 0 0 0 0 0 0 0 0 0 0 0 0 0 0 0 0 0 0 0 0 0 0 0 0 0 0 0 0 0 0 0 0 0 0 0 0 0 0 0 0 0 0 0 0 0 0 0 0 0 0 0 0 0 0 0 0 0 0 0 0 0 0 0 0 0 0 0 0 0 0 0 0 0 0 0 0 0 0 0 0 0 0 0 0 0 0 0 0 1 0 0 0 0 0 0 0 0 0 0 0 0 0 0 0 0 0 0 0 0 1 0 0 1 0 0 0 0 0 0 0 0 0 0 0 0 0 0 0 0 0 0 0 0 0 0 0 0 0 0 0 0 0 0 0 0 0 0 0 0 0 0 0 0 0 0 0 0 0 0 0 0 0 0 0 0 0 0 1 0 0 0 0 0 0 0 0 0 0 0 0 0 0 0 0 0 0 0 0 0 0 0 0 0 0 0 0 0 
Picked Items (item,city) = (1 , 2) (3 , 4) (7 , 8) (12 , 13) (15 , 16) (17 , 18) (18 , 19) (21 , 22) (23 , 24) (27 , 28) (30 , 31) (33 , 34) (36 , 37) (41 , 42) (48 , 49) (51 , 52) (53 , 54) (171 , 172) (192 , 193) (195 , 196) (250 , 251) 

Travel Time: 2900.6306410843585581; Profit: 15418; TSP Distance : 2761.1714300000003277; Weight: 4297 / 12718; 0000000
TSP Tour = 1 2 280 3 279 278 277 276 275 274 273 272 271 270 269 268 267 266 265 264 263 262 261 260 259 258 257 256 255 254 253 252 251 250 249 248 247 246 245 244 243 242 241 240 239 238 237 236 235 234 233 232 231 230 229 228 227 226 225 224 223 222 221 220 219 218 217 216 215 214 213 212 211 210 209 208 207 206 205 204 203 202 201 200 199 198 197 196 195 194 193 192 191 190 189 188 187 186 185 184 183 182 181 180 179 150 149 148 147 146 145 144 143 142 141 140 139 138 137 136 135 134 133 132 131 130 129 128 127 126 125 124 123 122 121 154 155 153 156 152 151 178 177 176 175 161 162 163 164 165 166 167 168 169 170 171 172 173 174 160 159 158 157 119 120 118 117 116 115 114 113 112 111 110 109 108 107 106 105 104 103 102 101 100 99 98 97 96 95 94 93 92 91 90 89 88 87 86 85 84 83 82 81 80 79 78 77 76 75 74 73 72 71 70 69 68 67 66 65 64 63 62 61 60 59 58 57 56 55 54 53 52 51 50 49 48 47 46 45 44 43 42 41 40 39 38 37 36 35 34 33 32 31 30 29 28 27 26 22 25 23 24 21 20 19 18 17 16 15 14 13 12 11 10 9 8 7 6 5 4 1
Knapsack Array = 1 0 1 0 0 0 1 0 0 0 0 1 0 0 1 0 1 1 0 0 1 0 1 0 0 0 1 0 0 1 0 0 1 0 0 1 0 0 0 0 1 0 0 0 0 0 0 1 0 0 1 0 1 1 0 0 0 0 0 0 0 0 1 0 0 0 0 0 0 0 0 0 0 0 0 0 0 0 0 0 0 0 0 0 0 0 0 0 0 0 0 0 0 0 0 0 0 0 0 0 0 0 0 0 0 0 0 0 0 0 0 0 0 0 0 0 0 0 0 0 0 0 0 0 0 0 0 0 0 0 0 0 0 0 0 0 0 0 0 0 0 0 0 0 0 0 0 0 0 0 0 0 0 0 0 0 0 0 0 0 0 0 0 0 0 0 0 0 0 0 1 0 0 0 0 0 0 0 0 0 0 0 0 0 0 0 0 0 0 0 0 1 0 0 1 0 0 0 0 0 0 0 0 0 0 0 0 0 0 0 0 0 0 0 0 0 0 0 0 0 0 0 0 0 0 0 0 0 0 0 0 0 0 0 0 0 0 0 0 0 0 0 0 0 0 0 0 0 0 1 0 0 0 0 0 0 0 0 0 0 0 0 0 0 0 0 0 0 0 0 0 0 0 0 0 0 0 0 0 
Picked Items (item,city) = (1 , 2) (3 , 4) (7 , 8) (12 , 13) (15 , 16) (17 , 18) (18 , 19) (21 , 22) (23 , 24) (27 , 28) (30 , 31) (33 , 34) (36 , 37) (41 , 42) (48 , 49) (51 , 52) (53 , 54) (54 , 55) (63 , 64) (171 , 172) (192 , 193) (195 , 196) (250 , 251) 

Travel Time: 2883.8564409721516313; Profit: 14398; TSP Distance : 2761.1714300000003277; Weight: 4111 / 12718; 0000000
TSP Tour = 1 2 280 3 279 278 277 276 275 274 273 272 271 270 269 268 267 266 265 264 263 262 261 260 259 258 257 256 255 254 253 252 251 250 249 248 247 246 245 244 243 242 241 240 239 238 237 236 235 234 233 232 231 230 229 228 227 226 225 224 223 222 221 220 219 218 217 216 215 214 213 212 211 210 209 208 207 206 205 204 203 202 201 200 199 198 197 196 195 194 193 192 191 190 189 188 187 186 185 184 183 182 181 180 179 150 149 148 147 146 145 144 143 142 141 140 139 138 137 136 135 134 133 132 131 130 129 128 127 126 125 124 123 122 121 154 155 153 156 152 151 178 177 176 175 161 162 163 164 165 166 167 168 169 170 171 172 173 174 160 159 158 157 119 120 118 117 116 115 114 113 112 111 110 109 108 107 106 105 104 103 102 101 100 99 98 97 96 95 94 93 92 91 90 89 88 87 86 85 84 83 82 81 80 79 78 77 76 75 74 73 72 71 70 69 68 67 66 65 64 63 62 61 60 59 58 57 56 55 54 53 52 51 50 49 48 47 46 45 44 43 42 41 40 39 38 37 36 35 34 33 32 31 30 29 28 27 26 22 25 23 24 21 20 19 18 17 16 15 14 13 12 11 10 9 8 7 6 5 4 1
Knapsack Array = 1 0 1 0 0 0 1 0 0 0 0 1 0 0 1 0 1 1 0 0 1 0 1 0 0 0 1 0 0 1 0 0 1 0 0 1 0 0 0 0 1 0 0 0 0 0 0 1 0 0 1 0 1 0 0 0 0 0 0 0 0 0 0 0 0 0 0 0 0 0 0 0 0 0 0 0 1 0 0 0 0 0 0 0 0 0 1 1 0 0 0 0 0 0 0 0 0 0 0 0 0 0 0 0 0 0 0 0 0 0 0 0 0 0 0 0 0 0 0 0 0 0 0 0 0 0 0 0 0 0 0 0 0 0 0 0 0 0 0 0 0 0 0 0 0 0 0 0 0 0 0 0 0 0 0 0 0 0 0 0 0 0 0 0 0 0 0 0 0 0 0 0 0 0 0 0 0 0 0 0 0 0 0 0 0 0 0 0 0 0 0 0 0 0 0 0 0 0 0 0 0 0 0 0 0 0 0 0 0 0 0 0 0 0 0 0 0 0 0 0 0 0 0 0 0 0 0 0 0 0 0 0 0 0 0 0 0 0 0 0 0 0 0 0 0 0 0 0 0 1 0 0 0 0 0 0 0 0 0 0 0 0 0 0 0 0 0 0 0 0 0 0 0 0 0 0 0 0 0 
Picked Items (item,city) = (1 , 2) (3 , 4) (7 , 8) (12 , 13) (15 , 16) (17 , 18) (18 , 19) (21 , 22) (23 , 24) (27 , 28) (30 , 31) (33 , 34) (36 , 37) (41 , 42) (48 , 49) (51 , 52) (53 , 54) (77 , 78) (87 , 88) (88 , 89) (250 , 251) 

Travel Time: 3099.2970274229205643; Profit: 22251; TSP Distance : 2761.1714300000003277; Weight: 6268 / 12718; 0000000
TSP Tour = 1 2 280 3 279 278 277 276 275 274 273 272 271 270 269 268 267 266 265 264 263 262 261 260 259 258 257 256 255 254 253 252 251 250 249 248 247 246 245 244 243 242 241 240 239 238 237 236 235 234 233 232 231 230 229 228 227 226 225 224 223 222 221 220 219 218 217 216 215 214 213 212 211 210 209 208 207 206 205 204 203 202 201 200 199 198 197 196 195 194 193 192 191 190 189 188 187 186 185 184 183 182 181 180 179 150 149 148 147 146 145 144 143 142 141 140 139 138 137 136 135 134 133 132 131 130 129 128 127 126 125 124 123 122 121 154 155 153 156 152 151 178 177 176 175 161 162 163 164 165 166 167 168 169 170 171 172 173 174 160 159 158 157 119 120 118 117 116 115 114 113 112 111 110 109 108 107 106 105 104 103 102 101 100 99 98 97 96 95 94 93 92 91 90 89 88 87 86 85 84 83 82 81 80 79 78 77 76 75 74 73 72 71 70 69 68 67 66 65 64 63 62 61 60 59 58 57 56 55 54 53 52 51 50 49 48 47 46 45 44 43 42 41 40 39 38 37 36 35 34 33 32 31 30 29 28 27 26 22 25 23 24 21 20 19 18 17 16 15 14 13 12 11 10 9 8 7 6 5 4 1
Knapsack Array = 1 0 1 0 0 0 1 0 0 0 0 1 0 0 1 0 1 1 0 0 1 0 1 0 0 0 1 0 0 1 0 0 1 0 0 1 0 0 0 0 1 0 0 0 0 0 0 1 0 0 1 0 1 0 0 0 0 0 1 0 0 0 1 0 0 0 0 0 0 0 0 0 0 1 1 0 1 0 0 0 0 0 1 0 0 0 1 1 0 0 0 0 0 0 0 0 0 0 0 0 0 0 0 0 0 1 0 1 0 1 0 0 0 1 0 0 1 0 0 0 0 0 0 0 1 1 0 0 0 0 0 0 0 0 0 0 0 0 0 0 0 0 0 0 0 0 0 0 0 0 0 0 0 0 0 0 0 0 0 0 0 0 0 0 0 0 0 0 0 0 0 0 0 0 0 0 0 0 0 0 0 0 0 0 0 0 0 0 0 0 0 0 0 0 0 0 0 0 0 0 0 0 0 0 0 0 0 0 0 0 0 0 0 0 0 0 0 0 0 0 0 0 0 0 0 0 1 0 0 0 0 0 0 0 0 0 0 0 0 0 0 0 0 0 0 0 0 0 0 1 0 0 0 0 0 0 0 0 0 0 0 0 0 0 0 0 0 0 0 0 0 0 0 0 0 0 0 0 0 
Picked Items (item,city) = (1 , 2) (3 , 4) (7 , 8) (12 , 13) (15 , 16) (17 , 18) (18 , 19) (21 , 22) (23 , 24) (27 , 28) (30 , 31) (33 , 34) (36 , 37) (41 , 42) (48 , 49) (51 , 52) (53 , 54) (59 , 60) (63 , 64) (74 , 75) (75 , 76) (77 , 78) (83 , 84) (87 , 88) (88 , 89) (106 , 107) (108 , 109) (110 , 111) (114 , 115) (117 , 118) (125 , 126) (126 , 127) (227 , 228) (250 , 251) 

Travel Time: 3091.7459631188744424; Profit: 21609; TSP Distance : 2761.1714300000003277; Weight: 6189 / 12718; 0000000
TSP Tour = 1 2 280 3 279 278 277 276 275 274 273 272 271 270 269 268 267 266 265 264 263 262 261 260 259 258 257 256 255 254 253 252 251 250 249 248 247 246 245 244 243 242 241 240 239 238 237 236 235 234 233 232 231 230 229 228 227 226 225 224 223 222 221 220 219 218 217 216 215 214 213 212 211 210 209 208 207 206 205 204 203 202 201 200 199 198 197 196 195 194 193 192 191 190 189 188 187 186 185 184 183 182 181 180 179 150 149 148 147 146 145 144 143 142 141 140 139 138 137 136 135 134 133 132 131 130 129 128 127 126 125 124 123 122 121 154 155 153 156 152 151 178 177 176 175 161 162 163 164 165 166 167 168 169 170 171 172 173 174 160 159 158 157 119 120 118 117 116 115 114 113 112 111 110 109 108 107 106 105 104 103 102 101 100 99 98 97 96 95 94 93 92 91 90 89 88 87 86 85 84 83 82 81 80 79 78 77 76 75 74 73 72 71 70 69 68 67 66 65 64 63 62 61 60 59 58 57 56 55 54 53 52 51 50 49 48 47 46 45 44 43 42 41 40 39 38 37 36 35 34 33 32 31 30 29 28 27 26 22 25 23 24 21 20 19 18 17 16 15 14 13 12 11 10 9 8 7 6 5 4 1
Knapsack Array = 1 0 1 0 0 0 1 0 0 0 0 1 0 0 1 0 1 1 0 0 1 0 1 0 0 0 1 0 0 1 0 0 1 0 0 1 0 0 0 0 1 0 0 0 0 0 0 1 0 0 1 0 1 0 0 0 0 0 1 0 0 0 0 0 0 0 0 0 0 0 0 0 0 1 1 0 1 0 0 0 0 0 1 0 0 0 1 1 0 0 0 0 0 0 0 0 0 0 0 0 0 0 0 0 0 1 0 1 0 1 0 0 0 1 0 0 1 0 0 0 0 0 0 0 1 1 0 0 0 0 0 0 0 0 0 0 0 0 0 0 0 0 0 0 0 0 0 0 0 0 0 0 0 0 0 0 0 0 0 0 0 0 0 0 0 0 0 0 0 0 0 0 0 0 0 0 0 0 0 0 0 0 0 0 0 0 0 0 0 0 0 0 0 0 0 0 0 0 0 0 0 0 0 0 0 0 0 0 0 0 0 0 0 0 0 0 0 0 0 0 0 0 0 0 0 0 1 0 0 0 0 0 0 0 0 0 0 0 0 0 0 0 0 0 0 0 0 0 0 1 0 0 0 0 0 0 0 0 0 0 0 0 0 0 0 0 0 0 0 0 0 0 0 0 0 0 0 0 0 
Picked Items (item,city) = (1 , 2) (3 , 4) (7 , 8) (12 , 13) (15 , 16) (17 , 18) (18 , 19) (21 , 22) (23 , 24) (27 , 28) (30 , 31) (33 , 34) (36 , 37) (41 , 42) (48 , 49) (51 , 52) (53 , 54) (59 , 60) (74 , 75) (75 , 76) (77 , 78) (83 , 84) (87 , 88) (88 , 89) (106 , 107) (108 , 109) (110 , 111) (114 , 115) (117 , 118) (125 , 126) (126 , 127) (227 , 228) (250 , 251) 

Travel Time: 5535.5181798379089742; Profit: 44958; TSP Distance : 2810.4149600000005194; Weight: 12200 / 12718; 0000000
TSP Tour = 1 3 279 278 277 276 275 274 273 272 271 270 269 268 267 266 265 264 263 262 261 260 259 258 257 256 255 254 253 252 251 250 249 248 247 246 245 244 243 242 241 240 239 238 237 236 235 234 233 232 231 230 229 228 227 226 225 224 223 222 221 220 219 218 217 216 215 214 213 212 211 210 209 208 207 206 205 204 203 202 201 200 199 198 197 196 195 194 193 192 191 190 189 188 187 186 185 184 183 182 181 180 179 178 177 176 175 174 173 172 171 170 169 168 167 166 165 164 163 162 161 160 159 158 157 156 155 154 153 152 151 150 149 148 147 146 145 144 143 142 141 140 139 138 137 136 135 134 133 132 131 130 129 128 127 126 125 124 123 122 121 120 119 118 117 116 115 114 113 112 111 110 109 108 107 106 105 104 103 102 101 100 99 98 97 96 95 94 93 92 91 90 89 88 87 86 85 84 83 82 81 80 79 78 77 76 75 74 73 72 71 70 69 68 67 66 65 64 63 62 61 60 59 58 57 56 55 54 53 52 51 50 49 48 47 46 45 44 43 42 41 40 39 38 37 36 35 34 33 32 31 30 29 28 27 26 22 23 24 25 21 20 19 18 17 16 15 14 13 12 11 10 9 8 7 6 5 4 280 2 1
Knapsack Array = 0 0 1 0 0 0 1 0 0 0 0 1 0 0 1 0 1 1 0 0 1 0 1 0 0 0 1 0 0 1 0 0 1 0 0 1 0 0 0 0 1 0 0 0 0 0 0 1 0 0 1 0 1 1 0 0 0 0 1 0 0 0 1 0 0 0 0 0 0 0 0 0 0 1 1 0 1 0 0 0 0 0 1 0 0 0 1 1 0 0 0 0 0 0 0 0 0 0 0 0 0 1 0 1 0 1 0 1 0 1 0 0 0 1 0 0 1 0 0 0 0 0 0 0 1 1 0 0 0 0 0 1 0 0 0 1 0 0 0 1 0 0 0 0 0 0 0 0 0 0 0 1 1 0 0 0 0 0 0 1 1 0 0 1 0 1 0 1 0 0 1 0 1 0 0 0 0 0 0 1 1 1 0 0 0 1 0 0 0 0 0 1 0 0 1 0 0 1 1 0 0 0 0 0 1 1 0 1 1 0 0 0 0 0 0 0 0 1 0 0 0 0 0 1 0 0 1 0 0 0 0 1 0 0 0 0 0 0 0 0 0 0 0 0 0 0 0 0 0 1 0 1 0 0 1 0 0 0 0 0 1 1 0 0 0 0 0 0 0 0 0 0 1 0 1 1 0 0 1 
Picked Items (item,city) = (3 , 4) (7 , 8) (12 , 13) (15 , 16) (17 , 18) (18 , 19) (21 , 22) (23 , 24) (27 , 28) (30 , 31) (33 , 34) (36 , 37) (41 , 42) (48 , 49) (51 , 52) (53 , 54) (54 , 55) (59 , 60) (63 , 64) (74 , 75) (75 , 76) (77 , 78) (83 , 84) (87 , 88) (88 , 89) (102 , 103) (104 , 105) (106 , 107) (108 , 109) (110 , 111) (114 , 115) (117 , 118) (125 , 126) (126 , 127) (132 , 133) (136 , 137) (140 , 141) (152 , 153) (153 , 154) (160 , 161) (161 , 162) (164 , 165) (166 , 167) (168 , 169) (171 , 172) (173 , 174) (180 , 181) (181 , 182) (182 , 183) (186 , 187) (192 , 193) (195 , 196) (198 , 199) (199 , 200) (205 , 206) (206 , 207) (208 , 209) (209 , 210) (218 , 219) (224 , 225) (227 , 228) (232 , 233) (250 , 251) (252 , 253) (255 , 256) (261 , 262) (262 , 263) (273 , 274) (275 , 276) (276 , 277) (279 , 280) 

Travel Time: 6125.0938111110363025; Profit: 45968; TSP Distance : 2810.4149600000005194; Weight: 12676 / 12718; 0000000
TSP Tour = 1 3 279 278 277 276 275 274 273 272 271 270 269 268 267 266 265 264 263 262 261 260 259 258 257 256 255 254 253 252 251 250 249 248 247 246 245 244 243 242 241 240 239 238 237 236 235 234 233 232 231 230 229 228 227 226 225 224 223 222 221 220 219 218 217 216 215 214 213 212 211 210 209 208 207 206 205 204 203 202 201 200 199 198 197 196 195 194 193 192 191 190 189 188 187 186 185 184 183 182 181 180 179 178 177 176 175 174 173 172 171 170 169 168 167 166 165 164 163 162 161 160 159 158 157 156 155 154 153 152 151 150 149 148 147 146 145 144 143 142 141 140 139 138 137 136 135 134 133 132 131 130 129 128 127 126 125 124 123 122 121 120 119 118 117 116 115 114 113 112 111 110 109 108 107 106 105 104 103 102 101 100 99 98 97 96 95 94 93 92 91 90 89 88 87 86 85 84 83 82 81 80 79 78 77 76 75 74 73 72 71 70 69 68 67 66 65 64 63 62 61 60 59 58 57 56 55 54 53 52 51 50 49 48 47 46 45 44 43 42 41 40 39 38 37 36 35 34 33 32 31 30 29 28 27 26 22 23 24 25 21 20 19 18 17 16 15 14 13 12 11 10 9 8 7 6 5 4 280 2 1
Knapsack Array = 0 0 1 0 0 0 1 0 0 0 0 1 0 0 1 0 1 1 0 0 1 0 1 0 0 0 1 0 0 1 0 0 1 0 0 1 0 0 0 0 1 0 0 0 0 0 0 1 0 0 1 0 1 1 0 0 0 0 1 0 0 0 1 0 0 0 0 0 0 0 0 0 0 1 1 0 1 0 0 0 0 0 1 0 0 0 1 1 0 0 0 0 0 0 0 0 0 0 0 0 0 1 0 1 0 1 0 1 0 1 0 0 0 1 0 0 1 0 0 0 0 0 0 0 1 1 0 0 0 0 0 1 0 0 0 1 0 0 0 1 0 0 0 0 0 0 0 0 0 0 0 1 1 0 0 0 0 0 0 1 1 0 0 1 0 1 0 1 0 0 1 0 1 0 0 0 0 0 0 1 1 1 0 0 0 1 0 0 0 0 0 1 0 0 1 0 0 1 1 0 0 0 0 0 1 1 0 1 1 0 0 0 0 0 0 0 0 1 0 0 0 0 0 1 0 0 1 0 0 0 0 1 0 0 0 0 0 0 0 0 1 0 0 0 0 1 0 0 0 1 0 1 0 0 1 0 0 0 0 0 1 1 0 0 0 0 0 0 0 0 0 0 1 0 1 1 0 0 1 
Picked Items (item,city) = (3 , 4) (7 , 8) (12 , 13) (15 , 16) (17 , 18) (18 , 19) (21 , 22) (23 , 24) (27 , 28) (30 , 31) (33 , 34) (36 , 37) (41 , 42) (48 , 49) (51 , 52) (53 , 54) (54 , 55) (59 , 60) (63 , 64) (74 , 75) (75 , 76) (77 , 78) (83 , 84) (87 , 88) (88 , 89) (102 , 103) (104 , 105) (106 , 107) (108 , 109) (110 , 111) (114 , 115) (117 , 118) (125 , 126) (126 , 127) (132 , 133) (136 , 137) (140 , 141) (152 , 153) (153 , 154) (160 , 161) (161 , 162) (164 , 165) (166 , 167) (168 , 169) (171 , 172) (173 , 174) (180 , 181) (181 , 182) (182 , 183) (186 , 187) (192 , 193) (195 , 196) (198 , 199) (199 , 200) (205 , 206) (206 , 207) (208 , 209) (209 , 210) (218 , 219) (224 , 225) (227 , 228) (232 , 233) (241 , 242) (246 , 247) (250 , 251) (252 , 253) (255 , 256) (261 , 262) (262 , 263) (273 , 274) (275 , 276) (276 , 277) (279 , 280) 

Travel Time: 3147.5834701168059837; Profit: 24267; TSP Distance : 2761.1714300000003277; Weight: 6635 / 12718; 0000000
TSP Tour = 1 2 280 3 279 278 277 276 275 274 273 272 271 270 269 268 267 266 265 264 263 262 261 260 259 258 257 256 255 254 253 252 251 250 249 248 247 246 245 244 243 242 241 240 239 238 237 236 235 234 233 232 231 230 229 228 227 226 225 224 223 222 221 220 219 218 217 216 215 214 213 212 211 210 209 208 207 206 205 204 203 202 201 200 199 198 197 196 195 194 193 192 191 190 189 188 187 186 185 184 183 182 181 180 179 150 149 148 147 146 145 144 143 142 141 140 139 138 137 136 135 134 133 132 131 130 129 128 127 126 125 124 123 122 121 154 155 153 156 152 151 178 177 176 175 161 162 163 164 165 166 167 168 169 170 171 172 173 174 160 159 158 157 119 120 118 117 116 115 114 113 112 111 110 109 108 107 106 105 104 103 102 101 100 99 98 97 96 95 94 93 92 91 90 89 88 87 86 85 84 83 82 81 80 79 78 77 76 75 74 73 72 71 70 69 68 67 66 65 64 63 62 61 60 59 58 57 56 55 54 53 52 51 50 49 48 47 46 45 44 43 42 41 40 39 38 37 36 35 34 33 32 31 30 29 28 27 26 22 25 23 24 21 20 19 18 17 16 15 14 13 12 11 10 9 8 7 6 5 4 1
Knapsack Array = 1 0 1 0 0 0 1 0 0 0 0 1 0 0 1 0 1 1 0 0 1 0 1 0 0 0 1 0 0 1 0 0 1 0 0 1 0 0 0 0 1 0 0 0 0 0 0 1 0 0 1 0 1 1 0 0 0 0 1 0 0 0 1 0 0 0 0 0 0 0 0 0 0 1 1 0 1 0 0 0 0 0 1 0 0 0 1 0 0 0 0 0 0 0 0 0 0 0 0 0 0 1 0 1 0 1 0 1 0 1 0 0 0 1 0 0 1 0 0 0 0 0 0 0 1 1 0 0 0 0 0 0 0 0 0 0 0 0 0 0 0 0 0 0 0 0 0 0 0 0 0 0 0 0 0 0 0 0 0 0 0 0 0 0 0 0 0 0 0 0 0 0 0 0 0 0 0 0 0 0 0 0 0 0 0 0 0 0 0 0 0 0 0 0 0 0 0 0 0 0 0 0 0 0 0 0 0 0 0 0 0 0 0 0 0 0 0 0 0 0 0 0 0 0 0 0 1 0 0 0 0 0 0 0 0 0 0 0 0 0 0 0 0 0 0 0 0 0 0 1 0 0 0 0 0 0 0 0 0 0 1 1 0 0 0 0 0 0 0 0 0 0 0 0 0 0 0 0 0 
Picked Items (item,city) = (1 , 2) (3 , 4) (7 , 8) (12 , 13) (15 , 16) (17 , 18) (18 , 19) (21 , 22) (23 , 24) (27 , 28) (30 , 31) (33 , 34) (36 , 37) (41 , 42) (48 , 49) (51 , 52) (53 , 54) (54 , 55) (59 , 60) (63 , 64) (74 , 75) (75 , 76) (77 , 78) (83 , 84) (87 , 88) (102 , 103) (104 , 105) (106 , 107) (108 , 109) (110 , 111) (114 , 115) (117 , 118) (125 , 126) (126 , 127) (227 , 228) (250 , 251) (261 , 262) (262 , 263) 

Travel Time: 3163.8115247969894881; Profit: 26061; TSP Distance : 2761.1714300000003277; Weight: 6733 / 12718; 0000000
TSP Tour = 1 2 280 3 279 278 277 276 275 274 273 272 271 270 269 268 267 266 265 264 263 262 261 260 259 258 257 256 255 254 253 252 251 250 249 248 247 246 245 244 243 242 241 240 239 238 237 236 235 234 233 232 231 230 229 228 227 226 225 224 223 222 221 220 219 218 217 216 215 214 213 212 211 210 209 208 207 206 205 204 203 202 201 200 199 198 197 196 195 194 193 192 191 190 189 188 187 186 185 184 183 182 181 180 179 150 149 148 147 146 145 144 143 142 141 140 139 138 137 136 135 134 133 132 131 130 129 128 127 126 125 124 123 122 121 154 155 153 156 152 151 178 177 176 175 161 162 163 164 165 166 167 168 169 170 171 172 173 174 160 159 158 157 119 120 118 117 116 115 114 113 112 111 110 109 108 107 106 105 104 103 102 101 100 99 98 97 96 95 94 93 92 91 90 89 88 87 86 85 84 83 82 81 80 79 78 77 76 75 74 73 72 71 70 69 68 67 66 65 64 63 62 61 60 59 58 57 56 55 54 53 52 51 50 49 48 47 46 45 44 43 42 41 40 39 38 37 36 35 34 33 32 31 30 29 28 27 26 22 25 23 24 21 20 19 18 17 16 15 14 13 12 11 10 9 8 7 6 5 4 1
Knapsack Array = 1 0 1 0 0 0 1 0 0 0 0 1 0 0 1 0 1 1 0 0 1 0 1 0 0 0 1 0 0 1 0 0 1 0 0 1 0 0 0 0 1 0 0 0 0 0 0 1 0 0 1 0 1 1 0 0 0 0 1 0 0 0 1 0 0 0 0 0 0 0 0 0 0 1 1 0 1 0 0 0 0 0 1 0 0 0 1 0 0 0 0 0 0 0 0 0 0 0 0 0 0 1 0 1 0 1 0 1 0 1 0 0 0 1 0 0 1 0 0 0 0 0 0 0 1 1 0 0 0 0 0 0 0 0 0 0 0 0 0 0 0 0 0 0 0 0 0 0 0 0 0 0 0 0 0 0 0 0 0 1 1 0 0 0 0 0 0 0 0 0 0 0 0 0 0 0 0 0 0 0 0 0 0 0 0 0 0 0 0 0 0 0 0 0 0 0 0 0 0 0 0 0 0 0 0 0 0 0 0 0 0 0 0 0 0 0 0 0 0 0 0 0 0 0 0 0 1 0 0 0 0 0 0 0 0 0 0 0 0 0 0 0 0 0 0 0 0 0 0 1 0 0 0 0 0 0 0 0 0 0 1 1 0 0 0 0 0 0 0 0 0 0 0 0 0 0 0 0 0 
Picked Items (item,city) = (1 , 2) (3 , 4) (7 , 8) (12 , 13) (15 , 16) (17 , 18) (18 , 19) (21 , 22) (23 , 24) (27 , 28) (30 , 31) (33 , 34) (36 , 37) (41 , 42) (48 , 49) (51 , 52) (53 , 54) (54 , 55) (59 , 60) (63 , 64) (74 , 75) (75 , 76) (77 , 78) (83 , 84) (87 , 88) (102 , 103) (104 , 105) (106 , 107) (108 , 109) (110 , 111) (114 , 115) (117 , 118) (125 , 126) (126 , 127) (160 , 161) (161 , 162) (227 , 228) (250 , 251) (261 , 262) (262 , 263) 


Pareto (Travel Time; Profit; IsValid)

2601.9256849000266811 ; 975; 0000000
2587.9299300000006951 ; 0; 0000000
2633.0964039190284893 ; 5940; 0000000
2612.7741937348614556 ; 3903; 0000000
3079.8045578577084598 ; 21296; 0000000
3139.8764851494820505 ; 23918; 0000000
3795.3315887720846149 ; 34947; 0000000
4825.9581123871230375 ; 41776; 0000000
3430.4142381562628543 ; 28530; 0000000
4171.2520722800309159 ; 37875; 0000000
6125.2273822277657018 ; 46087; 0000000
5283.1972587613036012 ; 44308; 0000000
3136.2903151181712929 ; 23039; 0000000
4962.9973775431371905 ; 42546; 0000000
3285.2961525425102991 ; 27131; 0000000
5889.1875028227441362 ; 45405; 0000000
4926.0499994367219188 ; 42150; 0000000
4571.1631060033460017 ; 39976; 0000000
4422.3219712920790698 ; 38302; 0000000
3723.1463870569773462 ; 32815; 0000000
3723.0049752368918234 ; 32532; 0000000
2587.9896259444449242 ; 122; 0000000
5354.5572274978585483 ; 44395; 0000000
5072.282515740924282 ; 42951; 0000000
4138.9972654614484782 ; 35920; 0000000
2606.0425589311757903 ; 3206; 0000000
2650.8006684181491437 ; 8528; 0000000
2818.5316851105221758 ; 9985; 0000000
2987.3486630741895169 ; 19419; 0000000
2864.1544746456647772 ; 13378; 0000000
2943.041287119030585 ; 18104; 0000000
3040.3260967802762025 ; 20888; 0000000
3381.2511382083894205 ; 27187; 0000000
3572.5828541427908931 ; 30815; 0000000
2882.3586277567296747 ; 14263; 0000000
2900.6306410843585581 ; 15418; 0000000
2883.8564409721516313 ; 14398; 0000000
3099.2970274229205643 ; 22251; 0000000
3091.7459631188744424 ; 21609; 0000000
5535.5181798379089742 ; 44958; 0000000
6125.0938111110363025 ; 45968; 0000000
3147.5834701168059837 ; 24267; 0000000
3163.8115247969894881 ; 26061; 0000000
