Travel Time: 7544.3659000000006927; Profit: 0; TSP Distance : 7544.3659000000006927; Weight: 0 / 13920; 0000000
TSP Tour = 1 22 31 18 3 17 21 42 7 2 30 23 20 50 29 16 46 44 34 35 36 39 40 37 38 48 24 5 15 6 4 25 12 28 27 26 47 13 14 52 11 51 33 43 10 9 8 41 19 45 32 49 1
Knapsack Array = 0 0 0 0 0 0 0 0 0 0 0 0 0 0 0 0 0 0 0 0 0 0 0 0 0 0 0 0 0 0 0 0 0 0 0 0 0 0 0 0 0 0 0 0 0 0 0 0 0 0 0 0 0 0 0 0 0 0 0 0 0 0 0 0 0 0 0 0 0 0 0 0 0 0 0 0 0 0 0 0 0 0 0 0 0 0 0 0 0 0 0 0 0 0 0 0 0 0 0 0 0 0 0 0 0 0 0 0 0 0 0 0 0 0 0 0 0 0 0 0 0 0 0 0 0 0 0 0 0 0 0 0 0 0 0 0 0 0 0 0 0 0 0 0 0 0 0 0 0 0 0 0 0 
Picked Items (item,city) = 

Travel Time: 7759.3380959270662061; Profit: 4539; TSP Distance : 7544.3659000000006927; Weight: 1053 / 13920; 0000000
TSP Tour = 1 22 31 18 3 17 21 42 7 2 30 23 20 50 29 16 46 44 34 35 36 39 40 37 38 48 24 5 15 6 4 25 12 28 27 26 47 13 14 52 11 51 33 43 10 9 8 41 19 45 32 49 1
Knapsack Array = 0 0 0 0 0 0 0 0 0 0 0 0 0 0 0 0 0 0 0 0 0 0 0 0 0 0 0 0 0 0 0 0 0 0 0 0 0 0 0 0 0 0 0 0 0 0 0 0 0 0 0 0 0 0 0 0 0 0 0 0 0 0 1 0 0 0 0 0 0 0 0 0 0 1 1 0 1 0 0 0 0 0 1 0 0 0 1 1 0 0 0 0 0 0 0 0 0 0 0 0 0 0 0 0 0 0 0 0 0 0 0 0 0 0 0 0 0 0 0 0 0 0 0 0 0 0 0 0 0 0 0 0 0 0 0 0 0 0 0 0 0 0 0 0 0 0 0 0 0 0 0 0 0 
Picked Items (item,city) = (63 , 13) (74 , 24) (75 , 25) (77 , 27) (83 , 33) (87 , 37) (88 , 38) 

Travel Time: 7621.7383655426856421; Profit: 2416; TSP Distance : 7544.3659000000006927; Weight: 937 / 13920; 0000000
TSP Tour = 1 22 31 18 3 17 21 42 7 2 30 23 20 50 29 16 46 44 34 35 36 39 40 37 38 48 24 5 15 6 4 25 12 28 27 26 47 13 14 52 11 51 33 43 10 9 8 41 19 45 32 49 1
Knapsack Array = 0 0 0 0 0 0 0 0 0 0 0 0 0 0 0 0 0 0 0 0 0 0 0 0 0 0 0 0 0 0 0 0 0 0 0 0 0 0 0 0 0 0 0 0 0 0 0 0 0 0 0 0 0 0 0 0 0 0 0 0 0 0 0 0 0 0 0 0 0 0 0 0 0 0 0 0 0 0 0 0 0 0 0 0 0 0 0 0 0 0 0 0 0 0 0 0 0 0 0 0 0 0 0 0 0 0 0 0 0 0 0 0 0 0 0 0 0 0 0 1 0 0 0 0 0 0 0 0 0 0 0 0 0 0 0 0 0 0 0 0 0 0 0 0 0 0 0 0 0 0 0 1 1 
Picked Items (item,city) = (120 , 19) (152 , 51) (153 , 52) 

Travel Time: 7886.5254090805892702; Profit: 6575; TSP Distance : 7544.3659000000016022; Weight: 2143 / 13920; 0000000
TSP Tour = 1 49 32 45 19 41 8 9 10 43 33 51 11 52 14 13 47 26 27 28 12 25 4 6 15 5 24 48 38 37 40 39 36 35 34 44 46 16 29 50 20 23 30 2 7 42 21 17 3 18 31 22 1
Knapsack Array = 0 0 0 0 0 0 0 0 0 0 0 1 0 0 1 0 1 1 0 0 1 0 1 0 0 0 1 0 0 1 0 0 1 0 0 0 0 0 0 0 0 0 0 0 0 0 0 0 0 0 0 0 0 0 0 0 0 0 0 0 0 0 0 0 0 0 0 0 0 0 0 0 0 0 0 0 0 0 0 0 0 0 0 0 0 0 0 0 0 0 0 0 0 0 0 0 0 0 0 0 0 0 0 0 0 0 0 0 0 0 0 0 0 0 0 0 0 0 0 0 0 0 0 0 0 0 0 0 0 0 0 0 0 0 0 0 0 0 0 0 0 0 0 0 0 0 0 0 0 0 0 0 0 
Picked Items (item,city) = (12 , 13) (15 , 16) (17 , 18) (18 , 19) (21 , 22) (23 , 24) (27 , 28) (30 , 31) (33 , 34) 

Travel Time: 7553.3008603845482867; Profit: 958; TSP Distance : 7544.3659000000006927; Weight: 72 / 13920; 0000000
TSP Tour = 1 22 31 18 3 17 21 42 7 2 30 23 20 50 29 16 46 44 34 35 36 39 40 37 38 48 24 5 15 6 4 25 12 28 27 26 47 13 14 52 11 51 33 43 10 9 8 41 19 45 32 49 1
Knapsack Array = 0 0 0 0 0 0 0 0 0 0 0 0 0 0 0 0 0 0 0 0 0 0 0 0 0 0 0 0 0 0 0 0 0 0 0 0 0 0 0 0 0 0 0 0 0 0 0 0 0 0 0 0 0 0 0 0 0 0 0 0 0 0 0 0 0 0 0 0 0 0 0 0 0 0 0 0 0 0 0 0 0 0 0 0 0 0 0 0 0 0 0 0 0 0 0 0 0 0 0 0 0 0 0 0 0 0 0 0 0 0 0 0 0 0 0 0 0 0 0 0 0 0 0 0 0 0 0 0 0 0 0 0 0 0 0 0 0 0 0 0 0 0 0 0 0 0 0 0 0 0 0 1 0 
Picked Items (item,city) = (152 , 51) 

Travel Time: 9040.5946299376319075; Profit: 15469; TSP Distance : 7616.2462000000014086; Weight: 5364 / 13920; 0000000
TSP Tour = 1 31 18 3 17 21 42 7 2 30 23 20 50 29 16 46 44 34 35 36 39 40 37 38 48 24 5 15 6 4 25 12 28 27 26 47 13 14 52 11 51 33 43 10 9 8 41 19 45 32 49 22 1
Knapsack Array = 1 0 0 0 0 0 1 1 0 1 0 1 0 0 1 0 1 1 0 0 1 0 0 0 0 0 0 0 0 0 0 0 0 0 0 0 0 0 0 0 0 0 0 0 0 0 0 0 0 0 1 0 1 1 0 0 0 0 1 0 0 0 1 0 1 0 0 0 0 0 0 0 1 1 1 0 1 0 0 0 0 0 1 0 0 0 1 1 0 0 0 0 0 0 0 0 0 0 0 0 0 0 0 0 0 0 0 0 0 0 0 0 0 0 0 0 0 0 0 0 0 0 0 0 0 0 0 0 0 0 0 0 0 0 0 0 0 0 0 0 0 0 0 0 0 0 0 0 0 0 0 1 1 
Picked Items (item,city) = (1 , 2) (7 , 8) (8 , 9) (10 , 11) (12 , 13) (15 , 16) (17 , 18) (18 , 19) (21 , 22) (51 , 52) (53 , 3) (54 , 4) (59 , 9) (63 , 13) (65 , 15) (73 , 23) (74 , 24) (75 , 25) (77 , 27) (83 , 33) (87 , 37) (88 , 38) (152 , 51) (153 , 52) 

Travel Time: 7962.2760245259587464; Profit: 7331; TSP Distance : 7544.3659000000016022; Weight: 2183 / 13920; 0000000
TSP Tour = 1 49 32 45 19 41 8 9 10 43 33 51 11 52 14 13 47 26 27 28 12 25 4 6 15 5 24 48 38 37 40 39 36 35 34 44 46 16 29 50 20 23 30 2 7 42 21 17 3 18 31 22 1
Knapsack Array = 0 0 0 0 0 0 0 0 0 0 0 0 0 0 0 0 0 1 0 0 0 0 1 0 0 0 1 0 0 1 0 0 1 0 0 1 0 0 0 0 0 0 0 0 0 0 0 0 0 0 0 0 0 0 0 0 0 0 0 0 0 0 0 0 1 0 0 0 0 0 0 0 1 1 1 0 1 0 0 0 0 0 0 0 0 0 0 0 0 0 0 0 0 0 0 0 0 0 0 0 0 0 0 0 0 0 0 0 0 0 0 0 0 0 0 0 0 0 0 0 0 0 0 0 0 0 0 0 0 0 0 0 0 0 0 0 0 0 0 0 0 0 0 0 0 0 0 0 0 0 0 0 0 
Picked Items (item,city) = (18 , 19) (23 , 24) (27 , 28) (30 , 31) (33 , 34) (36 , 37) (65 , 15) (73 , 23) (74 , 24) (75 , 25) (77 , 27) 

Travel Time: 9479.8548339647695684; Profit: 16825; TSP Distance : 7544.3659000000016022; Weight: 6236 / 13920; 0000000
TSP Tour = 1 49 32 45 19 41 8 9 10 43 33 51 11 52 14 13 47 26 27 28 12 25 4 6 15 5 24 48 38 37 40 39 36 35 34 44 46 16 29 50 20 23 30 2 7 42 21 17 3 18 31 22 1
Knapsack Array = 1 0 1 0 0 0 1 1 0 1 0 1 0 0 1 0 1 1 0 0 1 0 1 0 0 0 1 0 0 1 0 0 1 0 0 1 0 0 0 0 1 1 0 0 1 0 0 1 0 0 1 0 0 0 0 0 0 0 0 0 0 0 0 0 1 0 0 0 0 0 0 0 1 1 1 0 1 0 0 0 0 0 0 0 0 0 0 0 0 0 0 0 0 0 0 0 0 0 0 0 0 0 0 0 0 0 0 0 0 0 0 0 0 0 0 0 0 0 0 0 0 0 0 0 0 0 0 0 0 0 0 0 0 0 0 0 0 0 0 0 0 0 0 0 0 0 0 0 0 0 0 0 0 
Picked Items (item,city) = (1 , 2) (3 , 4) (7 , 8) (8 , 9) (10 , 11) (12 , 13) (15 , 16) (17 , 18) (18 , 19) (21 , 22) (23 , 24) (27 , 28) (30 , 31) (33 , 34) (36 , 37) (41 , 42) (42 , 43) (45 , 46) (48 , 49) (51 , 52) (65 , 15) (73 , 23) (74 , 24) (75 , 25) (77 , 27) 

Travel Time: 7545.8230065973866658; Profit: 702; TSP Distance : 7544.3659000000006927; Weight: 6 / 13920; 0000000
TSP Tour = 1 22 31 18 3 17 21 42 7 2 30 23 20 50 29 16 46 44 34 35 36 39 40 37 38 48 24 5 15 6 4 25 12 28 27 26 47 13 14 52 11 51 33 43 10 9 8 41 19 45 32 49 1
Knapsack Array = 0 0 0 0 0 0 0 0 0 0 0 0 0 0 0 0 0 0 0 0 0 0 0 0 0 0 0 0 0 0 0 0 0 0 0 0 0 0 0 0 0 0 0 0 0 0 0 0 0 0 0 0 0 0 0 0 0 0 0 0 0 0 0 0 0 0 0 0 0 0 0 0 0 0 0 0 1 0 0 0 0 0 0 0 0 0 0 0 0 0 0 0 0 0 0 0 0 0 0 0 0 0 0 0 0 0 0 0 0 0 0 0 0 0 0 0 0 0 0 0 0 0 0 0 0 0 0 0 0 0 0 0 0 0 0 0 0 0 0 0 0 0 0 0 0 0 0 0 0 0 0 0 0 
Picked Items (item,city) = (77 , 27) 

Travel Time: 12856.055727484919771; Profit: 27460; TSP Distance : 7632.7636000000011336; Weight: 11103 / 13920; 0000000
TSP Tour = 1 32 45 19 41 8 9 10 43 33 51 11 52 14 13 47 26 27 28 12 25 4 6 15 5 24 48 38 37 40 39 36 35 34 44 46 16 29 50 20 23 30 2 7 42 21 17 3 18 31 22 49 1
Knapsack Array = 0 0 0 0 0 0 0 0 0 0 0 0 0 0 0 0 1 1 0 0 1 0 1 0 0 0 1 0 0 1 0 0 1 0 0 1 0 0 0 0 1 1 0 0 1 0 0 1 0 0 1 0 0 0 0 0 0 0 0 0 0 0 1 0 1 0 0 0 0 0 0 0 1 1 1 0 1 0 0 0 0 0 1 0 0 0 1 1 0 0 0 0 0 0 0 0 0 0 0 0 0 0 0 0 0 1 0 1 0 0 0 0 1 0 0 0 1 0 0 1 0 0 0 0 1 1 0 1 1 0 0 1 0 0 0 1 0 1 0 1 1 1 0 0 1 0 0 0 0 0 0 1 1 
Picked Items (item,city) = (17 , 18) (18 , 19) (21 , 22) (23 , 24) (27 , 28) (30 , 31) (33 , 34) (36 , 37) (41 , 42) (42 , 43) (45 , 46) (48 , 49) (51 , 52) (63 , 13) (65 , 15) (73 , 23) (74 , 24) (75 , 25) (77 , 27) (83 , 33) (87 , 37) (88 , 38) (106 , 5) (108 , 7) (113 , 12) (117 , 16) (120 , 19) (125 , 24) (126 , 25) (128 , 27) (129 , 28) (132 , 31) (136 , 35) (138 , 37) (140 , 39) (141 , 40) (142 , 41) (145 , 44) (152 , 51) (153 , 52) 

Travel Time: 10011.276422497599924; Profit: 21350; TSP Distance : 7632.7636000000011336; Weight: 7529 / 13920; 0000000
TSP Tour = 1 32 45 19 41 8 9 10 43 33 51 11 52 14 13 47 26 27 28 12 25 4 6 15 5 24 48 38 37 40 39 36 35 34 44 46 16 29 50 20 23 30 2 7 42 21 17 3 18 31 22 49 1
Knapsack Array = 0 0 0 0 0 0 0 0 0 0 0 0 0 0 0 0 1 1 0 0 1 0 1 0 0 0 1 0 0 1 0 0 1 0 0 1 0 0 0 0 1 1 0 0 1 0 0 1 0 0 1 0 0 0 0 0 0 0 0 0 0 0 1 0 1 0 0 0 0 0 0 0 1 1 1 0 1 0 0 0 0 0 1 0 0 0 1 1 0 0 0 0 0 0 0 0 1 0 0 0 0 1 0 0 0 1 0 1 0 1 0 0 1 1 0 0 1 0 0 1 0 0 0 0 1 0 0 0 0 0 0 0 0 0 0 0 0 0 0 0 0 0 0 0 0 0 0 0 0 0 0 0 0 
Picked Items (item,city) = (17 , 18) (18 , 19) (21 , 22) (23 , 24) (27 , 28) (30 , 31) (33 , 34) (36 , 37) (41 , 42) (42 , 43) (45 , 46) (48 , 49) (51 , 52) (63 , 13) (65 , 15) (73 , 23) (74 , 24) (75 , 25) (77 , 27) (83 , 33) (87 , 37) (88 , 38) (97 , 47) (102 , 52) (106 , 5) (108 , 7) (110 , 9) (113 , 12) (114 , 13) (117 , 16) (120 , 19) (125 , 24) 

Travel Time: 8450.0633212554657803; Profit: 11520; TSP Distance : 7544.3659000000016022; Weight: 3895 / 13920; 0000000
TSP Tour = 1 49 32 45 19 41 8 9 10 43 33 51 11 52 14 13 47 26 27 28 12 25 4 6 15 5 24 48 38 37 40 39 36 35 34 44 46 16 29 50 20 23 30 2 7 42 21 17 3 18 31 22 1
Knapsack Array = 0 0 1 0 0 0 0 0 0 0 0 0 0 0 1 0 1 1 0 1 0 0 1 0 0 0 0 0 0 0 0 0 0 0 0 0 0 0 0 0 0 0 0 0 0 0 0 0 0 0 0 0 0 0 0 0 0 0 0 0 0 0 1 0 1 0 0 0 0 0 0 0 1 1 1 0 1 0 0 0 0 0 0 0 0 0 0 0 0 0 0 0 0 0 0 0 1 0 0 0 0 1 0 0 0 1 0 1 0 1 0 0 1 1 0 0 1 0 0 0 0 0 0 0 0 0 0 0 0 0 0 0 0 0 0 0 0 0 0 0 0 0 0 0 0 0 0 0 0 0 0 0 0 
Picked Items (item,city) = (3 , 4) (15 , 16) (17 , 18) (18 , 19) (20 , 21) (23 , 24) (63 , 13) (65 , 15) (73 , 23) (74 , 24) (75 , 25) (77 , 27) (97 , 47) (102 , 52) (106 , 5) (108 , 7) (110 , 9) (113 , 12) (114 , 13) (117 , 16) 

Travel Time: 8519.9202165948336187; Profit: 12897; TSP Distance : 7544.3659000000016022; Weight: 4324 / 13920; 0000000
TSP Tour = 1 49 32 45 19 41 8 9 10 43 33 51 11 52 14 13 47 26 27 28 12 25 4 6 15 5 24 48 38 37 40 39 36 35 34 44 46 16 29 50 20 23 30 2 7 42 21 17 3 18 31 22 1
Knapsack Array = 0 0 0 0 0 0 0 0 0 0 0 0 0 0 1 0 1 1 0 0 1 0 1 0 0 0 0 0 0 0 0 0 0 0 0 0 0 0 0 0 0 0 0 0 0 0 0 0 0 0 0 0 0 0 0 0 0 0 0 0 0 0 1 0 1 0 0 0 0 0 0 0 0 0 0 0 0 0 0 0 0 0 0 0 0 0 1 1 0 0 0 0 0 0 0 0 1 0 0 0 0 1 0 0 0 1 0 1 0 1 0 0 1 1 0 0 1 0 0 0 0 0 0 0 1 1 0 0 1 0 0 1 0 0 0 0 0 0 0 0 0 0 0 0 0 0 0 0 0 0 0 0 0 
Picked Items (item,city) = (15 , 16) (17 , 18) (18 , 19) (21 , 22) (23 , 24) (63 , 13) (65 , 15) (87 , 37) (88 , 38) (97 , 47) (102 , 52) (106 , 5) (108 , 7) (110 , 9) (113 , 12) (114 , 13) (117 , 16) (125 , 24) (126 , 25) (129 , 28) (132 , 31) 

Travel Time: 7608.6628962383529142; Profit: 1652; TSP Distance : 7544.3659000000006927; Weight: 393 / 13920; 0000000
TSP Tour = 1 22 31 18 3 17 21 42 7 2 30 23 20 50 29 16 46 44 34 35 36 39 40 37 38 48 24 5 15 6 4 25 12 28 27 26 47 13 14 52 11 51 33 43 10 9 8 41 19 45 32 49 1
Knapsack Array = 0 0 0 0 0 0 0 0 0 0 0 0 0 0 0 0 0 0 0 0 0 0 0 0 0 0 0 0 0 0 0 0 0 0 0 0 0 0 0 0 0 0 0 0 0 0 0 0 0 0 0 0 0 0 0 0 0 0 0 0 0 0 0 0 0 0 0 0 0 0 0 0 0 0 0 0 0 0 0 0 0 0 0 0 0 0 0 0 0 0 0 0 0 0 0 0 0 0 0 0 0 0 0 0 0 0 0 0 0 0 0 0 0 0 0 0 0 0 0 0 0 0 0 0 0 0 0 0 0 0 0 0 0 0 0 0 0 0 0 0 0 0 0 0 0 0 0 0 0 0 0 1 1 
Picked Items (item,city) = (152 , 51) (153 , 52) 

Travel Time: 8845.3091683115890191; Profit: 13064; TSP Distance : 7544.3659000000016022; Weight: 4573 / 13920; 0000000
TSP Tour = 1 49 32 45 19 41 8 9 10 43 33 51 11 52 14 13 47 26 27 28 12 25 4 6 15 5 24 48 38 37 40 39 36 35 34 44 46 16 29 50 20 23 30 2 7 42 21 17 3 18 31 22 1
Knapsack Array = 1 0 1 0 0 0 1 1 0 1 0 1 0 0 1 0 1 1 0 0 1 0 1 0 0 0 1 0 0 1 0 0 1 0 0 1 0 0 0 0 1 1 0 0 0 0 0 0 0 0 0 0 0 0 0 0 0 0 0 0 0 0 0 0 0 0 0 0 0 0 0 0 0 0 0 0 0 0 0 0 0 0 0 0 0 0 0 0 0 0 0 0 0 0 0 0 0 0 0 0 0 0 0 0 0 0 0 0 0 0 0 0 0 0 0 0 0 0 0 0 0 0 0 0 0 0 0 0 0 0 0 0 0 0 0 0 0 0 0 0 0 0 0 0 0 0 0 0 0 0 0 1 1 
Picked Items (item,city) = (1 , 2) (3 , 4) (7 , 8) (8 , 9) (10 , 11) (12 , 13) (15 , 16) (17 , 18) (18 , 19) (21 , 22) (23 , 24) (27 , 28) (30 , 31) (33 , 34) (36 , 37) (41 , 42) (42 , 43) (152 , 51) (153 , 52) 

Travel Time: 8853.5239188884970645; Profit: 13128; TSP Distance : 7544.3659000000016022; Weight: 4786 / 13920; 0000000
TSP Tour = 1 49 32 45 19 41 8 9 10 43 33 51 11 52 14 13 47 26 27 28 12 25 4 6 15 5 24 48 38 37 40 39 36 35 34 44 46 16 29 50 20 23 30 2 7 42 21 17 3 18 31 22 1
Knapsack Array = 1 0 1 0 0 0 1 1 0 1 0 1 0 0 1 0 1 1 0 0 1 0 1 0 0 0 1 0 0 1 0 0 1 0 0 1 0 0 0 0 1 1 0 0 0 0 0 0 0 0 0 0 0 0 0 0 0 0 0 0 0 0 0 0 0 0 0 0 0 0 0 0 0 0 0 0 0 0 0 0 0 0 0 0 0 0 0 0 0 0 0 0 0 0 0 0 0 0 0 0 0 0 0 0 0 1 0 1 0 1 0 0 0 0 0 0 0 0 0 0 0 0 0 0 0 0 0 0 0 0 0 0 0 0 0 0 0 0 0 0 0 0 0 0 0 0 0 0 0 0 0 0 0 
Picked Items (item,city) = (1 , 2) (3 , 4) (7 , 8) (8 , 9) (10 , 11) (12 , 13) (15 , 16) (17 , 18) (18 , 19) (21 , 22) (23 , 24) (27 , 28) (30 , 31) (33 , 34) (36 , 37) (41 , 42) (42 , 43) (106 , 5) (108 , 7) (110 , 9) 

Travel Time: 13110.226574700611309; Profit: 28151; TSP Distance : 8763.6882000000005064; Weight: 10298 / 13920; 0000000
TSP Tour = 1 18 3 17 21 50 29 42 7 2 30 23 20 16 46 44 34 40 45 19 41 8 9 10 43 33 51 11 52 14 13 47 26 27 28 12 25 4 6 15 5 24 48 38 37 32 39 36 35 49 22 31 1
Knapsack Array = 1 0 1 0 0 0 1 1 0 1 0 1 0 0 1 0 1 1 0 0 1 0 1 0 0 0 1 0 0 1 0 0 1 0 0 1 0 0 0 0 1 1 0 0 1 0 0 1 0 0 1 0 1 1 0 0 0 0 1 0 0 0 1 0 1 0 0 0 0 0 0 0 1 1 1 0 1 0 0 0 0 0 1 0 0 0 1 1 0 0 0 0 0 0 0 0 1 0 0 0 0 1 0 0 0 1 0 1 0 1 0 0 1 1 0 0 1 0 0 1 0 0 0 0 1 1 0 0 0 0 0 0 0 0 0 0 0 0 0 0 0 0 0 0 0 0 0 0 0 0 0 0 0 
Picked Items (item,city) = (1 , 2) (3 , 4) (7 , 8) (8 , 9) (10 , 11) (12 , 13) (15 , 16) (17 , 18) (18 , 19) (21 , 22) (23 , 24) (27 , 28) (30 , 31) (33 , 34) (36 , 37) (41 , 42) (42 , 43) (45 , 46) (48 , 49) (51 , 52) (53 , 3) (54 , 4) (59 , 9) (63 , 13) (65 , 15) (73 , 23) (74 , 24) (75 , 25) (77 , 27) (83 , 33) (87 , 37) (88 , 38) (97 , 47) (102 , 52) (106 , 5) (108 , 7) (110 , 9) (113 , 12) (114 , 13) (117 , 16) (120 , 19) (125 , 24) (126 , 25) 

Travel Time: 8405.9974258167731023; Profit: 9483; TSP Distance : 7544.3659000000016022; Weight: 3049 / 13920; 0000000
TSP Tour = 1 49 32 45 19 41 8 9 10 43 33 51 11 52 14 13 47 26 27 28 12 25 4 6 15 5 24 48 38 37 40 39 36 35 34 44 46 16 29 50 20 23 30 2 7 42 21 17 3 18 31 22 1
Knapsack Array = 0 0 0 0 0 0 0 0 0 0 0 0 0 0 0 0 0 0 0 0 1 0 1 0 0 0 1 0 0 0 0 0 0 0 0 1 0 0 0 0 0 0 0 0 0 0 0 0 0 0 0 0 0 0 0 0 0 0 1 0 0 0 1 0 1 0 0 0 0 0 0 0 1 1 1 0 1 0 0 0 0 0 1 0 0 0 1 1 0 0 0 0 0 0 0 0 0 0 0 0 0 0 0 0 0 0 0 0 0 0 0 0 0 0 0 0 0 0 0 0 0 0 0 0 0 0 0 0 0 0 0 0 0 0 0 0 0 0 0 0 0 0 0 0 0 0 0 0 0 0 0 0 0 
Picked Items (item,city) = (21 , 22) (23 , 24) (27 , 28) (36 , 37) (59 , 9) (63 , 13) (65 , 15) (73 , 23) (74 , 24) (75 , 25) (77 , 27) (83 , 33) (87 , 37) (88 , 38) 

Travel Time: 9179.8215450942607276; Profit: 16440; TSP Distance : 7544.3659000000016022; Weight: 5706 / 13920; 0000000
TSP Tour = 1 49 32 45 19 41 8 9 10 43 33 51 11 52 14 13 47 26 27 28 12 25 4 6 15 5 24 48 38 37 40 39 36 35 34 44 46 16 29 50 20 23 30 2 7 42 21 17 3 18 31 22 1
Knapsack Array = 0 0 0 0 0 0 0 0 0 0 0 0 0 0 0 0 0 0 0 0 1 0 1 0 0 0 1 0 0 1 0 0 1 0 0 1 0 0 0 0 1 0 0 0 0 0 0 0 0 0 0 0 0 0 0 0 0 0 1 0 0 0 1 0 1 0 0 0 0 0 0 0 1 1 1 0 1 0 0 0 0 0 1 0 0 0 1 1 0 0 0 0 0 0 0 0 1 0 0 0 0 1 0 0 0 1 0 1 0 1 0 0 1 1 0 0 1 0 0 0 0 0 0 0 0 0 0 0 0 0 0 0 0 0 0 0 0 0 0 0 0 0 0 0 0 0 0 0 0 0 0 0 0 
Picked Items (item,city) = (21 , 22) (23 , 24) (27 , 28) (30 , 31) (33 , 34) (36 , 37) (41 , 42) (59 , 9) (63 , 13) (65 , 15) (73 , 23) (74 , 24) (75 , 25) (77 , 27) (83 , 33) (87 , 37) (88 , 38) (97 , 47) (102 , 52) (106 , 5) (108 , 7) (110 , 9) (113 , 12) (114 , 13) (117 , 16) 

Travel Time: 9211.8192035161500826; Profit: 16801; TSP Distance : 7544.3659000000016022; Weight: 6062 / 13920; 0000000
TSP Tour = 1 49 32 45 19 41 8 9 10 43 33 51 11 52 14 13 47 26 27 28 12 25 4 6 15 5 24 48 38 37 40 39 36 35 34 44 46 16 29 50 20 23 30 2 7 42 21 17 3 18 31 22 1
Knapsack Array = 0 0 0 0 0 0 0 0 0 0 0 0 0 0 0 1 0 0 0 0 1 0 1 0 0 0 1 0 0 1 0 0 1 0 0 1 0 0 0 0 1 0 0 0 0 0 0 0 0 0 0 0 0 0 0 0 0 0 1 0 0 0 1 0 1 0 0 0 0 0 0 0 1 1 1 0 1 0 0 0 0 0 1 0 0 0 1 1 0 0 0 0 0 0 0 0 1 0 0 0 0 1 0 0 0 1 0 1 0 1 0 0 1 1 0 0 1 0 0 0 0 0 0 0 0 0 0 0 0 0 0 0 0 0 0 0 0 0 0 0 0 0 0 0 0 0 0 0 0 0 0 0 0 
Picked Items (item,city) = (16 , 17) (21 , 22) (23 , 24) (27 , 28) (30 , 31) (33 , 34) (36 , 37) (41 , 42) (59 , 9) (63 , 13) (65 , 15) (73 , 23) (74 , 24) (75 , 25) (77 , 27) (83 , 33) (87 , 37) (88 , 38) (97 , 47) (102 , 52) (106 , 5) (108 , 7) (110 , 9) (113 , 12) (114 , 13) (117 , 16) 

Travel Time: 7708.2534956443605552; Profit: 3501; TSP Distance : 7544.3659000000016022; Weight: 1150 / 13920; 0000000
TSP Tour = 1 49 32 45 19 41 8 9 10 43 33 51 11 52 14 13 47 26 27 28 12 25 4 6 15 5 24 48 38 37 40 39 36 35 34 44 46 16 29 50 20 23 30 2 7 42 21 17 3 18 31 22 1
Knapsack Array = 0 0 0 0 0 0 0 0 0 0 0 0 0 0 0 0 0 1 0 0 1 0 1 0 0 0 1 0 0 1 0 0 0 0 0 0 0 0 0 0 0 0 0 0 0 0 0 0 0 0 0 0 0 0 0 0 0 0 0 0 0 0 0 0 0 0 0 0 0 0 0 0 0 0 0 0 0 0 0 0 0 0 0 0 0 0 0 0 0 0 0 0 0 0 0 0 0 0 0 0 0 0 0 0 0 0 0 0 0 0 0 0 0 0 0 0 0 0 0 0 0 0 0 0 0 0 0 0 0 0 0 0 0 0 0 0 0 0 0 0 0 0 0 0 0 0 0 0 0 0 0 0 0 
Picked Items (item,city) = (18 , 19) (21 , 22) (23 , 24) (27 , 28) (30 , 31) 

Travel Time: 9065.769062172897975; Profit: 15475; TSP Distance : 7544.3659000000006927; Weight: 5320 / 13920; 0000000
TSP Tour = 1 22 31 18 3 17 21 42 7 2 30 23 20 50 29 16 46 44 34 35 36 39 40 37 38 48 24 5 15 6 4 25 12 28 27 26 47 13 14 52 11 51 33 43 10 9 8 41 19 45 32 49 1
Knapsack Array = 0 0 0 0 0 0 0 0 0 0 0 0 0 0 0 0 0 0 0 0 0 0 0 0 0 0 0 0 0 0 0 0 1 0 0 1 0 0 0 0 1 1 0 0 1 0 0 1 0 0 1 0 1 1 0 0 0 0 1 0 0 0 1 0 1 0 0 0 0 0 0 0 1 1 1 0 1 0 0 0 0 0 1 0 0 0 1 1 0 0 0 0 0 0 0 0 0 0 0 0 0 0 0 0 0 0 0 0 0 0 0 0 0 0 0 0 1 0 0 1 0 0 0 0 1 0 0 0 0 0 0 0 0 0 0 0 0 0 0 0 0 0 0 0 0 0 0 0 0 0 0 0 0 
Picked Items (item,city) = (33 , 34) (36 , 37) (41 , 42) (42 , 43) (45 , 46) (48 , 49) (51 , 52) (53 , 3) (54 , 4) (59 , 9) (63 , 13) (65 , 15) (73 , 23) (74 , 24) (75 , 25) (77 , 27) (83 , 33) (87 , 37) (88 , 38) (117 , 16) (120 , 19) (125 , 24) 

Travel Time: 11019.341645063299438; Profit: 25071; TSP Distance : 7616.2462000000014086; Weight: 9035 / 13920; 0000000
TSP Tour = 1 31 18 3 17 21 42 7 2 30 23 20 50 29 16 46 44 34 35 36 39 40 37 38 48 24 5 15 6 4 25 12 28 27 26 47 13 14 52 11 51 33 43 10 9 8 41 19 45 32 49 22 1
Knapsack Array = 1 0 1 0 0 0 1 1 0 0 0 0 0 0 0 0 0 0 0 0 1 0 1 0 0 0 1 0 0 1 0 0 1 0 0 1 0 0 0 0 1 1 0 0 1 0 0 1 0 0 1 0 1 1 0 0 0 0 1 0 0 0 1 0 1 0 0 0 0 0 0 0 1 1 1 0 1 0 0 0 0 0 1 0 0 0 1 1 0 0 0 0 0 0 0 0 1 0 0 0 0 1 0 0 0 1 0 1 0 1 0 0 1 1 0 0 1 0 0 1 0 0 0 0 1 1 0 0 0 0 0 0 0 0 0 0 0 0 0 0 0 0 0 0 0 0 0 0 0 0 0 0 0 
Picked Items (item,city) = (1 , 2) (3 , 4) (7 , 8) (8 , 9) (21 , 22) (23 , 24) (27 , 28) (30 , 31) (33 , 34) (36 , 37) (41 , 42) (42 , 43) (45 , 46) (48 , 49) (51 , 52) (53 , 3) (54 , 4) (59 , 9) (63 , 13) (65 , 15) (73 , 23) (74 , 24) (75 , 25) (77 , 27) (83 , 33) (87 , 37) (88 , 38) (97 , 47) (102 , 52) (106 , 5) (108 , 7) (110 , 9) (113 , 12) (114 , 13) (117 , 16) (120 , 19) (125 , 24) (126 , 25) 

Travel Time: 10720.467228889898252; Profit: 23955; TSP Distance : 7616.2462000000014086; Weight: 8667 / 13920; 0000000
TSP Tour = 1 31 18 3 17 21 42 7 2 30 23 20 50 29 16 46 44 34 35 36 39 40 37 38 48 24 5 15 6 4 25 12 28 27 26 47 13 14 52 11 51 33 43 10 9 8 41 19 45 32 49 22 1
Knapsack Array = 0 0 0 0 0 0 1 1 0 0 0 0 0 0 0 0 0 0 0 0 1 0 1 0 0 0 1 0 0 1 0 0 1 0 0 1 0 0 0 0 1 1 0 0 1 0 0 1 0 0 1 0 1 1 0 0 0 0 1 0 0 0 1 0 1 0 0 0 0 0 0 0 1 1 1 0 1 0 0 0 0 0 1 0 0 0 1 1 0 0 0 0 0 0 0 0 1 0 0 0 0 1 0 0 0 1 0 1 0 1 0 0 1 1 0 0 1 0 0 1 0 0 0 0 1 1 0 0 0 0 0 0 0 0 0 0 0 0 0 0 0 0 0 0 0 0 0 0 0 0 0 0 0 
Picked Items (item,city) = (7 , 8) (8 , 9) (21 , 22) (23 , 24) (27 , 28) (30 , 31) (33 , 34) (36 , 37) (41 , 42) (42 , 43) (45 , 46) (48 , 49) (51 , 52) (53 , 3) (54 , 4) (59 , 9) (63 , 13) (65 , 15) (73 , 23) (74 , 24) (75 , 25) (77 , 27) (83 , 33) (87 , 37) (88 , 38) (97 , 47) (102 , 52) (106 , 5) (108 , 7) (110 , 9) (113 , 12) (114 , 13) (117 , 16) (120 , 19) (125 , 24) (126 , 25) 

Travel Time: 10775.18850835903504; Profit: 24526; TSP Distance : 7616.2462000000014086; Weight: 8679 / 13920; 0000000
TSP Tour = 1 31 18 3 17 21 42 7 2 30 23 20 50 29 16 46 44 34 35 36 39 40 37 38 48 24 5 15 6 4 25 12 28 27 26 47 13 14 52 11 51 33 43 10 9 8 41 19 45 32 49 22 1
Knapsack Array = 1 0 1 0 0 0 1 1 0 0 0 0 0 0 0 0 0 0 0 0 1 0 1 0 0 0 1 0 0 1 0 0 1 0 0 1 0 0 0 0 1 1 0 0 1 0 0 1 0 0 1 0 1 1 0 0 0 0 1 0 0 0 1 0 1 0 0 0 0 0 0 0 1 1 1 0 1 0 0 0 0 0 1 0 0 0 1 1 0 0 0 0 0 0 0 0 0 0 0 0 0 1 0 0 0 1 0 1 0 1 0 0 1 1 0 0 1 0 0 1 0 0 0 0 1 1 0 0 0 0 0 0 0 0 0 0 0 0 0 0 0 0 0 0 0 0 0 0 0 0 0 0 0 
Picked Items (item,city) = (1 , 2) (3 , 4) (7 , 8) (8 , 9) (21 , 22) (23 , 24) (27 , 28) (30 , 31) (33 , 34) (36 , 37) (41 , 42) (42 , 43) (45 , 46) (48 , 49) (51 , 52) (53 , 3) (54 , 4) (59 , 9) (63 , 13) (65 , 15) (73 , 23) (74 , 24) (75 , 25) (77 , 27) (83 , 33) (87 , 37) (88 , 38) (102 , 52) (106 , 5) (108 , 7) (110 , 9) (113 , 12) (114 , 13) (117 , 16) (120 , 19) (125 , 24) (126 , 25) 

Travel Time: 8240.2916645862133009; Profit: 9036; TSP Distance : 7616.5422000000016851; Weight: 3349 / 13920; 0000000
TSP Tour = 1 31 18 3 17 21 42 7 2 30 23 20 50 29 16 46 44 34 35 36 39 40 37 38 48 24 5 15 6 4 25 12 28 27 26 47 14 13 52 11 51 33 43 10 9 8 41 19 45 32 49 22 1
Knapsack Array = 1 0 1 0 0 0 1 1 0 1 0 1 0 0 0 0 0 1 0 0 1 0 1 0 0 0 1 0 0 0 0 0 0 0 0 0 0 0 0 0 0 0 0 0 0 0 0 0 0 0 0 0 0 0 0 0 0 0 0 0 0 0 0 0 0 0 0 0 0 0 0 0 0 0 0 0 0 0 0 0 0 0 1 0 0 0 1 1 0 0 0 0 0 0 0 0 0 0 0 0 0 0 0 0 0 0 0 0 0 0 0 0 0 0 0 0 0 0 0 0 0 0 0 0 0 0 0 0 0 0 0 0 0 0 0 0 0 0 0 0 0 0 0 0 0 0 0 0 0 0 0 0 0 
Picked Items (item,city) = (1 , 2) (3 , 4) (7 , 8) (8 , 9) (10 , 11) (12 , 13) (18 , 19) (21 , 22) (23 , 24) (27 , 28) (83 , 33) (87 , 37) (88 , 38) 


Pareto (Travel Time; Profit; IsValid)

7544.3659000000006927 ; 0; 0000000
7759.3380959270662061 ; 4539; 0000000
7621.7383655426856421 ; 2416; 0000000
7886.5254090805892702 ; 6575; 0000000
7553.3008603845482867 ; 958; 0000000
9040.5946299376319075 ; 15469; 0000000
7962.2760245259587464 ; 7331; 0000000
9479.8548339647695684 ; 16825; 0000000
7545.8230065973866658 ; 702; 0000000
12856.055727484919771 ; 27460; 0000000
10011.276422497599924 ; 21350; 0000000
8450.0633212554657803 ; 11520; 0000000
8519.9202165948336187 ; 12897; 0000000
7608.6628962383529142 ; 1652; 0000000
8845.3091683115890191 ; 13064; 0000000
8853.5239188884970645 ; 13128; 0000000
13110.226574700611309 ; 28151; 0000000
8405.9974258167731023 ; 9483; 0000000
9179.8215450942607276 ; 16440; 0000000
9211.8192035161500826 ; 16801; 0000000
7708.2534956443605552 ; 3501; 0000000
9065.769062172897975 ; 15475; 0000000
11019.341645063299438 ; 25071; 0000000
10720.467228889898252 ; 23955; 0000000
10775.18850835903504 ; 24526; 0000000
8240.2916645862133009 ; 9036; 0000000
