Travel Time: 7544.3659000000006927; Profit: 0; TSP Distance : 7544.3659000000006927; Weight: 0 / 2245; 0000000
TSP Tour = 1 22 31 18 3 17 21 42 7 2 30 23 20 50 29 16 46 44 34 35 36 39 40 37 38 48 24 5 15 6 4 25 12 28 27 26 47 13 14 52 11 51 33 43 10 9 8 41 19 45 32 49 1
Knapsack Array = 0 0 0 0 0 0 0 0 0 0 0 0 0 0 0 0 0 0 0 0 0 0 0 0 0 0 0 0 0 0 0 0 0 0 0 0 0 0 0 0 0 0 0 0 0 0 0 0 0 0 0 
Picked Items (item,city) = 

Travel Time: 7569.8881931528658242; Profit: 730; TSP Distance : 7544.3659000000006927; Weight: 122 / 2245; 0000000
TSP Tour = 1 22 31 18 3 17 21 42 7 2 30 23 20 50 29 16 46 44 34 35 36 39 40 37 38 48 24 5 15 6 4 25 12 28 27 26 47 13 14 52 11 51 33 43 10 9 8 41 19 45 32 49 1
Knapsack Array = 0 0 0 0 0 0 1 0 0 0 0 0 0 0 0 0 0 0 0 0 0 0 0 0 0 0 0 0 0 0 0 0 0 0 0 0 0 0 0 0 0 0 0 0 0 0 0 0 0 0 0 
Picked Items (item,city) = (7 , 8) 

Travel Time: 7550.9020383120723636; Profit: 427; TSP Distance : 7544.3659000000006927; Weight: 47 / 2245; 0000000
TSP Tour = 1 22 31 18 3 17 21 42 7 2 30 23 20 50 29 16 46 44 34 35 36 39 40 37 38 48 24 5 15 6 4 25 12 28 27 26 47 13 14 52 11 51 33 43 10 9 8 41 19 45 32 49 1
Knapsack Array = 0 0 0 0 0 0 0 0 0 0 0 0 0 0 0 0 0 1 0 0 0 0 0 0 0 0 0 0 0 0 0 0 0 0 0 0 0 0 0 0 0 0 0 0 0 0 0 0 0 0 0 
Picked Items (item,city) = (18 , 19) 

Travel Time: 7572.4348838434752906; Profit: 849; TSP Distance : 7544.3659000000006927; Weight: 123 / 2245; 0000000
TSP Tour = 1 22 31 18 3 17 21 42 7 2 30 23 20 50 29 16 46 44 34 35 36 39 40 37 38 48 24 5 15 6 4 25 12 28 27 26 47 13 14 52 11 51 33 43 10 9 8 41 19 45 32 49 1
Knapsack Array = 1 0 0 0 0 0 1 0 0 0 0 0 0 0 0 0 0 0 0 0 0 0 0 0 0 0 0 0 0 0 0 0 0 0 0 0 0 0 0 0 0 0 0 0 0 0 0 0 0 0 0 
Picked Items (item,city) = (1 , 2) (7 , 8) 

Travel Time: 7544.8658920903726539; Profit: 119; TSP Distance : 7544.3659000000016022; Weight: 1 / 2245; 0000000
TSP Tour = 1 49 32 45 19 41 8 9 10 43 33 51 11 52 14 13 47 26 27 28 12 25 4 6 15 5 24 48 38 37 40 39 36 35 34 44 46 16 29 50 20 23 30 2 7 42 21 17 3 18 31 22 1
Knapsack Array = 1 0 0 0 0 0 0 0 0 0 0 0 0 0 0 0 0 0 0 0 0 0 0 0 0 0 0 0 0 0 0 0 0 0 0 0 0 0 0 0 0 0 0 0 0 0 0 0 0 0 0 
Picked Items (item,city) = (1 , 2) 

Travel Time: 7669.2108978830092383; Profit: 957; TSP Distance : 7544.3659000000016022; Weight: 101 / 2245; 0000000
TSP Tour = 1 49 32 45 19 41 8 9 10 43 33 51 11 52 14 13 47 26 27 28 12 25 4 6 15 5 24 48 38 37 40 39 36 35 34 44 46 16 29 50 20 23 30 2 7 42 21 17 3 18 31 22 1
Knapsack Array = 1 0 0 0 0 0 0 0 0 0 0 0 0 0 0 0 0 0 0 0 0 0 1 0 0 0 0 0 0 0 0 0 0 0 0 0 0 0 0 0 0 0 0 0 0 0 0 0 0 0 0 
Picked Items (item,city) = (1 , 2) (23 , 24) 

Travel Time: 10552.260899270957452; Profit: 6661; TSP Distance : 7544.3659000000016022; Weight: 1723 / 2245; 0000000
TSP Tour = 1 49 32 45 19 41 8 9 10 43 33 51 11 52 14 13 47 26 27 28 12 25 4 6 15 5 24 48 38 37 40 39 36 35 34 44 46 16 29 50 20 23 30 2 7 42 21 17 3 18 31 22 1
Knapsack Array = 0 0 0 0 0 0 0 0 0 0 0 1 0 0 1 0 1 1 0 0 1 0 1 0 0 0 0 0 1 0 0 0 1 0 0 1 0 0 0 0 0 0 0 0 0 0 0 0 0 0 1 
Picked Items (item,city) = (12 , 13) (15 , 16) (17 , 18) (18 , 19) (21 , 22) (23 , 24) (29 , 30) (33 , 34) (36 , 37) (51 , 52) 

Travel Time: 7754.6034562273234769; Profit: 1809; TSP Distance : 7544.3659000000016022; Weight: 383 / 2245; 0000000
TSP Tour = 1 49 32 45 19 41 8 9 10 43 33 51 11 52 14 13 47 26 27 28 12 25 4 6 15 5 24 48 38 37 40 39 36 35 34 44 46 16 29 50 20 23 30 2 7 42 21 17 3 18 31 22 1
Knapsack Array = 0 0 0 0 0 0 0 0 0 0 0 0 0 0 0 0 1 1 0 0 0 0 0 0 0 0 0 0 0 0 0 0 0 0 0 1 0 0 0 0 0 0 0 0 0 0 0 0 0 0 0 
Picked Items (item,city) = (17 , 18) (18 , 19) (36 , 37) 

Travel Time: 7755.1667975321042832; Profit: 1928; TSP Distance : 7544.3659000000016022; Weight: 384 / 2245; 0000000
TSP Tour = 1 49 32 45 19 41 8 9 10 43 33 51 11 52 14 13 47 26 27 28 12 25 4 6 15 5 24 48 38 37 40 39 36 35 34 44 46 16 29 50 20 23 30 2 7 42 21 17 3 18 31 22 1
Knapsack Array = 1 0 0 0 0 0 0 0 0 0 0 0 0 0 0 0 1 1 0 0 0 0 0 0 0 0 0 0 0 0 0 0 0 0 0 1 0 0 0 0 0 0 0 0 0 0 0 0 0 0 0 
Picked Items (item,city) = (1 , 2) (17 , 18) (18 , 19) (36 , 37) 

Travel Time: 7854.1363420301595397; Profit: 2206; TSP Distance : 7544.3659000000016022; Weight: 722 / 2245; 0000000
TSP Tour = 1 49 32 45 19 41 8 9 10 43 33 51 11 52 14 13 47 26 27 28 12 25 4 6 15 5 24 48 38 37 40 39 36 35 34 44 46 16 29 50 20 23 30 2 7 42 21 17 3 18 31 22 1
Knapsack Array = 0 0 0 0 0 0 0 0 0 0 0 0 0 0 1 0 1 1 0 0 1 0 0 0 0 0 0 0 0 0 0 0 0 0 0 0 0 0 0 0 0 0 0 0 0 0 0 0 0 0 0 
Picked Items (item,city) = (15 , 16) (17 , 18) (18 , 19) (21 , 22) 

Travel Time: 9044.6272460520303866; Profit: 5432; TSP Distance : 7544.3659000000016022; Weight: 1316 / 2245; 0000000
TSP Tour = 1 49 32 45 19 41 8 9 10 43 33 51 11 52 14 13 47 26 27 28 12 25 4 6 15 5 24 48 38 37 40 39 36 35 34 44 46 16 29 50 20 23 30 2 7 42 21 17 3 18 31 22 1
Knapsack Array = 0 0 0 0 0 0 1 0 0 0 0 0 0 0 1 0 1 1 0 0 1 0 1 0 0 0 0 0 1 0 0 0 1 0 0 1 0 0 0 0 0 0 0 0 0 0 0 0 0 0 0 
Picked Items (item,city) = (7 , 8) (15 , 16) (17 , 18) (18 , 19) (21 , 22) (23 , 24) (29 , 30) (33 , 34) (36 , 37) 

Travel Time: 12378.606099735514363; Profit: 7537; TSP Distance : 9495.4615000000012515; Weight: 1888 / 2245; 0000000
TSP Tour = 1 44 46 16 29 50 20 23 30 2 7 42 21 17 3 32 12 28 27 47 26 13 14 52 11 51 33 5 6 25 43 10 9 8 41 19 45 49 22 31 18 4 15 24 48 38 37 40 39 36 35 34 1
Knapsack Array = 1 0 1 0 0 0 1 0 0 0 0 0 0 0 1 0 1 1 0 0 1 0 1 0 0 0 0 0 1 0 0 0 1 0 0 1 0 0 0 0 0 0 0 0 0 0 0 0 0 0 1 
Picked Items (item,city) = (1 , 2) (3 , 4) (7 , 8) (15 , 16) (17 , 18) (18 , 19) (21 , 22) (23 , 24) (29 , 30) (33 , 34) (36 , 37) (51 , 52) 

Travel Time: 11725.906238331492204; Profit: 7438; TSP Distance : 9495.4615000000012515; Weight: 1787 / 2245; 0000000
TSP Tour = 1 44 46 16 29 50 20 23 30 2 7 42 21 17 3 32 12 28 27 47 26 13 14 52 11 51 33 5 6 25 43 10 9 8 41 19 45 49 22 31 18 4 15 24 48 38 37 40 39 36 35 34 1
Knapsack Array = 1 0 1 0 0 0 1 0 0 0 0 0 0 0 1 0 1 1 0 0 1 0 1 0 0 0 0 0 0 0 0 0 1 0 0 1 0 0 0 0 0 0 0 0 0 0 0 0 0 0 1 
Picked Items (item,city) = (1 , 2) (3 , 4) (7 , 8) (15 , 16) (17 , 18) (18 , 19) (21 , 22) (23 , 24) (33 , 34) (36 , 37) (51 , 52) 

Travel Time: 13763.246513262469307; Profit: 8408; TSP Distance : 9495.4615000000012515; Weight: 2112 / 2245; 0000000
TSP Tour = 1 44 46 16 29 50 20 23 30 2 7 42 21 17 3 32 12 28 27 47 26 13 14 52 11 51 33 5 6 25 43 10 9 8 41 19 45 49 22 31 18 4 15 24 48 38 37 40 39 36 35 34 1
Knapsack Array = 1 0 1 0 0 0 1 0 0 0 0 1 0 0 1 0 1 1 0 0 1 0 1 0 0 0 0 0 0 0 0 0 1 0 0 1 0 0 0 0 0 0 0 0 0 0 0 0 0 0 1 
Picked Items (item,city) = (1 , 2) (3 , 4) (7 , 8) (12 , 13) (15 , 16) (17 , 18) (18 , 19) (21 , 22) (23 , 24) (33 , 34) (36 , 37) (51 , 52) 

Travel Time: 8021.0498271061323976; Profit: 4005; TSP Distance : 7544.3659000000016022; Weight: 1112 / 2245; 0000000
TSP Tour = 1 49 32 45 19 41 8 9 10 43 33 51 11 52 14 13 47 26 27 28 12 25 4 6 15 5 24 48 38 37 40 39 36 35 34 44 46 16 29 50 20 23 30 2 7 42 21 17 3 18 31 22 1
Knapsack Array = 0 0 0 0 0 0 0 0 0 0 0 0 0 0 0 0 1 1 0 0 1 0 1 0 0 0 0 0 1 1 0 0 0 0 0 1 0 0 0 0 0 0 0 0 0 0 0 0 0 0 0 
Picked Items (item,city) = (17 , 18) (18 , 19) (21 , 22) (23 , 24) (29 , 30) (30 , 31) (36 , 37) 

Travel Time: 7672.7831966289586489; Profit: 1292; TSP Distance : 7544.3659000000016022; Weight: 413 / 2245; 0000000
TSP Tour = 1 49 32 45 19 41 8 9 10 43 33 51 11 52 14 13 47 26 27 28 12 25 4 6 15 5 24 48 38 37 40 39 36 35 34 44 46 16 29 50 20 23 30 2 7 42 21 17 3 18 31 22 1
Knapsack Array = 0 0 0 0 0 0 0 0 0 0 0 0 0 0 0 0 0 0 0 0 0 0 0 0 0 0 0 0 1 1 0 0 0 0 0 1 0 0 0 0 0 0 0 0 0 0 0 0 0 0 0 
Picked Items (item,city) = (29 , 30) (30 , 31) (36 , 37) 

Travel Time: 11076.588847543607699; Profit: 7152; TSP Distance : 7544.3659000000016022; Weight: 2050 / 2245; 0000000
TSP Tour = 1 49 32 45 19 41 8 9 10 43 33 51 11 52 14 13 47 26 27 28 12 25 4 6 15 5 24 48 38 37 40 39 36 35 34 44 46 16 29 50 20 23 30 2 7 42 21 17 3 18 31 22 1
Knapsack Array = 1 0 1 0 0 0 1 0 0 0 0 1 0 0 1 0 1 1 0 0 1 0 1 0 0 0 0 0 1 1 0 0 0 0 0 1 0 0 0 0 0 0 0 0 0 0 0 0 0 0 0 
Picked Items (item,city) = (1 , 2) (3 , 4) (7 , 8) (12 , 13) (15 , 16) (17 , 18) (18 , 19) (21 , 22) (23 , 24) (29 , 30) (30 , 31) (36 , 37) 

Travel Time: 12118.819205902153044; Profit: 7518; TSP Distance : 7544.3659000000016022; Weight: 2009 / 2245; 0000000
TSP Tour = 1 49 32 45 19 41 8 9 10 43 33 51 11 52 14 13 47 26 27 28 12 25 4 6 15 5 24 48 38 37 40 39 36 35 34 44 46 16 29 50 20 23 30 2 7 42 21 17 3 18 31 22 1
Knapsack Array = 1 0 1 0 0 0 1 0 0 0 0 1 0 0 1 0 1 1 0 0 1 0 1 0 0 0 0 0 1 0 0 0 1 0 0 1 0 0 0 0 0 0 0 0 0 0 0 0 0 0 0 
Picked Items (item,city) = (1 , 2) (3 , 4) (7 , 8) (12 , 13) (15 , 16) (17 , 18) (18 , 19) (21 , 22) (23 , 24) (29 , 30) (33 , 34) (36 , 37) 

Travel Time: 8184.851548097716659; Profit: 4336; TSP Distance : 7544.3659000000016022; Weight: 1235 / 2245; 0000000
TSP Tour = 1 49 32 45 19 41 8 9 10 43 33 51 11 52 14 13 47 26 27 28 12 25 4 6 15 5 24 48 38 37 40 39 36 35 34 44 46 16 29 50 20 23 30 2 7 42 21 17 3 18 31 22 1
Knapsack Array = 0 0 0 0 0 0 0 0 0 0 0 0 0 0 1 0 1 1 0 0 1 0 1 0 0 0 0 0 1 1 0 0 0 0 0 1 0 0 0 0 0 0 0 0 0 0 0 0 0 0 0 
Picked Items (item,city) = (15 , 16) (17 , 18) (18 , 19) (21 , 22) (23 , 24) (29 , 30) (30 , 31) (36 , 37) 

Travel Time: 9549.6240786329744878; Profit: 6449; TSP Distance : 8340.2865000000001601; Weight: 1583 / 2245; 0000000
TSP Tour = 1 31 3 17 21 42 7 2 30 23 20 50 29 16 46 12 28 27 26 47 13 14 52 11 51 33 43 10 9 8 41 19 45 32 49 44 34 35 36 39 40 38 48 24 5 15 6 4 25 37 22 18 1
Knapsack Array = 1 0 1 0 0 0 1 0 0 0 0 0 0 0 1 0 1 1 0 0 1 0 1 0 0 0 0 0 0 0 0 0 1 0 0 1 0 0 0 0 0 0 0 0 0 0 0 0 0 0 0 
Picked Items (item,city) = (1 , 2) (3 , 4) (7 , 8) (15 , 16) (17 , 18) (18 , 19) (21 , 22) (23 , 24) (33 , 34) (36 , 37) 

Travel Time: 8962.0442492310648959; Profit: 5360; TSP Distance : 7544.3659000000016022; Weight: 1275 / 2245; 0000000
TSP Tour = 1 49 32 45 19 41 8 9 10 43 33 51 11 52 14 13 47 26 27 28 12 25 4 6 15 5 24 48 38 37 40 39 36 35 34 44 46 16 29 50 20 23 30 2 7 42 21 17 3 18 31 22 1
Knapsack Array = 0 0 0 0 0 0 0 0 0 0 0 0 0 0 0 0 1 1 0 0 1 0 1 0 0 0 0 0 1 0 0 0 1 0 0 1 0 0 0 0 0 0 0 0 0 0 0 0 0 0 1 
Picked Items (item,city) = (17 , 18) (18 , 19) (21 , 22) (23 , 24) (29 , 30) (33 , 34) (36 , 37) (51 , 52) 

Travel Time: 8433.9288332609794452; Profit: 4722; TSP Distance : 7544.3659000000016022; Weight: 1094 / 2245; 0000000
TSP Tour = 1 49 32 45 19 41 8 9 10 43 33 51 11 52 14 13 47 26 27 28 12 25 4 6 15 5 24 48 38 37 40 39 36 35 34 44 46 16 29 50 20 23 30 2 7 42 21 17 3 18 31 22 1
Knapsack Array = 1 0 0 0 0 0 0 0 0 0 0 0 0 0 1 0 1 1 0 0 1 0 1 0 0 0 0 0 0 0 0 0 1 0 0 1 0 0 0 0 0 0 0 0 0 0 0 0 0 0 0 
Picked Items (item,city) = (1 , 2) (15 , 16) (17 , 18) (18 , 19) (21 , 22) (23 , 24) (33 , 34) (36 , 37) 

Travel Time: 7818.2655762673693971; Profit: 2034; TSP Distance : 7544.3659000000016022; Weight: 395 / 2245; 0000000
TSP Tour = 1 49 32 45 19 41 8 9 10 43 33 51 11 52 14 13 47 26 27 28 12 25 4 6 15 5 24 48 38 37 40 39 36 35 34 44 46 16 29 50 20 23 30 2 7 42 21 17 3 18 31 22 1
Knapsack Array = 1 0 0 0 0 0 0 0 0 0 0 0 0 0 0 0 0 1 0 0 1 0 1 0 0 0 0 0 0 0 0 0 0 0 0 0 0 0 0 0 0 0 0 0 0 0 0 0 0 0 0 
Picked Items (item,city) = (1 , 2) (18 , 19) (21 , 22) (23 , 24) 

Travel Time: 7999.2735142710907894; Profit: 3044; TSP Distance : 7544.3659000000016022; Weight: 822 / 2245; 0000000
TSP Tour = 1 49 32 45 19 41 8 9 10 43 33 51 11 52 14 13 47 26 27 28 12 25 4 6 15 5 24 48 38 37 40 39 36 35 34 44 46 16 29 50 20 23 30 2 7 42 21 17 3 18 31 22 1
Knapsack Array = 0 0 0 0 0 0 0 0 0 0 0 0 0 0 1 0 1 1 0 0 1 0 1 0 0 0 0 0 0 0 0 0 0 0 0 0 0 0 0 0 0 0 0 0 0 0 0 0 0 0 0 
Picked Items (item,city) = (15 , 16) (17 , 18) (18 , 19) (21 , 22) (23 , 24) 

Travel Time: 8355.05496433107146; Profit: 4371; TSP Distance : 7544.3659000000016022; Weight: 1071 / 2245; 0000000
TSP Tour = 1 49 32 45 19 41 8 9 10 43 33 51 11 52 14 13 47 26 27 28 12 25 4 6 15 5 24 48 38 37 40 39 36 35 34 44 46 16 29 50 20 23 30 2 7 42 21 17 3 18 31 22 1
Knapsack Array = 0 0 0 0 0 0 0 0 0 0 0 0 0 0 0 0 1 1 0 0 1 0 1 0 0 0 0 0 1 0 0 0 1 0 0 1 0 0 0 0 0 0 0 0 0 0 0 0 0 0 0 
Picked Items (item,city) = (17 , 18) (18 , 19) (21 , 22) (23 , 24) (29 , 30) (33 , 34) (36 , 37) 

Travel Time: 7674.1918762341420006; Profit: 1488; TSP Distance : 7544.3659000000016022; Weight: 347 / 2245; 0000000
TSP Tour = 1 49 32 45 19 41 8 9 10 43 33 51 11 52 14 13 47 26 27 28 12 25 4 6 15 5 24 48 38 37 40 39 36 35 34 44 46 16 29 50 20 23 30 2 7 42 21 17 3 18 31 22 1
Knapsack Array = 0 0 0 0 0 0 0 0 0 0 0 0 0 0 0 0 0 0 0 0 1 0 1 0 0 0 0 0 0 0 0 0 0 0 0 0 0 0 0 0 0 0 0 0 0 0 0 0 0 0 0 
Picked Items (item,city) = (21 , 22) (23 , 24) 

Travel Time: 9059.1333570016595331; Profit: 5592; TSP Distance : 7544.3659000000016022; Weight: 1297 / 2245; 0000000
TSP Tour = 1 49 32 45 19 41 8 9 10 43 33 51 11 52 14 13 47 26 27 28 12 25 4 6 15 5 24 48 38 37 40 39 36 35 34 44 46 16 29 50 20 23 30 2 7 42 21 17 3 18 31 22 1
Knapsack Array = 0 0 0 0 0 0 0 0 0 0 0 0 0 0 1 0 1 1 0 0 1 0 1 0 0 0 0 0 0 0 0 0 1 0 0 1 0 0 0 0 0 0 0 0 0 0 0 0 0 0 1 
Picked Items (item,city) = (15 , 16) (17 , 18) (18 , 19) (21 , 22) (23 , 24) (33 , 34) (36 , 37) (51 , 52) 

Travel Time: 9045.7837313912186801; Profit: 5551; TSP Distance : 7544.3659000000016022; Weight: 1317 / 2245; 0000000
TSP Tour = 1 49 32 45 19 41 8 9 10 43 33 51 11 52 14 13 47 26 27 28 12 25 4 6 15 5 24 48 38 37 40 39 36 35 34 44 46 16 29 50 20 23 30 2 7 42 21 17 3 18 31 22 1
Knapsack Array = 1 0 0 0 0 0 1 0 0 0 0 0 0 0 1 0 1 1 0 0 1 0 1 0 0 0 0 0 1 0 0 0 1 0 0 1 0 0 0 0 0 0 0 0 0 0 0 0 0 0 0 
Picked Items (item,city) = (1 , 2) (7 , 8) (15 , 16) (17 , 18) (18 , 19) (21 , 22) (23 , 24) (29 , 30) (33 , 34) (36 , 37) 

Travel Time: 7856.8879779406806847; Profit: 2832; TSP Distance : 7544.3659000000016022; Weight: 700 / 2245; 0000000
TSP Tour = 1 49 32 45 19 41 8 9 10 43 33 51 11 52 14 13 47 26 27 28 12 25 4 6 15 5 24 48 38 37 40 39 36 35 34 44 46 16 29 50 20 23 30 2 7 42 21 17 3 18 31 22 1
Knapsack Array = 1 0 0 0 0 0 0 0 0 0 0 0 0 0 0 0 1 1 0 0 1 0 1 0 0 0 0 0 0 0 0 0 0 0 0 0 0 0 0 0 0 0 0 0 0 0 0 0 0 0 0 
Picked Items (item,city) = (1 , 2) (17 , 18) (18 , 19) (21 , 22) (23 , 24) 

Travel Time: 9337.2246703206201346; Profit: 5691; TSP Distance : 7685.0129000000006272; Weight: 1398 / 2245; 0000000
TSP Tour = 1 49 32 45 19 41 8 9 10 43 33 51 11 52 14 13 47 26 27 28 12 25 46 4 6 15 5 24 48 38 37 40 39 36 35 34 44 16 29 50 20 23 30 2 7 42 21 17 3 18 31 22 1
Knapsack Array = 0 0 0 0 0 0 0 0 0 0 0 0 0 0 1 0 1 1 0 0 1 0 1 0 0 0 0 0 1 0 0 0 1 0 0 1 0 0 0 0 0 0 0 0 0 0 0 0 0 0 1 
Picked Items (item,city) = (15 , 16) (17 , 18) (18 , 19) (21 , 22) (23 , 24) (29 , 30) (33 , 34) (36 , 37) (51 , 52) 


Pareto (Travel Time; Profit; IsValid)

7544.3659000000006927 ; 0; 0000000
7569.8881931528658242 ; 730; 0000000
7550.9020383120723636 ; 427; 0000000
7572.4348838434752906 ; 849; 0000000
7544.8658920903726539 ; 119; 0000000
7669.2108978830092383 ; 957; 0000000
10552.260899270957452 ; 6661; 0000000
7754.6034562273234769 ; 1809; 0000000
7755.1667975321042832 ; 1928; 0000000
7854.1363420301595397 ; 2206; 0000000
9044.6272460520303866 ; 5432; 0000000
12378.606099735514363 ; 7537; 0000000
11725.906238331492204 ; 7438; 0000000
13763.246513262469307 ; 8408; 0000000
8021.0498271061323976 ; 4005; 0000000
7672.7831966289586489 ; 1292; 0000000
11076.588847543607699 ; 7152; 0000000
12118.819205902153044 ; 7518; 0000000
8184.851548097716659 ; 4336; 0000000
9549.6240786329744878 ; 6449; 0000000
8962.0442492310648959 ; 5360; 0000000
8433.9288332609794452 ; 4722; 0000000
7818.2655762673693971 ; 2034; 0000000
7999.2735142710907894 ; 3044; 0000000
8355.05496433107146 ; 4371; 0000000
7674.1918762341420006 ; 1488; 0000000
9059.1333570016595331 ; 5592; 0000000
9045.7837313912186801 ; 5551; 0000000
7856.8879779406806847 ; 2832; 0000000
9337.2246703206201346 ; 5691; 0000000
