Travel Time: 10740.979078984693842; Profit: 80857; TSP Distance : 7544.3659000000016022; Weight: 28554 / 45742; 0000000
TSP Tour = 1 49 32 45 19 41 8 9 10 43 33 51 11 52 14 13 47 26 27 28 12 25 4 6 15 5 24 48 38 37 40 39 36 35 34 44 46 16 29 50 20 23 30 2 7 42 21 17 3 18 31 22 1
Knapsack Array = 1 0 1 0 0 0 1 1 0 0 0 1 0 0 1 0 1 1 0 0 1 0 1 0 0 0 1 0 0 1 0 0 1 0 0 1 0 0 0 0 1 1 0 0 1 0 0 1 0 0 1 0 1 1 0 0 0 0 1 0 0 0 1 0 1 0 0 0 0 0 0 0 1 1 1 0 1 0 0 0 0 0 1 0 0 0 1 1 0 0 0 0 0 0 0 0 1 0 0 0 0 1 0 1 0 1 0 1 0 1 0 0 1 1 0 0 1 0 0 1 0 0 0 0 1 1 0 0 1 0 0 1 0 0 0 1 0 1 0 1 0 0 0 0 1 0 0 0 0 0 0 1 1 0 0 1 0 0 0 1 1 0 0 1 0 1 0 1 0 0 1 0 1 0 0 1 0 0 0 1 1 1 0 0 0 1 0 0 0 0 0 1 0 0 0 0 0 1 1 0 0 0 0 0 1 1 0 1 1 1 0 0 0 0 0 0 0 1 1 0 0 0 0 1 0 0 1 0 0 0 0 1 0 0 0 0 0 0 0 0 1 0 0 0 0 1 0 0 0 1 0 1 0 0 1 0 1 0 0 0 1 1 0 0 0 0 0 0 0 0 0 0 1 0 1 1 1 0 1 1 0 0 0 1 1 0 0 1 0 1 0 0 1 0 1 0 1 0 0 1 0 1 0 0 1 1 1 0 0 0 1 0 0 0 1 1 0 1 0 0 0 1 0 0 0 0 0 0 0 1 0 0 0 1 1 0 0 1 0 0 0 1 0 1 1 0 0 0 0 1 0 0 1 0 0 0 1 0 0 0 0 1 0 0 1 0 1 1 0 1 1 0 0 0 0 0 0 0 0 0 0 0 0 0 0 0 0 0 0 0 0 0 0 0 0 0 0 0 0 0 0 0 0 0 0 0 0 0 0 0 0 0 0 0 0 0 0 0 0 0 0 0 0 0 0 0 0 0 0 0 0 0 0 0 0 0 0 0 0 0 0 0 0 0 0 0 0 0 0 0 0 0 0 0 0 0 0 0 0 0 0 0 0 0 0 0 0 0 0 0 0 0 0 0 0 0 0 0 0 0 0 0 0 0 0 0 0 0 0 0 0 0 0 0 0 0 0 0 0 0 0 0 0 0 0 0 0 0 0 0 
Picked Items (item,city) = (1 , 2) (3 , 4) (7 , 8) (8 , 9) (12 , 13) (15 , 16) (17 , 18) (18 , 19) (21 , 22) (23 , 24) (27 , 28) (30 , 31) (33 , 34) (36 , 37) (41 , 42) (42 , 43) (45 , 46) (48 , 49) (51 , 52) (53 , 3) (54 , 4) (59 , 9) (63 , 13) (65 , 15) (73 , 23) (74 , 24) (75 , 25) (77 , 27) (83 , 33) (87 , 37) (88 , 38) (97 , 47) (102 , 52) (104 , 3) (106 , 5) (108 , 7) (110 , 9) (113 , 12) (114 , 13) (117 , 16) (120 , 19) (125 , 24) (126 , 25) (129 , 28) (132 , 31) (136 , 35) (138 , 37) (140 , 39) (145 , 44) (152 , 51) (153 , 52) (156 , 4) (160 , 8) (161 , 9) (164 , 12) (166 , 14) (168 , 16) (171 , 19) (173 , 21) (176 , 24) (180 , 28) (181 , 29) (182 , 30) (186 , 34) (192 , 40) (198 , 46) (199 , 47) (205 , 2) (206 , 3) (208 , 5) (209 , 6) (210 , 7) (218 , 15) (219 , 16) (224 , 21) (227 , 24) (232 , 29) (241 , 38) (246 , 43) (250 , 47) (252 , 49) (255 , 52) (257 , 3) (261 , 7) (262 , 8) (273 , 19) (275 , 21) (276 , 22) (277 , 23) (279 , 25) (280 , 26) (284 , 30) (285 , 31) (288 , 34) (290 , 36) (293 , 39) (295 , 41) (297 , 43) (300 , 46) (302 , 48) (305 , 51) (306 , 52) (307 , 2) (311 , 6) (315 , 10) (316 , 11) (318 , 13) (322 , 17) (330 , 25) (334 , 29) (335 , 30) (338 , 33) (342 , 37) (344 , 39) (345 , 40) (350 , 45) (353 , 48) (357 , 52) (362 , 6) (365 , 9) (367 , 11) (368 , 12) (370 , 14) (371 , 15) 

Travel Time: 10375.943963422321758; Profit: 77273; TSP Distance : 7544.3659000000016022; Weight: 27119 / 45742; 0000000
TSP Tour = 1 49 32 45 19 41 8 9 10 43 33 51 11 52 14 13 47 26 27 28 12 25 4 6 15 5 24 48 38 37 40 39 36 35 34 44 46 16 29 50 20 23 30 2 7 42 21 17 3 18 31 22 1
Knapsack Array = 0 0 1 0 0 0 1 1 0 0 0 1 0 0 1 0 1 1 0 0 1 0 1 0 0 0 1 0 0 1 0 0 1 0 0 1 0 0 0 0 1 1 0 0 1 0 0 1 0 0 1 0 1 1 0 0 0 0 1 0 0 0 1 0 1 0 0 0 0 0 0 0 1 1 1 0 1 0 0 0 0 0 1 0 0 0 1 1 0 0 0 0 0 0 0 0 1 0 0 0 0 1 0 1 0 1 0 1 0 0 0 0 0 0 0 0 0 0 0 0 0 0 0 0 1 1 0 0 1 0 0 1 0 0 0 1 0 1 0 1 0 0 0 0 1 0 0 0 0 0 0 1 1 0 0 1 0 0 0 1 1 0 0 1 0 1 0 1 0 0 1 0 1 0 0 1 0 0 0 1 1 1 0 0 0 1 0 0 0 0 0 1 0 0 0 0 0 1 1 0 0 0 0 0 1 1 0 1 1 1 0 0 0 0 0 0 0 1 1 0 0 0 0 1 0 0 1 0 0 0 0 1 0 0 0 0 0 0 0 0 1 0 0 0 0 1 0 0 0 1 0 1 0 0 1 0 1 0 0 0 1 1 0 0 0 0 0 0 0 0 0 0 1 0 1 1 1 0 1 1 0 0 0 1 1 0 0 1 0 1 0 0 1 0 1 0 1 0 0 1 0 1 0 0 1 1 1 0 0 0 1 0 0 0 1 1 0 1 0 0 0 1 0 0 0 0 0 0 0 1 0 0 0 1 1 0 0 1 0 0 0 1 0 1 1 0 0 0 0 1 0 0 1 0 0 0 1 0 0 0 0 1 0 0 1 0 1 1 0 1 1 0 0 0 0 0 0 0 0 0 0 0 0 0 0 0 0 0 0 0 0 0 0 0 0 0 0 0 0 0 0 0 0 0 0 0 0 0 0 0 0 0 0 0 0 0 0 0 0 0 0 0 0 0 0 0 0 0 0 0 0 0 0 0 0 0 0 0 0 0 0 0 0 0 0 0 0 0 0 0 0 0 0 0 0 0 0 0 0 0 0 0 0 0 0 0 0 0 0 0 0 0 0 0 0 0 0 0 0 0 0 0 0 0 0 0 0 0 0 0 0 0 0 0 0 0 0 0 0 0 0 0 0 0 0 0 0 0 0 0 
Picked Items (item,city) = (3 , 4) (7 , 8) (8 , 9) (12 , 13) (15 , 16) (17 , 18) (18 , 19) (21 , 22) (23 , 24) (27 , 28) (30 , 31) (33 , 34) (36 , 37) (41 , 42) (42 , 43) (45 , 46) (48 , 49) (51 , 52) (53 , 3) (54 , 4) (59 , 9) (63 , 13) (65 , 15) (73 , 23) (74 , 24) (75 , 25) (77 , 27) (83 , 33) (87 , 37) (88 , 38) (97 , 47) (102 , 52) (104 , 3) (106 , 5) (108 , 7) (125 , 24) (126 , 25) (129 , 28) (132 , 31) (136 , 35) (138 , 37) (140 , 39) (145 , 44) (152 , 51) (153 , 52) (156 , 4) (160 , 8) (161 , 9) (164 , 12) (166 , 14) (168 , 16) (171 , 19) (173 , 21) (176 , 24) (180 , 28) (181 , 29) (182 , 30) (186 , 34) (192 , 40) (198 , 46) (199 , 47) (205 , 2) (206 , 3) (208 , 5) (209 , 6) (210 , 7) (218 , 15) (219 , 16) (224 , 21) (227 , 24) (232 , 29) (241 , 38) (246 , 43) (250 , 47) (252 , 49) (255 , 52) (257 , 3) (261 , 7) (262 , 8) (273 , 19) (275 , 21) (276 , 22) (277 , 23) (279 , 25) (280 , 26) (284 , 30) (285 , 31) (288 , 34) (290 , 36) (293 , 39) (295 , 41) (297 , 43) (300 , 46) (302 , 48) (305 , 51) (306 , 52) (307 , 2) (311 , 6) (315 , 10) (316 , 11) (318 , 13) (322 , 17) (330 , 25) (334 , 29) (335 , 30) (338 , 33) (342 , 37) (344 , 39) (345 , 40) (350 , 45) (353 , 48) (357 , 52) (362 , 6) (365 , 9) (367 , 11) (368 , 12) (370 , 14) (371 , 15) 

Travel Time: 7544.3659000000006927; Profit: 0; TSP Distance : 7544.3659000000006927; Weight: 0 / 45742; 0000000
TSP Tour = 1 22 31 18 3 17 21 42 7 2 30 23 20 50 29 16 46 44 34 35 36 39 40 37 38 48 24 5 15 6 4 25 12 28 27 26 47 13 14 52 11 51 33 43 10 9 8 41 19 45 32 49 1
Knapsack Array = 0 0 0 0 0 0 0 0 0 0 0 0 0 0 0 0 0 0 0 0 0 0 0 0 0 0 0 0 0 0 0 0 0 0 0 0 0 0 0 0 0 0 0 0 0 0 0 0 0 0 0 0 0 0 0 0 0 0 0 0 0 0 0 0 0 0 0 0 0 0 0 0 0 0 0 0 0 0 0 0 0 0 0 0 0 0 0 0 0 0 0 0 0 0 0 0 0 0 0 0 0 0 0 0 0 0 0 0 0 0 0 0 0 0 0 0 0 0 0 0 0 0 0 0 0 0 0 0 0 0 0 0 0 0 0 0 0 0 0 0 0 0 0 0 0 0 0 0 0 0 0 0 0 0 0 0 0 0 0 0 0 0 0 0 0 0 0 0 0 0 0 0 0 0 0 0 0 0 0 0 0 0 0 0 0 0 0 0 0 0 0 0 0 0 0 0 0 0 0 0 0 0 0 0 0 0 0 0 0 0 0 0 0 0 0 0 0 0 0 0 0 0 0 0 0 0 0 0 0 0 0 0 0 0 0 0 0 0 0 0 0 0 0 0 0 0 0 0 0 0 0 0 0 0 0 0 0 0 0 0 0 0 0 0 0 0 0 0 0 0 0 0 0 0 0 0 0 0 0 0 0 0 0 0 0 0 0 0 0 0 0 0 0 0 0 0 0 0 0 0 0 0 0 0 0 0 0 0 0 0 0 0 0 0 0 0 0 0 0 0 0 0 0 0 0 0 0 0 0 0 0 0 0 0 0 0 0 0 0 0 0 0 0 0 0 0 0 0 0 0 0 0 0 0 0 0 0 0 0 0 0 0 0 0 0 0 0 0 0 0 0 0 0 0 0 0 0 0 0 0 0 0 0 0 0 0 0 0 0 0 0 0 0 0 0 0 0 0 0 0 0 0 0 0 0 0 0 0 0 0 0 0 0 0 0 0 0 0 0 0 0 0 0 0 0 0 0 0 0 0 0 0 0 0 0 0 0 0 0 0 0 0 0 0 0 0 0 0 0 0 0 0 0 0 0 0 0 0 0 0 0 0 0 0 0 0 0 0 0 0 0 0 0 0 0 0 0 0 0 0 0 0 0 0 0 0 0 0 0 0 0 0 0 0 0 0 0 0 0 0 0 0 0 0 0 0 0 0 0 0 
Picked Items (item,city) = 

Travel Time: 7787.2694965266164218; Profit: 15938; TSP Distance : 7544.3659000000016022; Weight: 5048 / 45742; 0000000
TSP Tour = 1 49 32 45 19 41 8 9 10 43 33 51 11 52 14 13 47 26 27 28 12 25 4 6 15 5 24 48 38 37 40 39 36 35 34 44 46 16 29 50 20 23 30 2 7 42 21 17 3 18 31 22 1
Knapsack Array = 0 0 0 0 0 0 0 0 0 0 0 0 0 0 0 0 0 0 0 0 0 0 0 0 0 0 0 0 0 0 0 0 0 0 0 0 0 0 0 0 0 0 0 0 0 0 0 0 0 0 0 0 0 0 0 0 0 0 0 0 0 0 0 0 0 0 0 0 0 0 0 0 0 0 0 0 0 0 0 0 0 0 0 0 0 0 0 0 0 0 0 0 0 0 0 0 0 0 0 0 0 0 0 0 0 0 0 0 0 0 0 0 0 0 0 0 0 0 0 0 0 0 0 0 0 0 0 0 0 0 0 0 0 0 0 0 0 0 0 0 0 0 0 0 0 0 0 0 0 0 0 0 0 0 0 0 0 0 0 0 0 0 0 0 0 0 0 0 0 0 0 0 0 0 0 0 0 0 0 0 0 0 0 0 0 0 0 0 0 0 0 0 0 0 0 0 0 0 0 0 0 0 0 0 1 1 0 1 1 1 0 0 0 0 0 0 0 1 1 0 0 0 0 1 0 0 1 0 0 0 0 1 0 0 0 0 0 0 0 0 1 0 0 0 0 1 0 0 0 1 0 1 0 0 1 0 1 0 0 0 1 1 0 0 0 0 0 0 0 0 0 0 1 0 1 1 1 0 1 1 0 0 0 1 1 0 0 0 0 0 0 0 0 0 0 0 0 0 0 0 0 0 0 0 0 0 0 0 0 0 0 0 0 0 0 0 0 0 0 0 0 0 0 0 0 0 0 0 0 0 0 0 0 0 0 0 0 0 0 0 0 0 0 0 0 0 0 0 0 0 0 0 0 0 0 0 0 0 0 0 0 0 0 0 0 0 0 0 0 0 0 0 0 0 0 0 0 0 0 0 0 0 0 0 0 0 0 0 0 0 0 0 0 0 0 0 0 0 0 0 0 0 0 0 0 0 0 0 0 0 0 0 0 0 0 0 0 0 0 0 0 0 0 0 0 0 0 0 0 0 0 0 0 0 0 0 0 0 0 0 0 0 0 0 0 0 0 0 0 0 0 0 0 0 0 0 0 0 0 0 0 0 0 0 0 0 0 0 0 0 0 0 0 0 0 0 0 0 0 0 0 0 0 0 0 0 0 0 0 0 0 0 0 0 0 0 0 0 0 0 0 0 0 0 0 0 0 0 0 0 
Picked Items (item,city) = (205 , 2) (206 , 3) (208 , 5) (209 , 6) (210 , 7) (218 , 15) (219 , 16) (224 , 21) (227 , 24) (232 , 29) (241 , 38) (246 , 43) (250 , 47) (252 , 49) (255 , 52) (257 , 3) (261 , 7) (262 , 8) (273 , 19) (275 , 21) (276 , 22) (277 , 23) (279 , 25) (280 , 26) (284 , 30) (285 , 31) 

Travel Time: 9067.1063621767170844; Profit: 54674; TSP Distance : 7544.3659000000016022; Weight: 19015 / 45742; 0000000
TSP Tour = 1 49 32 45 19 41 8 9 10 43 33 51 11 52 14 13 47 26 27 28 12 25 4 6 15 5 24 48 38 37 40 39 36 35 34 44 46 16 29 50 20 23 30 2 7 42 21 17 3 18 31 22 1
Knapsack Array = 0 0 0 0 0 0 0 0 0 0 0 0 0 0 0 0 0 0 0 0 0 0 0 0 0 0 0 0 0 0 0 0 0 0 0 0 0 0 0 0 0 0 0 0 0 0 0 0 0 0 0 0 0 0 0 0 0 0 0 0 0 0 1 0 1 0 0 0 0 0 0 0 1 1 1 0 1 0 0 0 0 0 1 0 0 0 1 1 0 0 0 0 0 0 0 0 1 0 0 0 0 1 0 1 0 1 0 1 0 1 0 0 1 1 0 0 1 0 0 1 0 0 0 0 1 1 0 0 1 0 0 1 0 0 0 1 0 1 0 1 0 0 0 0 1 0 0 0 0 0 0 1 1 0 0 1 0 0 0 1 1 0 0 1 0 1 0 1 0 0 1 0 1 0 0 1 0 0 0 1 1 1 0 0 0 1 0 0 0 0 0 1 0 0 0 0 0 1 1 0 0 0 0 0 1 1 0 1 1 1 0 0 0 0 0 0 0 1 1 0 0 0 0 1 0 0 1 0 0 0 0 1 0 0 0 0 0 0 0 0 1 0 0 0 0 1 0 0 0 1 0 1 0 0 1 0 1 0 0 0 1 1 0 0 0 0 0 0 0 0 0 0 1 0 1 1 1 0 1 1 0 0 0 1 1 0 0 0 0 0 0 0 0 0 0 0 0 0 0 0 0 0 0 0 0 0 0 0 0 0 0 0 0 0 0 0 0 0 0 0 0 0 0 0 0 0 0 0 0 0 0 0 0 0 0 0 0 0 0 0 0 0 0 0 0 0 0 0 0 0 0 0 0 0 0 0 0 0 0 0 0 0 0 0 0 0 0 0 0 0 0 0 0 0 0 0 0 0 0 0 0 0 0 0 0 0 0 0 0 0 0 0 0 0 0 0 0 0 0 0 0 0 0 0 0 0 0 0 0 0 0 0 0 0 0 0 0 0 0 0 0 0 0 0 0 0 0 0 0 0 0 0 0 0 0 0 0 0 0 0 0 0 0 0 0 0 0 0 0 0 0 0 0 0 0 0 0 0 0 0 1 0 1 1 0 1 0 0 1 0 0 1 0 1 1 0 0 1 1 0 0 0 0 0 0 1 0 1 1 0 1 1 0 0 1 0 1 1 0 0 0 0 0 0 0 0 0 1 0 0 
Picked Items (item,city) = (63 , 13) (65 , 15) (73 , 23) (74 , 24) (75 , 25) (77 , 27) (83 , 33) (87 , 37) (88 , 38) (97 , 47) (102 , 52) (104 , 3) (106 , 5) (108 , 7) (110 , 9) (113 , 12) (114 , 13) (117 , 16) (120 , 19) (125 , 24) (126 , 25) (129 , 28) (132 , 31) (136 , 35) (138 , 37) (140 , 39) (145 , 44) (152 , 51) (153 , 52) (156 , 4) (160 , 8) (161 , 9) (164 , 12) (166 , 14) (168 , 16) (171 , 19) (173 , 21) (176 , 24) (180 , 28) (181 , 29) (182 , 30) (186 , 34) (192 , 40) (198 , 46) (199 , 47) (205 , 2) (206 , 3) (208 , 5) (209 , 6) (210 , 7) (218 , 15) (219 , 16) (224 , 21) (227 , 24) (232 , 29) (241 , 38) (246 , 43) (250 , 47) (252 , 49) (255 , 52) (257 , 3) (261 , 7) (262 , 8) (273 , 19) (275 , 21) (276 , 22) (277 , 23) (279 , 25) (280 , 26) (284 , 30) (285 , 31) (461 , 3) (463 , 5) (464 , 6) (466 , 8) (469 , 11) (472 , 14) (474 , 16) (475 , 17) (478 , 20) (479 , 21) (486 , 28) (488 , 30) (489 , 31) (491 , 33) (492 , 34) (495 , 37) (497 , 39) (498 , 40) (508 , 50) 

Travel Time: 7590.3693191642487363; Profit: 1867; TSP Distance : 7544.3659000000016022; Weight: 685 / 45742; 0000000
TSP Tour = 1 49 32 45 19 41 8 9 10 43 33 51 11 52 14 13 47 26 27 28 12 25 4 6 15 5 24 48 38 37 40 39 36 35 34 44 46 16 29 50 20 23 30 2 7 42 21 17 3 18 31 22 1
Knapsack Array = 0 0 0 0 0 0 0 0 0 0 0 0 0 0 0 0 0 0 0 0 0 0 0 0 0 0 0 0 0 0 0 0 0 0 0 0 0 0 0 0 0 0 0 0 0 0 0 0 0 0 0 0 0 0 0 0 0 0 0 0 0 0 0 0 0 0 0 0 0 0 0 0 0 0 0 0 0 0 0 0 0 0 0 0 0 0 0 0 0 0 0 0 0 0 0 0 0 0 0 0 0 0 0 0 0 0 0 0 0 0 0 0 0 0 0 0 0 0 0 0 0 0 0 0 0 0 0 0 0 0 0 0 0 0 0 0 0 0 0 0 0 0 0 0 0 0 0 0 0 0 0 0 0 0 0 0 0 0 0 0 0 0 0 0 0 0 0 0 0 0 0 0 0 0 0 0 0 0 0 0 0 0 0 0 0 0 0 0 0 0 0 0 0 0 0 0 0 0 0 0 0 0 0 0 0 0 0 0 0 0 0 0 0 0 0 0 0 0 0 0 0 0 0 0 0 0 0 0 0 0 0 1 0 0 0 0 0 0 0 0 1 0 0 0 0 1 0 0 0 0 0 0 0 0 0 0 0 0 0 0 0 0 0 0 0 0 0 0 0 0 0 0 0 0 0 0 0 0 0 0 0 0 0 0 0 0 0 0 0 0 0 0 0 0 0 0 0 0 0 0 0 0 0 0 0 0 0 0 0 0 0 0 0 0 0 0 0 0 0 0 0 0 0 0 0 0 0 0 0 0 0 0 0 0 0 0 0 0 0 0 0 0 0 0 0 0 0 0 0 0 0 0 0 0 0 0 0 0 0 0 0 0 0 0 0 0 0 0 0 0 0 0 0 0 0 0 0 0 0 0 0 0 0 0 0 0 0 0 0 0 0 0 0 0 0 0 0 0 0 0 0 0 0 0 0 0 0 0 0 0 0 0 0 0 0 0 0 0 0 0 0 0 0 0 0 0 0 0 0 0 0 0 0 0 0 0 0 0 0 0 0 0 0 0 0 0 0 0 0 0 0 0 0 0 0 0 0 0 0 0 0 0 0 0 0 0 0 0 0 0 0 0 0 0 0 0 0 0 0 0 0 0 0 0 0 0 0 0 0 0 0 0 0 0 0 0 0 0 0 0 0 0 0 0 0 0 0 0 0 0 
Picked Items (item,city) = (232 , 29) (241 , 38) (246 , 43) 

Travel Time: 10046.139151194673104; Profit: 69881; TSP Distance : 7544.3659000000016022; Weight: 25064 / 45742; 0000000
TSP Tour = 1 49 32 45 19 41 8 9 10 43 33 51 11 52 14 13 47 26 27 28 12 25 4 6 15 5 24 48 38 37 40 39 36 35 34 44 46 16 29 50 20 23 30 2 7 42 21 17 3 18 31 22 1
Knapsack Array = 1 0 1 0 0 0 1 1 0 0 0 1 0 0 1 0 1 1 0 0 1 0 1 0 0 0 1 0 0 1 0 0 1 0 0 1 0 0 0 0 1 1 0 0 1 0 0 1 0 0 1 0 1 1 0 0 0 0 1 0 0 0 1 0 1 0 0 0 0 0 0 0 1 1 1 0 1 0 0 0 0 0 1 0 0 0 1 1 0 0 0 0 0 0 0 0 1 0 0 0 0 1 0 1 0 1 0 1 0 1 0 0 1 1 0 0 1 0 0 1 0 0 0 0 1 1 0 0 1 0 0 1 0 0 0 1 0 1 0 1 0 0 0 0 1 0 0 0 0 0 0 1 1 0 0 1 0 0 0 1 1 0 0 1 0 1 0 1 0 0 1 0 1 0 0 1 0 0 0 1 1 1 0 0 0 1 0 0 0 0 0 1 0 0 0 0 0 1 1 0 0 0 0 0 1 1 0 1 1 1 0 0 0 0 0 0 0 1 1 0 0 0 0 1 0 0 1 0 0 0 0 1 0 0 0 0 0 0 0 0 1 0 0 0 0 1 0 0 0 1 0 1 0 0 0 0 1 0 0 0 1 1 0 0 0 0 0 0 0 0 0 0 1 0 1 1 1 0 1 1 0 0 0 1 1 0 0 1 0 1 0 0 1 0 1 0 1 0 0 1 0 1 0 0 1 1 1 0 0 0 1 0 0 0 1 1 0 1 0 0 0 1 0 0 0 0 0 0 0 1 0 0 0 0 0 0 0 0 0 0 0 0 0 0 0 0 0 0 0 0 0 0 0 0 0 0 0 0 0 0 0 0 0 0 0 0 0 0 0 0 0 0 0 0 0 0 0 0 0 0 0 0 0 0 0 0 0 0 0 0 0 0 0 0 0 0 0 0 0 0 0 0 0 0 0 0 0 0 0 0 0 0 0 0 0 0 0 0 0 0 0 0 0 0 0 0 0 0 0 0 0 0 0 0 0 0 0 0 0 0 0 0 0 0 0 0 0 0 0 0 0 0 0 0 0 0 0 0 0 0 0 0 0 0 0 0 0 0 0 0 0 0 0 0 0 0 0 0 0 0 0 0 0 0 0 0 0 0 0 0 0 0 0 0 0 0 0 0 0 0 0 0 0 0 0 0 0 0 0 0 
Picked Items (item,city) = (1 , 2) (3 , 4) (7 , 8) (8 , 9) (12 , 13) (15 , 16) (17 , 18) (18 , 19) (21 , 22) (23 , 24) (27 , 28) (30 , 31) (33 , 34) (36 , 37) (41 , 42) (42 , 43) (45 , 46) (48 , 49) (51 , 52) (53 , 3) (54 , 4) (59 , 9) (63 , 13) (65 , 15) (73 , 23) (74 , 24) (75 , 25) (77 , 27) (83 , 33) (87 , 37) (88 , 38) (97 , 47) (102 , 52) (104 , 3) (106 , 5) (108 , 7) (110 , 9) (113 , 12) (114 , 13) (117 , 16) (120 , 19) (125 , 24) (126 , 25) (129 , 28) (132 , 31) (136 , 35) (138 , 37) (140 , 39) (145 , 44) (152 , 51) (153 , 52) (156 , 4) (160 , 8) (161 , 9) (164 , 12) (166 , 14) (168 , 16) (171 , 19) (173 , 21) (176 , 24) (180 , 28) (181 , 29) (182 , 30) (186 , 34) (192 , 40) (198 , 46) (199 , 47) (205 , 2) (206 , 3) (208 , 5) (209 , 6) (210 , 7) (218 , 15) (219 , 16) (224 , 21) (227 , 24) (232 , 29) (241 , 38) (246 , 43) (250 , 47) (252 , 49) (257 , 3) (261 , 7) (262 , 8) (273 , 19) (275 , 21) (276 , 22) (277 , 23) (279 , 25) (280 , 26) (284 , 30) (285 , 31) (288 , 34) (290 , 36) (293 , 39) (295 , 41) (297 , 43) (300 , 46) (302 , 48) (305 , 51) (306 , 52) (307 , 2) (311 , 6) (315 , 10) (316 , 11) (318 , 13) (322 , 17) (330 , 25) 

Travel Time: 7663.1831135924585396; Profit: 5077; TSP Distance : 7544.3659000000006927; Weight: 1776 / 45742; 0000000
TSP Tour = 1 22 31 18 3 17 21 42 7 2 30 23 20 50 29 16 46 44 34 35 36 39 40 37 38 48 24 5 15 6 4 25 12 28 27 26 47 13 14 52 11 51 33 43 10 9 8 41 19 45 32 49 1
Knapsack Array = 1 0 1 0 0 0 1 1 0 0 0 1 0 0 1 0 1 1 0 0 0 0 0 0 0 0 0 0 0 0 0 0 0 0 0 0 0 0 0 0 0 0 0 0 0 0 0 0 0 0 0 0 0 0 0 0 0 0 0 0 0 0 0 0 0 0 0 0 0 0 0 0 0 0 0 0 0 0 0 0 0 0 0 0 0 0 0 0 0 0 0 0 0 0 0 0 0 0 0 0 0 0 0 0 0 0 0 0 0 0 0 0 0 0 0 0 0 0 0 0 0 0 0 0 0 0 0 0 0 0 0 0 0 0 0 0 0 0 0 0 0 0 0 0 0 0 0 0 0 0 0 0 0 0 0 0 0 0 0 0 0 0 0 0 0 0 0 0 0 0 0 0 0 0 0 0 0 0 0 0 0 0 0 0 0 0 0 0 0 0 0 0 0 0 0 0 0 0 0 0 0 0 0 0 0 0 0 0 0 0 0 0 0 0 0 0 0 0 0 0 0 0 0 0 0 0 0 0 0 0 0 0 0 0 0 0 0 0 0 0 0 0 0 0 0 0 0 0 0 0 0 0 0 0 0 0 0 0 0 0 0 0 0 0 0 0 0 0 0 0 0 0 0 0 0 0 0 0 0 0 0 0 0 0 0 0 0 0 0 0 0 0 0 0 0 0 0 0 0 0 0 0 0 0 0 0 0 0 0 0 0 0 0 0 0 0 0 0 0 0 0 0 0 0 0 0 0 0 0 0 0 0 0 0 0 0 0 0 0 0 0 0 0 0 0 0 0 0 0 0 0 0 0 0 0 0 0 0 0 0 0 0 0 0 0 0 0 0 0 0 0 0 0 0 0 0 0 0 0 0 0 0 0 0 0 0 0 0 0 0 0 0 0 0 0 0 0 0 0 0 0 0 0 0 0 0 0 0 0 0 0 0 0 0 0 0 0 0 0 0 0 0 0 0 0 0 0 0 0 0 0 0 0 0 0 0 0 0 0 0 0 0 0 0 0 0 0 0 0 0 0 0 0 0 0 0 0 0 0 0 0 0 0 0 0 0 0 0 0 0 0 0 0 0 0 0 0 0 0 0 0 0 0 0 0 0 0 0 0 0 0 0 0 0 0 0 0 0 0 0 0 0 0 0 0 0 0 0 0 0 
Picked Items (item,city) = (1 , 2) (3 , 4) (7 , 8) (8 , 9) (12 , 13) (15 , 16) (17 , 18) (18 , 19) 

Travel Time: 7669.6101610692330723; Profit: 7201; TSP Distance : 7544.3659000000016022; Weight: 2964 / 45742; 0000000
TSP Tour = 1 49 32 45 19 41 8 9 10 43 33 51 11 52 14 13 47 26 27 28 12 25 4 6 15 5 24 48 38 37 40 39 36 35 34 44 46 16 29 50 20 23 30 2 7 42 21 17 3 18 31 22 1
Knapsack Array = 0 0 0 0 0 0 0 0 0 0 0 0 0 0 0 0 0 0 0 0 0 0 0 0 0 0 0 0 0 0 0 0 0 0 0 0 0 0 0 0 0 0 0 0 0 0 0 0 0 0 0 0 0 0 0 0 0 0 0 0 0 0 0 0 0 0 0 0 0 0 0 0 0 0 0 0 0 0 0 0 0 0 0 0 0 0 0 0 0 0 0 0 0 0 0 0 0 0 0 0 0 0 0 0 0 0 0 0 0 0 0 0 0 0 0 0 0 0 0 0 0 0 0 0 0 0 0 0 0 0 0 0 0 0 0 0 0 0 0 0 0 0 0 0 0 0 0 0 0 0 0 0 0 0 0 0 0 0 0 0 0 0 0 0 0 0 0 0 0 0 0 0 0 0 0 0 0 0 0 0 0 0 0 0 0 0 0 0 0 0 0 0 0 0 0 0 0 0 0 0 0 0 0 0 0 0 0 0 0 0 0 0 0 0 0 0 0 0 0 0 0 0 0 0 0 0 0 0 0 0 0 0 0 0 0 0 0 0 0 0 0 0 0 0 0 0 0 0 0 0 0 0 0 0 0 0 0 0 0 0 0 0 0 0 0 0 0 0 0 0 0 0 0 0 1 1 1 0 1 1 0 0 0 1 1 0 0 1 0 1 0 0 1 0 0 0 0 0 0 0 0 0 0 0 0 0 0 0 0 0 0 0 0 0 0 0 0 0 0 0 0 0 0 0 0 0 0 0 0 0 0 0 0 0 0 0 0 0 0 0 0 0 0 0 0 0 0 0 0 0 0 0 0 0 0 0 0 0 0 0 0 0 0 0 0 0 0 0 0 0 0 0 0 0 0 0 0 0 0 0 0 0 0 0 0 0 0 0 0 0 0 0 0 0 0 0 0 0 0 0 0 0 0 0 0 0 0 0 0 0 0 0 0 0 0 0 0 0 0 0 0 0 0 0 0 0 0 0 0 0 0 0 0 0 0 0 0 0 0 0 0 0 0 0 0 0 0 0 0 0 0 0 0 0 0 0 0 0 0 0 0 0 0 0 0 0 0 0 0 0 0 0 0 0 0 0 0 0 0 0 0 0 0 0 0 0 0 0 0 0 0 0 0 0 0 0 0 0 0 0 0 0 0 0 0 0 0 0 0 0 
Picked Items (item,city) = (275 , 21) (276 , 22) (277 , 23) (279 , 25) (280 , 26) (284 , 30) (285 , 31) (288 , 34) (290 , 36) (293 , 39) 

Travel Time: 7924.940869245840986; Profit: 20158; TSP Distance : 7544.3659000000016022; Weight: 7103 / 45742; 0000000
TSP Tour = 1 49 32 45 19 41 8 9 10 43 33 51 11 52 14 13 47 26 27 28 12 25 4 6 15 5 24 48 38 37 40 39 36 35 34 44 46 16 29 50 20 23 30 2 7 42 21 17 3 18 31 22 1
Knapsack Array = 0 0 0 0 0 0 0 0 0 0 0 0 0 0 0 0 0 0 0 0 0 0 0 0 0 0 0 0 0 0 0 0 0 0 0 0 0 0 0 0 0 0 0 0 0 0 0 0 0 0 0 0 0 0 0 0 0 0 0 0 0 0 0 0 0 0 0 0 0 0 0 0 0 0 0 0 0 0 0 0 0 0 0 0 0 0 0 0 0 0 0 0 0 0 0 0 0 0 0 0 0 0 0 0 0 0 0 0 0 0 0 0 0 0 0 0 0 0 0 0 0 0 0 0 0 0 0 0 0 0 0 0 0 0 0 0 0 0 0 0 0 0 0 0 0 0 0 0 0 0 0 0 0 0 0 0 0 0 0 0 0 0 0 0 0 0 0 0 0 0 0 0 0 0 0 0 0 0 0 1 1 1 0 0 0 1 0 0 0 0 0 1 0 0 0 0 0 1 1 0 0 0 0 0 0 1 0 1 1 1 0 0 0 0 0 0 0 1 1 0 0 0 1 1 0 0 0 0 0 0 0 0 0 0 0 0 0 0 0 0 1 0 0 0 0 1 0 0 0 1 0 1 0 0 1 0 1 0 0 0 1 1 0 0 0 0 0 0 0 0 0 0 0 0 1 1 1 0 1 1 0 0 0 1 1 0 0 1 0 1 0 0 1 0 0 0 0 0 0 0 0 0 0 0 0 0 0 0 0 0 0 0 0 0 0 0 0 0 0 0 0 0 0 0 0 0 0 0 0 0 0 0 0 0 0 0 0 0 0 0 0 0 0 0 0 0 0 0 0 0 0 0 0 0 0 0 0 0 0 0 0 0 0 0 0 0 0 0 0 0 0 0 0 0 0 0 0 0 0 0 0 0 0 0 0 0 0 0 0 0 0 0 0 0 0 0 0 0 0 0 0 0 0 0 0 0 0 0 0 0 0 0 0 0 0 0 0 0 0 0 0 0 0 0 0 0 0 0 0 0 0 0 0 0 0 0 0 0 0 0 0 0 0 0 0 0 0 0 0 0 0 0 0 0 0 0 0 0 0 0 0 0 0 0 0 0 0 0 0 0 0 0 0 0 0 0 0 0 0 0 0 0 0 0 0 0 0 0 0 0 0 0 0 0 0 0 0 0 0 0 0 0 0 0 0 0 0 0 0 0 
Picked Items (item,city) = (180 , 28) (181 , 29) (182 , 30) (186 , 34) (192 , 40) (198 , 46) (199 , 47) (206 , 3) (208 , 5) (209 , 6) (210 , 7) (218 , 15) (219 , 16) (223 , 20) (224 , 21) (241 , 38) (246 , 43) (250 , 47) (252 , 49) (255 , 52) (257 , 3) (261 , 7) (262 , 8) (275 , 21) (276 , 22) (277 , 23) (279 , 25) (280 , 26) (284 , 30) (285 , 31) (288 , 34) (290 , 36) (293 , 39) 

Travel Time: 7849.3780116522930257; Profit: 16910; TSP Distance : 7544.3659000000016022; Weight: 5976 / 45742; 0000000
TSP Tour = 1 49 32 45 19 41 8 9 10 43 33 51 11 52 14 13 47 26 27 28 12 25 4 6 15 5 24 48 38 37 40 39 36 35 34 44 46 16 29 50 20 23 30 2 7 42 21 17 3 18 31 22 1
Knapsack Array = 0 0 0 0 0 0 0 0 0 0 0 0 0 0 0 0 0 0 0 0 0 0 0 0 0 0 0 0 0 0 0 0 0 0 0 0 0 0 0 0 0 0 0 0 0 0 0 0 0 0 0 0 0 0 0 0 0 0 0 0 0 0 0 0 0 0 0 0 0 0 0 0 0 0 0 0 0 0 0 0 0 0 0 0 0 0 0 0 0 0 0 0 0 0 0 0 0 0 0 0 0 0 0 0 0 0 0 0 0 0 0 0 0 0 0 0 0 0 0 0 0 0 0 0 0 0 0 0 0 0 0 0 0 0 0 0 0 0 0 0 0 0 0 0 0 0 0 0 0 0 0 0 0 0 0 0 0 0 0 0 0 0 0 0 0 0 0 0 0 0 0 0 0 0 0 0 0 0 0 0 0 0 0 0 0 0 0 0 0 0 0 0 0 0 0 0 0 1 1 0 0 0 0 0 0 1 0 1 1 1 0 0 0 0 0 0 0 1 1 0 0 0 1 1 0 0 0 0 0 0 0 0 0 0 0 0 0 0 0 0 1 0 0 0 0 1 0 0 0 1 0 1 0 0 1 0 1 0 0 0 1 1 0 0 0 0 0 0 0 0 0 0 0 0 1 1 1 0 1 1 0 0 0 1 1 0 0 1 0 1 0 0 1 0 0 0 0 0 0 0 0 0 0 0 0 0 0 0 0 0 0 0 0 0 0 0 0 0 0 0 0 0 0 0 0 0 0 0 0 0 0 0 0 0 0 0 0 0 0 0 0 0 0 0 0 0 0 0 0 0 0 0 0 0 0 0 0 0 0 0 0 0 0 0 0 0 0 0 0 0 0 0 0 0 0 0 0 0 0 0 0 0 0 0 0 0 0 0 0 0 0 0 0 0 0 0 0 0 0 0 0 0 0 0 0 0 0 0 0 0 0 0 0 0 0 0 0 0 0 0 0 0 0 0 0 0 0 0 0 0 0 0 0 0 0 0 0 0 0 0 0 0 0 0 0 0 0 0 0 0 0 0 0 0 0 0 0 0 0 0 0 0 0 0 0 0 0 0 0 0 0 0 0 0 0 0 0 0 0 0 0 0 0 0 0 0 0 0 0 0 0 0 0 0 0 0 0 0 0 0 0 0 0 0 0 0 0 0 0 0 
Picked Items (item,city) = (198 , 46) (199 , 47) (206 , 3) (208 , 5) (209 , 6) (210 , 7) (218 , 15) (219 , 16) (223 , 20) (224 , 21) (241 , 38) (246 , 43) (250 , 47) (252 , 49) (255 , 52) (257 , 3) (261 , 7) (262 , 8) (275 , 21) (276 , 22) (277 , 23) (279 , 25) (280 , 26) (284 , 30) (285 , 31) (288 , 34) (290 , 36) (293 , 39) 

Travel Time: 10988.317845917221348; Profit: 85609; TSP Distance : 7544.3659000000016022; Weight: 32200 / 45742; 0000000
TSP Tour = 1 49 32 45 19 41 8 9 10 43 33 51 11 52 14 13 47 26 27 28 12 25 4 6 15 5 24 48 38 37 40 39 36 35 34 44 46 16 29 50 20 23 30 2 7 42 21 17 3 18 31 22 1
Knapsack Array = 1 0 1 0 0 0 1 1 0 0 0 1 0 0 1 0 1 1 0 0 1 0 1 0 0 0 1 0 0 1 0 0 1 0 0 1 0 0 0 0 1 1 0 0 1 0 0 1 0 0 1 0 1 0 0 0 0 0 0 0 0 0 0 0 0 0 0 0 0 0 0 0 0 0 0 0 0 0 0 0 0 0 0 0 0 0 0 0 0 0 0 0 0 0 0 0 0 0 0 0 0 0 0 0 0 0 0 0 0 0 0 0 0 0 0 0 0 0 0 0 0 0 0 0 0 0 0 0 0 0 0 0 0 0 0 0 0 0 0 0 0 0 0 0 0 0 0 0 0 0 0 0 0 0 0 0 0 0 0 0 0 0 0 0 0 0 0 0 0 0 0 0 0 0 0 0 0 0 0 0 0 0 0 0 0 0 0 0 0 0 0 1 0 0 0 0 0 1 1 0 0 0 0 0 1 1 0 1 1 1 0 0 0 0 0 0 0 1 1 0 0 0 0 1 0 0 1 0 0 0 0 1 0 0 0 0 0 0 0 0 1 0 0 0 0 1 0 0 0 1 0 1 0 0 1 0 1 0 0 0 1 1 0 0 0 0 0 0 0 0 0 0 1 0 1 1 1 0 1 1 0 0 0 1 1 0 0 1 0 1 0 0 1 0 1 0 1 0 0 1 0 1 0 0 1 1 1 0 0 0 1 0 0 0 1 1 0 1 0 0 0 1 0 0 0 0 0 0 0 1 0 0 0 1 1 0 0 1 0 0 0 1 0 1 1 0 0 0 0 1 0 0 1 0 0 0 1 0 0 0 0 1 0 0 1 0 1 1 0 1 1 0 1 1 0 1 1 1 0 1 1 1 1 0 0 1 1 0 1 0 0 0 0 0 1 1 1 0 1 1 0 0 1 0 0 0 0 0 1 1 1 1 1 0 0 0 1 0 0 0 1 0 1 0 0 0 1 0 0 0 1 0 1 0 0 0 1 1 0 1 1 1 0 1 0 0 0 0 1 1 0 1 0 0 0 0 1 0 1 0 1 0 1 1 0 1 0 0 1 0 0 1 0 1 1 0 0 1 1 0 0 0 0 0 0 0 0 0 0 0 0 0 0 0 0 0 0 0 0 0 0 0 0 0 0 0 0 0 0 0 
Picked Items (item,city) = (1 , 2) (3 , 4) (7 , 8) (8 , 9) (12 , 13) (15 , 16) (17 , 18) (18 , 19) (21 , 22) (23 , 24) (27 , 28) (30 , 31) (33 , 34) (36 , 37) (41 , 42) (42 , 43) (45 , 46) (48 , 49) (51 , 52) (53 , 3) (192 , 40) (198 , 46) (199 , 47) (205 , 2) (206 , 3) (208 , 5) (209 , 6) (210 , 7) (218 , 15) (219 , 16) (224 , 21) (227 , 24) (232 , 29) (241 , 38) (246 , 43) (250 , 47) (252 , 49) (255 , 52) (257 , 3) (261 , 7) (262 , 8) (273 , 19) (275 , 21) (276 , 22) (277 , 23) (279 , 25) (280 , 26) (284 , 30) (285 , 31) (288 , 34) (290 , 36) (293 , 39) (295 , 41) (297 , 43) (300 , 46) (302 , 48) (305 , 51) (306 , 52) (307 , 2) (311 , 6) (315 , 10) (316 , 11) (318 , 13) (322 , 17) (330 , 25) (334 , 29) (335 , 30) (338 , 33) (342 , 37) (344 , 39) (345 , 40) (350 , 45) (353 , 48) (357 , 52) (362 , 6) (365 , 9) (367 , 11) (368 , 12) (370 , 14) (371 , 15) (373 , 17) (374 , 18) (376 , 20) (377 , 21) (378 , 22) (380 , 24) (381 , 25) (382 , 26) (383 , 27) (386 , 30) (387 , 31) (389 , 33) (395 , 39) (396 , 40) (397 , 41) (399 , 43) (400 , 44) (403 , 47) (409 , 2) (410 , 3) (411 , 4) (412 , 5) (413 , 6) (417 , 10) (421 , 14) (423 , 16) (427 , 20) (431 , 24) (433 , 26) (437 , 30) (438 , 31) (440 , 33) (441 , 34) (442 , 35) (444 , 37) (449 , 42) (450 , 43) (452 , 45) (457 , 50) (459 , 52) (461 , 3) (463 , 5) (464 , 6) (466 , 8) (469 , 11) (472 , 14) (474 , 16) (475 , 17) (478 , 20) (479 , 21) 

Travel Time: 8766.2811703510014922; Profit: 46766; TSP Distance : 7544.3659000000016022; Weight: 15794 / 45742; 0000000
TSP Tour = 1 49 32 45 19 41 8 9 10 43 33 51 11 52 14 13 47 26 27 28 12 25 4 6 15 5 24 48 38 37 40 39 36 35 34 44 46 16 29 50 20 23 30 2 7 42 21 17 3 18 31 22 1
Knapsack Array = 0 0 0 0 0 0 0 0 0 0 0 0 0 0 0 0 0 0 0 0 0 0 0 0 0 0 0 0 0 0 0 0 0 0 0 0 0 0 0 0 0 0 0 0 0 0 0 0 0 0 0 0 0 0 0 0 0 0 0 0 0 0 0 0 0 0 0 0 0 0 0 0 0 0 0 0 0 0 0 0 0 0 0 0 0 0 0 0 0 0 0 0 0 0 0 0 0 0 0 0 0 0 0 0 0 0 0 0 0 0 0 0 0 0 0 0 0 0 0 0 0 0 0 0 0 0 0 0 0 0 0 0 0 0 0 0 0 0 0 1 0 0 0 0 1 0 0 0 0 0 0 1 1 0 0 1 0 0 0 1 1 0 0 1 0 1 0 1 0 0 1 0 1 0 0 1 0 0 0 1 1 1 0 0 0 1 0 0 0 0 0 1 0 0 0 0 0 1 1 0 0 0 0 0 1 1 0 1 1 1 0 0 0 0 0 0 0 1 1 0 0 0 0 1 0 0 1 0 0 0 0 1 0 0 0 0 0 0 0 0 1 0 0 0 0 1 0 0 0 1 0 1 0 0 1 0 1 0 0 0 1 1 0 0 0 0 0 0 0 0 0 0 1 0 1 1 1 0 1 1 0 0 0 1 1 0 0 1 0 1 0 0 1 0 1 0 1 0 0 1 0 1 0 0 1 1 1 0 0 0 1 0 0 0 1 1 0 1 0 0 0 1 0 0 0 0 0 0 0 1 0 0 0 1 1 0 0 1 0 0 0 1 0 1 1 0 0 0 0 1 0 0 1 0 0 0 1 0 0 0 0 0 0 0 0 0 0 0 0 0 0 0 0 0 0 0 0 0 0 0 0 0 0 0 0 0 0 0 0 0 0 0 0 0 0 0 0 0 0 0 0 0 0 0 0 0 0 0 0 0 0 0 0 0 0 0 0 0 0 0 0 0 0 0 0 0 0 0 0 0 0 0 0 0 0 0 0 0 0 0 0 0 0 0 0 0 0 0 0 0 0 0 0 0 0 0 0 0 0 0 0 0 0 0 0 0 0 0 0 0 0 0 0 0 0 0 0 0 0 0 0 0 0 0 0 0 0 0 0 0 0 0 0 0 0 0 0 0 0 0 0 0 0 0 0 0 0 0 0 0 
Picked Items (item,city) = (140 , 39) (145 , 44) (152 , 51) (153 , 52) (156 , 4) (160 , 8) (161 , 9) (164 , 12) (166 , 14) (168 , 16) (171 , 19) (173 , 21) (176 , 24) (180 , 28) (181 , 29) (182 , 30) (186 , 34) (192 , 40) (198 , 46) (199 , 47) (205 , 2) (206 , 3) (208 , 5) (209 , 6) (210 , 7) (218 , 15) (219 , 16) (224 , 21) (227 , 24) (232 , 29) (241 , 38) (246 , 43) (250 , 47) (252 , 49) (255 , 52) (257 , 3) (261 , 7) (262 , 8) (273 , 19) (275 , 21) (276 , 22) (277 , 23) (279 , 25) (280 , 26) (284 , 30) (285 , 31) (288 , 34) (290 , 36) (293 , 39) (295 , 41) (297 , 43) (300 , 46) (302 , 48) (305 , 51) (306 , 52) (307 , 2) (311 , 6) (315 , 10) (316 , 11) (318 , 13) (322 , 17) (330 , 25) (334 , 29) (335 , 30) (338 , 33) (342 , 37) (344 , 39) (345 , 40) (350 , 45) (353 , 48) (357 , 52) 

Travel Time: 10764.196431186310292; Profit: 81930; TSP Distance : 7544.3659000000016022; Weight: 30678 / 45742; 0000000
TSP Tour = 1 49 32 45 19 41 8 9 10 43 33 51 11 52 14 13 47 26 27 28 12 25 4 6 15 5 24 48 38 37 40 39 36 35 34 44 46 16 29 50 20 23 30 2 7 42 21 17 3 18 31 22 1
Knapsack Array = 0 0 0 0 0 0 0 0 0 0 0 0 0 0 0 0 0 0 0 0 0 0 0 0 0 0 0 0 0 0 0 0 0 0 0 0 0 0 0 0 0 0 0 0 0 0 0 0 0 0 0 0 0 0 0 0 0 0 0 0 0 0 0 0 0 0 0 0 0 0 0 0 0 0 0 0 0 0 0 0 0 0 0 0 0 0 0 0 0 0 0 0 0 0 0 0 0 0 0 0 0 0 0 0 0 0 0 0 0 0 0 0 0 0 0 0 0 0 0 0 0 0 0 0 0 0 0 0 0 0 0 0 0 0 0 0 0 0 0 1 0 0 0 0 1 0 0 0 0 0 0 1 1 0 0 1 0 0 0 1 1 0 0 1 0 1 0 1 0 0 1 0 1 0 0 1 0 0 0 1 1 1 0 0 0 1 0 0 0 0 0 1 0 0 0 0 0 1 1 0 0 0 0 0 1 1 0 1 1 1 0 0 0 0 0 0 0 1 1 0 0 0 0 1 0 0 1 0 0 0 0 1 0 0 0 0 0 0 0 0 1 0 0 0 0 1 0 0 0 1 0 1 0 0 1 0 1 0 0 0 1 1 0 0 0 0 0 0 0 0 0 0 1 0 1 1 1 0 1 1 0 0 0 1 1 0 0 1 0 1 0 0 1 0 1 0 1 0 0 1 0 1 0 0 1 1 1 0 0 0 1 0 0 0 1 1 0 1 0 0 0 1 0 0 0 0 0 0 0 1 0 0 0 1 1 0 0 1 0 0 0 1 0 1 1 0 0 0 0 1 0 0 1 0 0 0 1 0 0 0 0 1 0 0 1 0 1 1 0 1 1 0 1 1 0 1 1 1 0 1 1 1 1 0 0 1 1 0 1 0 0 0 0 0 1 1 1 0 1 1 0 0 1 0 0 0 0 0 1 1 1 1 1 0 0 0 1 0 0 0 1 0 1 0 0 0 1 0 0 0 1 0 1 0 0 0 1 1 0 1 1 1 0 1 0 0 0 0 1 1 0 1 0 0 0 0 1 0 1 0 1 0 1 1 0 1 0 0 1 0 0 1 0 1 1 0 0 1 1 0 0 0 0 0 0 0 0 0 0 0 0 0 0 0 0 0 0 0 0 0 0 0 0 0 0 0 0 0 0 0 
Picked Items (item,city) = (140 , 39) (145 , 44) (152 , 51) (153 , 52) (156 , 4) (160 , 8) (161 , 9) (164 , 12) (166 , 14) (168 , 16) (171 , 19) (173 , 21) (176 , 24) (180 , 28) (181 , 29) (182 , 30) (186 , 34) (192 , 40) (198 , 46) (199 , 47) (205 , 2) (206 , 3) (208 , 5) (209 , 6) (210 , 7) (218 , 15) (219 , 16) (224 , 21) (227 , 24) (232 , 29) (241 , 38) (246 , 43) (250 , 47) (252 , 49) (255 , 52) (257 , 3) (261 , 7) (262 , 8) (273 , 19) (275 , 21) (276 , 22) (277 , 23) (279 , 25) (280 , 26) (284 , 30) (285 , 31) (288 , 34) (290 , 36) (293 , 39) (295 , 41) (297 , 43) (300 , 46) (302 , 48) (305 , 51) (306 , 52) (307 , 2) (311 , 6) (315 , 10) (316 , 11) (318 , 13) (322 , 17) (330 , 25) (334 , 29) (335 , 30) (338 , 33) (342 , 37) (344 , 39) (345 , 40) (350 , 45) (353 , 48) (357 , 52) (362 , 6) (365 , 9) (367 , 11) (368 , 12) (370 , 14) (371 , 15) (373 , 17) (374 , 18) (376 , 20) (377 , 21) (378 , 22) (380 , 24) (381 , 25) (382 , 26) (383 , 27) (386 , 30) (387 , 31) (389 , 33) (395 , 39) (396 , 40) (397 , 41) (399 , 43) (400 , 44) (403 , 47) (409 , 2) (410 , 3) (411 , 4) (412 , 5) (413 , 6) (417 , 10) (421 , 14) (423 , 16) (427 , 20) (431 , 24) (433 , 26) (437 , 30) (438 , 31) (440 , 33) (441 , 34) (442 , 35) (444 , 37) (449 , 42) (450 , 43) (452 , 45) (457 , 50) (459 , 52) (461 , 3) (463 , 5) (464 , 6) (466 , 8) (469 , 11) (472 , 14) (474 , 16) (475 , 17) (478 , 20) (479 , 21) 

Travel Time: 9693.6459568169120757; Profit: 64651; TSP Distance : 7544.3659000000016022; Weight: 22613 / 45742; 0000000
TSP Tour = 1 49 32 45 19 41 8 9 10 43 33 51 11 52 14 13 47 26 27 28 12 25 4 6 15 5 24 48 38 37 40 39 36 35 34 44 46 16 29 50 20 23 30 2 7 42 21 17 3 18 31 22 1
Knapsack Array = 0 0 0 0 0 0 0 0 0 0 0 0 0 0 0 0 0 0 0 0 0 0 0 0 0 0 0 0 0 0 0 0 0 0 0 0 0 0 0 0 0 0 0 0 0 0 0 0 0 0 1 0 1 1 0 0 0 0 1 0 0 0 1 0 1 0 0 0 0 0 0 0 1 1 1 0 1 0 0 0 0 0 1 0 0 0 1 1 0 0 0 0 0 0 0 0 1 0 0 0 0 1 0 1 0 1 0 1 0 1 0 0 1 1 0 0 1 0 0 1 0 0 0 0 1 1 0 0 1 0 0 1 0 0 0 1 0 1 0 1 0 0 0 0 1 0 0 0 0 0 0 1 1 0 0 1 0 0 0 1 1 0 0 1 0 1 0 1 0 0 1 0 1 0 0 1 0 0 0 1 1 1 0 0 0 1 0 0 0 0 0 1 0 0 0 0 0 1 1 0 0 0 0 0 1 1 0 1 1 1 0 0 0 0 0 0 0 1 1 0 0 0 0 1 0 0 1 0 0 0 0 1 0 0 0 0 0 0 0 0 1 0 0 0 0 1 0 0 0 1 0 1 0 0 1 0 1 0 0 0 1 1 0 0 0 0 0 0 0 0 0 0 1 0 1 1 1 0 1 1 0 0 0 1 1 0 0 1 0 1 0 0 1 0 1 0 1 0 0 1 0 1 0 0 1 1 1 0 0 0 1 0 0 0 1 1 0 1 0 0 0 1 0 0 0 0 0 0 0 1 0 0 0 1 1 0 0 1 0 0 0 1 0 1 1 0 0 0 0 1 0 0 1 0 0 0 1 0 0 0 0 0 0 0 0 0 0 0 0 0 0 0 0 0 0 0 0 0 0 0 0 0 0 0 0 0 0 0 0 0 0 0 0 0 0 0 0 0 0 0 0 0 0 0 0 0 0 0 0 0 0 0 0 0 0 0 0 0 0 0 0 0 0 0 0 0 0 0 0 0 0 0 0 0 0 0 0 0 0 0 0 0 0 0 0 0 0 0 0 0 0 0 0 0 0 0 0 0 0 0 0 0 0 0 0 0 0 0 0 0 0 0 0 0 0 0 0 0 0 0 0 0 0 0 0 0 0 0 0 0 0 0 0 0 0 0 0 0 0 0 0 0 0 0 0 0 0 0 0 0 
Picked Items (item,city) = (51 , 52) (53 , 3) (54 , 4) (59 , 9) (63 , 13) (65 , 15) (73 , 23) (74 , 24) (75 , 25) (77 , 27) (83 , 33) (87 , 37) (88 , 38) (97 , 47) (102 , 52) (104 , 3) (106 , 5) (108 , 7) (110 , 9) (113 , 12) (114 , 13) (117 , 16) (120 , 19) (125 , 24) (126 , 25) (129 , 28) (132 , 31) (136 , 35) (138 , 37) (140 , 39) (145 , 44) (152 , 51) (153 , 52) (156 , 4) (160 , 8) (161 , 9) (164 , 12) (166 , 14) (168 , 16) (171 , 19) (173 , 21) (176 , 24) (180 , 28) (181 , 29) (182 , 30) (186 , 34) (192 , 40) (198 , 46) (199 , 47) (205 , 2) (206 , 3) (208 , 5) (209 , 6) (210 , 7) (218 , 15) (219 , 16) (224 , 21) (227 , 24) (232 , 29) (241 , 38) (246 , 43) (250 , 47) (252 , 49) (255 , 52) (257 , 3) (261 , 7) (262 , 8) (273 , 19) (275 , 21) (276 , 22) (277 , 23) (279 , 25) (280 , 26) (284 , 30) (285 , 31) (288 , 34) (290 , 36) (293 , 39) (295 , 41) (297 , 43) (300 , 46) (302 , 48) (305 , 51) (306 , 52) (307 , 2) (311 , 6) (315 , 10) (316 , 11) (318 , 13) (322 , 17) (330 , 25) (334 , 29) (335 , 30) (338 , 33) (342 , 37) (344 , 39) (345 , 40) (350 , 45) (353 , 48) (357 , 52) 

Travel Time: 13617.909209397766972; Profit: 106883; TSP Distance : 7544.3659000000016022; Weight: 40330 / 45742; 0000000
TSP Tour = 1 49 32 45 19 41 8 9 10 43 33 51 11 52 14 13 47 26 27 28 12 25 4 6 15 5 24 48 38 37 40 39 36 35 34 44 46 16 29 50 20 23 30 2 7 42 21 17 3 18 31 22 1
Knapsack Array = 1 0 1 0 0 0 1 1 0 0 0 1 0 0 1 0 1 1 0 0 1 0 1 0 0 0 1 0 0 1 0 0 1 0 0 1 0 0 0 0 1 1 0 0 1 0 0 1 0 0 1 0 1 1 0 0 0 0 1 0 0 0 1 0 1 0 0 0 0 0 0 0 1 1 1 0 1 0 0 0 0 0 1 0 0 0 1 1 0 0 0 0 0 0 0 0 0 0 0 0 0 0 0 0 0 0 0 0 0 0 0 0 0 0 0 0 0 0 0 0 0 0 0 0 0 0 0 0 0 0 0 0 0 0 0 0 0 0 0 0 0 0 0 0 0 0 0 0 0 0 0 0 0 0 0 0 0 0 0 0 0 0 0 1 0 1 0 1 0 0 1 0 1 0 0 1 0 0 0 1 1 1 0 0 0 1 0 0 0 0 0 1 0 0 0 0 0 1 1 0 0 0 0 0 1 1 0 1 1 1 0 0 0 0 0 0 0 1 1 0 0 0 0 1 0 0 1 0 0 0 0 1 0 0 0 0 0 0 0 0 1 0 0 0 0 1 0 0 0 1 0 1 0 0 1 0 1 0 0 0 1 1 0 0 0 0 0 0 0 0 0 0 1 0 1 1 1 0 1 1 0 0 0 1 1 0 0 1 0 1 0 0 1 0 1 0 1 0 0 1 0 1 0 0 1 1 1 0 0 0 1 0 0 0 1 1 0 1 0 0 0 1 0 0 0 0 0 0 0 1 0 0 0 1 1 0 0 1 0 0 0 1 0 1 1 0 0 0 0 1 0 0 1 0 0 0 1 0 0 0 0 1 0 0 1 0 1 1 0 1 1 0 1 1 0 1 1 1 0 1 1 1 1 0 0 1 1 0 1 0 0 0 0 0 1 1 1 0 1 1 0 0 1 0 0 0 0 0 1 1 1 1 1 0 0 0 1 0 0 0 1 0 1 0 0 0 1 0 0 0 1 0 1 0 0 0 1 1 0 1 1 1 0 1 0 0 0 0 1 1 0 1 0 0 0 0 1 0 1 0 1 0 1 1 0 1 0 0 1 0 0 1 0 1 1 0 0 1 1 0 0 0 0 0 0 1 0 1 1 0 1 1 0 0 1 0 1 1 0 1 1 0 1 1 0 1 0 0 1 0 
Picked Items (item,city) = (1 , 2) (3 , 4) (7 , 8) (8 , 9) (12 , 13) (15 , 16) (17 , 18) (18 , 19) (21 , 22) (23 , 24) (27 , 28) (30 , 31) (33 , 34) (36 , 37) (41 , 42) (42 , 43) (45 , 46) (48 , 49) (51 , 52) (53 , 3) (54 , 4) (59 , 9) (63 , 13) (65 , 15) (73 , 23) (74 , 24) (75 , 25) (77 , 27) (83 , 33) (87 , 37) (88 , 38) (164 , 12) (166 , 14) (168 , 16) (171 , 19) (173 , 21) (176 , 24) (180 , 28) (181 , 29) (182 , 30) (186 , 34) (192 , 40) (198 , 46) (199 , 47) (205 , 2) (206 , 3) (208 , 5) (209 , 6) (210 , 7) (218 , 15) (219 , 16) (224 , 21) (227 , 24) (232 , 29) (241 , 38) (246 , 43) (250 , 47) (252 , 49) (255 , 52) (257 , 3) (261 , 7) (262 , 8) (273 , 19) (275 , 21) (276 , 22) (277 , 23) (279 , 25) (280 , 26) (284 , 30) (285 , 31) (288 , 34) (290 , 36) (293 , 39) (295 , 41) (297 , 43) (300 , 46) (302 , 48) (305 , 51) (306 , 52) (307 , 2) (311 , 6) (315 , 10) (316 , 11) (318 , 13) (322 , 17) (330 , 25) (334 , 29) (335 , 30) (338 , 33) (342 , 37) (344 , 39) (345 , 40) (350 , 45) (353 , 48) (357 , 52) (362 , 6) (365 , 9) (367 , 11) (368 , 12) (370 , 14) (371 , 15) (373 , 17) (374 , 18) (376 , 20) (377 , 21) (378 , 22) (380 , 24) (381 , 25) (382 , 26) (383 , 27) (386 , 30) (387 , 31) (389 , 33) (395 , 39) (396 , 40) (397 , 41) (399 , 43) (400 , 44) (403 , 47) (409 , 2) (410 , 3) (411 , 4) (412 , 5) (413 , 6) (417 , 10) (421 , 14) (423 , 16) (427 , 20) (431 , 24) (433 , 26) (437 , 30) (438 , 31) (440 , 33) (441 , 34) (442 , 35) (444 , 37) (449 , 42) (450 , 43) (452 , 45) (457 , 50) (459 , 52) (461 , 3) (463 , 5) (464 , 6) (466 , 8) (469 , 11) (472 , 14) (474 , 16) (475 , 17) (478 , 20) (479 , 21) (486 , 28) (488 , 30) (489 , 31) (491 , 33) (492 , 34) (495 , 37) (497 , 39) (498 , 40) (500 , 42) (501 , 43) (503 , 45) (504 , 46) (506 , 48) (509 , 51) 

Travel Time: 11371.038258237771515; Profit: 86392; TSP Distance : 7544.3659000000016022; Weight: 32346 / 45742; 0000000
TSP Tour = 1 49 32 45 19 41 8 9 10 43 33 51 11 52 14 13 47 26 27 28 12 25 4 6 15 5 24 48 38 37 40 39 36 35 34 44 46 16 29 50 20 23 30 2 7 42 21 17 3 18 31 22 1
Knapsack Array = 1 0 1 0 0 0 1 1 0 0 0 1 0 0 1 0 1 1 0 0 1 0 1 0 0 0 1 0 0 1 0 0 1 0 0 1 0 0 0 0 1 1 0 0 1 0 0 1 0 0 1 0 1 1 0 0 0 0 1 0 0 0 1 0 1 0 0 0 0 0 0 0 1 1 1 0 1 0 0 0 0 0 1 0 0 0 1 1 0 0 0 0 0 0 0 0 1 0 0 0 0 1 0 0 0 1 0 1 0 1 0 0 1 1 0 0 1 0 0 1 0 0 0 0 1 1 0 0 1 0 0 1 0 0 0 1 0 1 0 1 0 0 0 0 1 0 0 0 0 0 0 1 1 0 0 1 0 0 0 1 1 0 0 1 0 1 0 1 0 0 1 0 1 0 0 1 0 0 0 1 1 1 0 0 0 1 0 0 0 0 0 1 0 0 0 0 0 1 1 0 0 0 0 0 1 1 0 1 1 1 0 0 0 0 0 0 0 1 1 0 0 0 0 1 0 0 1 0 0 0 0 1 0 0 0 0 0 0 0 0 1 0 0 0 0 1 0 0 0 0 0 0 0 0 0 0 0 0 0 0 0 0 0 0 0 0 0 0 0 0 0 0 0 0 0 0 0 0 1 1 0 0 0 1 1 0 0 1 0 1 0 0 1 0 1 0 1 0 0 1 0 1 0 0 1 1 1 0 0 0 1 0 0 0 1 1 0 1 0 0 0 1 0 0 0 0 0 0 0 1 0 0 0 1 1 0 0 1 0 0 0 1 0 1 1 0 0 0 0 1 0 0 1 0 0 0 1 0 0 0 0 1 0 0 1 0 1 1 0 1 1 0 1 1 0 1 1 1 0 1 1 1 1 0 0 1 1 0 1 0 0 0 0 0 1 1 1 0 1 1 0 0 0 0 0 0 0 0 0 0 0 0 0 0 0 0 0 0 0 0 0 0 0 0 0 0 0 0 0 0 0 0 0 0 0 0 0 0 0 0 0 0 0 0 0 0 0 0 0 0 0 0 0 0 0 0 0 0 0 0 0 0 0 0 0 0 0 0 0 0 0 0 0 0 0 0 0 0 0 0 0 0 0 0 0 0 0 0 0 0 0 0 0 0 0 0 0 0 0 0 0 0 0 0 0 0 0 0 0 0 
Picked Items (item,city) = (1 , 2) (3 , 4) (7 , 8) (8 , 9) (12 , 13) (15 , 16) (17 , 18) (18 , 19) (21 , 22) (23 , 24) (27 , 28) (30 , 31) (33 , 34) (36 , 37) (41 , 42) (42 , 43) (45 , 46) (48 , 49) (51 , 52) (53 , 3) (54 , 4) (59 , 9) (63 , 13) (65 , 15) (73 , 23) (74 , 24) (75 , 25) (77 , 27) (83 , 33) (87 , 37) (88 , 38) (97 , 47) (102 , 52) (106 , 5) (108 , 7) (110 , 9) (113 , 12) (114 , 13) (117 , 16) (120 , 19) (125 , 24) (126 , 25) (129 , 28) (132 , 31) (136 , 35) (138 , 37) (140 , 39) (145 , 44) (152 , 51) (153 , 52) (156 , 4) (160 , 8) (161 , 9) (164 , 12) (166 , 14) (168 , 16) (171 , 19) (173 , 21) (176 , 24) (180 , 28) (181 , 29) (182 , 30) (186 , 34) (192 , 40) (198 , 46) (199 , 47) (205 , 2) (206 , 3) (208 , 5) (209 , 6) (210 , 7) (218 , 15) (219 , 16) (224 , 21) (227 , 24) (232 , 29) (241 , 38) (246 , 43) (279 , 25) (280 , 26) (284 , 30) (285 , 31) (288 , 34) (290 , 36) (293 , 39) (295 , 41) (297 , 43) (300 , 46) (302 , 48) (305 , 51) (306 , 52) (307 , 2) (311 , 6) (315 , 10) (316 , 11) (318 , 13) (322 , 17) (330 , 25) (334 , 29) (335 , 30) (338 , 33) (342 , 37) (344 , 39) (345 , 40) (350 , 45) (353 , 48) (357 , 52) (362 , 6) (365 , 9) (367 , 11) (368 , 12) (370 , 14) (371 , 15) (373 , 17) (374 , 18) (376 , 20) (377 , 21) (378 , 22) (380 , 24) (381 , 25) (382 , 26) (383 , 27) (386 , 30) (387 , 31) (389 , 33) (395 , 39) (396 , 40) (397 , 41) (399 , 43) (400 , 44) 

Travel Time: 7680.7412576155011266; Profit: 9986; TSP Distance : 7544.3659000000016022; Weight: 3060 / 45742; 0000000
TSP Tour = 1 49 32 45 19 41 8 9 10 43 33 51 11 52 14 13 47 26 27 28 12 25 4 6 15 5 24 48 38 37 40 39 36 35 34 44 46 16 29 50 20 23 30 2 7 42 21 17 3 18 31 22 1
Knapsack Array = 0 0 0 0 0 0 0 0 0 0 0 0 0 0 0 0 0 0 0 0 0 0 0 0 0 0 0 0 0 0 0 0 0 0 0 0 0 0 0 0 0 0 0 0 0 0 0 0 0 0 0 0 0 0 0 0 0 0 0 0 0 0 0 0 0 0 0 0 0 0 0 0 0 0 0 0 0 0 0 0 0 0 0 0 0 0 0 0 0 0 0 0 0 0 0 0 0 0 0 0 0 0 0 0 0 0 0 0 0 0 0 0 0 0 0 0 0 0 0 0 0 0 0 0 0 0 0 0 0 0 0 0 0 0 0 0 0 0 0 0 0 0 0 0 0 0 0 0 0 0 0 0 0 0 0 0 0 0 0 0 0 0 0 0 0 0 0 0 0 0 0 0 0 0 0 0 0 0 0 0 1 1 0 0 0 1 0 0 0 0 0 1 0 0 0 0 0 1 1 0 0 0 0 0 1 1 0 1 1 1 0 0 0 0 0 0 0 1 1 0 0 0 0 1 0 0 1 0 0 0 0 1 0 0 0 0 0 0 0 0 1 0 0 0 0 0 0 0 0 0 0 0 0 0 0 0 0 0 0 0 0 0 0 0 0 0 0 0 0 0 0 0 0 0 0 0 0 0 0 0 0 0 0 0 0 0 0 0 0 0 0 0 0 0 0 0 0 0 0 0 0 0 0 0 0 0 0 0 0 0 0 0 0 0 0 0 0 0 0 0 0 0 0 0 0 0 0 0 0 0 0 0 0 0 0 0 0 0 0 0 0 0 0 0 0 0 0 0 0 0 0 0 0 0 0 0 0 0 0 0 0 0 0 0 0 0 0 0 0 0 0 0 0 0 0 0 0 0 0 0 0 0 0 0 0 0 0 0 0 0 0 0 0 0 0 0 0 0 0 0 0 0 0 0 0 0 0 0 0 0 0 0 0 0 0 0 0 0 0 0 0 0 0 0 0 0 0 0 0 0 0 0 0 0 0 0 0 0 0 0 0 0 0 0 0 0 0 0 0 0 0 0 0 0 0 0 0 0 0 0 0 0 0 0 0 0 0 0 0 0 0 0 0 0 0 0 0 0 0 0 0 0 0 0 0 0 0 0 0 0 0 0 0 0 0 0 0 0 0 0 0 0 0 0 0 0 0 0 0 0 
Picked Items (item,city) = (181 , 29) (182 , 30) (186 , 34) (192 , 40) (198 , 46) (199 , 47) (205 , 2) (206 , 3) (208 , 5) (209 , 6) (210 , 7) (218 , 15) (219 , 16) (224 , 21) (227 , 24) (232 , 29) (241 , 38) 

Travel Time: 8234.082645291224253; Profit: 27906; TSP Distance : 7544.3659000000016022; Weight: 10862 / 45742; 0000000
TSP Tour = 1 49 32 45 19 41 8 9 10 43 33 51 11 52 14 13 47 26 27 28 12 25 4 6 15 5 24 48 38 37 40 39 36 35 34 44 46 16 29 50 20 23 30 2 7 42 21 17 3 18 31 22 1
Knapsack Array = 0 0 0 0 0 0 0 0 0 0 0 0 0 0 0 0 0 0 0 0 0 0 0 0 0 0 0 0 0 0 0 0 0 0 0 0 0 0 0 0 0 0 0 0 0 0 0 0 0 0 0 0 0 0 0 0 0 0 0 0 0 0 0 0 0 0 0 0 0 0 0 0 0 0 0 0 0 0 0 0 0 0 0 0 0 0 0 0 0 0 0 0 0 0 0 0 0 0 0 0 0 0 0 0 0 0 0 0 0 0 0 0 0 0 0 0 0 0 0 0 0 0 0 0 0 0 0 0 0 0 0 0 0 0 0 0 0 0 0 0 0 0 0 0 0 0 0 0 0 0 0 0 0 0 0 0 0 0 0 0 0 0 0 0 0 0 0 0 0 0 0 0 0 0 0 0 0 0 0 0 0 0 0 0 0 0 0 0 0 0 0 0 0 0 0 0 0 0 0 0 0 0 0 0 0 0 0 0 0 0 0 0 0 0 0 0 0 1 0 0 0 0 0 1 0 0 1 0 0 0 0 1 0 1 0 0 0 0 0 0 1 0 0 0 0 1 0 0 0 1 0 1 0 0 1 0 1 0 0 0 1 1 0 0 0 0 0 0 0 0 0 0 1 0 1 1 1 0 1 1 0 0 0 1 1 0 0 1 0 1 0 0 1 0 1 0 1 0 0 1 0 1 0 0 1 1 1 0 0 0 1 0 0 0 1 1 0 1 0 0 0 1 0 0 0 0 0 0 0 1 0 0 0 1 1 0 0 0 0 0 0 0 0 0 0 0 0 0 0 0 0 0 0 0 0 0 0 0 0 0 0 0 0 0 0 0 0 0 0 0 0 0 0 0 0 0 0 0 0 0 0 0 0 0 0 0 0 0 0 0 0 0 0 0 0 0 0 0 0 0 0 0 0 0 0 0 0 0 0 0 0 0 0 0 0 0 0 0 0 0 0 0 0 0 0 0 0 0 0 0 0 0 0 0 0 0 0 0 0 0 0 0 0 0 0 0 0 0 0 0 0 0 0 0 0 0 0 0 0 0 0 0 0 0 0 0 0 0 0 0 0 0 0 0 0 0 0 0 0 1 0 1 0 0 0 0 0 0 0 0 0 0 0 0 0 0 0 0 0 0 0 0 0 0 0 0 0 0 0 0 
Picked Items (item,city) = (218 , 15) (224 , 21) (227 , 24) (232 , 29) (234 , 31) (241 , 38) (246 , 43) (250 , 47) (252 , 49) (255 , 52) (257 , 3) (261 , 7) (262 , 8) (273 , 19) (275 , 21) (276 , 22) (277 , 23) (279 , 25) (280 , 26) (284 , 30) (285 , 31) (288 , 34) (290 , 36) (293 , 39) (295 , 41) (297 , 43) (300 , 46) (302 , 48) (305 , 51) (306 , 52) (307 , 2) (311 , 6) (315 , 10) (316 , 11) (318 , 13) (322 , 17) (330 , 25) (334 , 29) (335 , 30) (480 , 22) (482 , 24) 

Travel Time: 8526.9770591852357029; Profit: 40504; TSP Distance : 7544.3659000000016022; Weight: 14705 / 45742; 0000000
TSP Tour = 1 49 32 45 19 41 8 9 10 43 33 51 11 52 14 13 47 26 27 28 12 25 4 6 15 5 24 48 38 37 40 39 36 35 34 44 46 16 29 50 20 23 30 2 7 42 21 17 3 18 31 22 1
Knapsack Array = 0 0 0 0 0 0 0 0 0 0 0 0 0 0 0 0 0 0 0 0 0 0 0 0 0 0 0 0 0 0 0 0 0 0 0 0 0 0 0 0 0 0 0 0 0 0 0 0 0 0 0 0 0 0 0 0 0 0 0 0 0 0 0 0 0 0 0 0 0 0 0 0 0 0 0 0 0 0 0 0 0 0 0 0 0 0 0 0 0 0 0 0 0 0 0 0 0 0 0 0 0 0 0 0 0 0 0 0 0 0 0 0 0 0 0 0 0 0 0 0 0 0 0 0 0 0 0 0 0 0 0 0 0 0 0 0 0 0 0 0 0 0 0 0 0 0 0 0 0 0 0 0 0 0 0 0 0 0 0 1 1 0 0 1 0 1 0 1 0 0 1 0 1 0 0 1 0 0 0 1 1 1 0 0 0 1 0 0 0 0 0 1 0 0 0 0 0 1 1 0 0 0 0 0 1 1 0 1 1 1 0 0 0 0 0 0 0 1 1 0 0 0 0 1 0 0 1 0 0 0 0 1 0 1 0 0 0 0 0 0 1 0 0 0 0 1 0 0 0 1 0 1 0 0 1 0 1 0 0 0 1 1 0 0 0 0 0 0 0 0 0 0 1 0 1 1 1 0 1 1 0 0 0 1 1 0 0 1 0 1 0 0 1 0 1 0 1 0 0 1 0 1 0 0 1 1 1 0 0 0 1 0 0 0 1 1 0 1 0 0 0 1 0 0 0 0 0 0 0 1 0 0 0 1 1 0 0 0 0 0 0 0 0 0 0 0 0 0 0 0 0 0 0 0 0 0 0 0 0 0 0 0 0 0 0 0 0 0 0 0 0 0 0 0 0 0 0 0 0 0 0 0 0 0 0 0 0 0 0 0 0 0 0 0 0 0 0 0 0 0 0 0 0 0 0 0 0 0 0 0 0 0 0 0 0 0 0 0 0 0 0 0 0 0 0 0 0 0 0 0 0 0 0 0 0 0 0 0 0 0 0 0 0 0 0 0 0 0 0 0 0 0 0 0 0 0 0 0 0 0 0 0 0 0 0 0 0 0 0 0 0 0 0 0 0 0 0 0 0 1 0 1 0 0 0 0 0 0 0 0 0 0 0 0 0 0 0 0 0 0 0 0 0 0 0 0 0 0 0 0 
Picked Items (item,city) = (160 , 8) (161 , 9) (164 , 12) (166 , 14) (168 , 16) (171 , 19) (173 , 21) (176 , 24) (180 , 28) (181 , 29) (182 , 30) (186 , 34) (192 , 40) (198 , 46) (199 , 47) (205 , 2) (206 , 3) (208 , 5) (209 , 6) (210 , 7) (218 , 15) (219 , 16) (224 , 21) (227 , 24) (232 , 29) (234 , 31) (241 , 38) (246 , 43) (250 , 47) (252 , 49) (255 , 52) (257 , 3) (261 , 7) (262 , 8) (273 , 19) (275 , 21) (276 , 22) (277 , 23) (279 , 25) (280 , 26) (284 , 30) (285 , 31) (288 , 34) (290 , 36) (293 , 39) (295 , 41) (297 , 43) (300 , 46) (302 , 48) (305 , 51) (306 , 52) (307 , 2) (311 , 6) (315 , 10) (316 , 11) (318 , 13) (322 , 17) (330 , 25) (334 , 29) (335 , 30) (480 , 22) (482 , 24) 

Travel Time: 9350.2921446571981505; Profit: 58758; TSP Distance : 7544.3659000000016022; Weight: 20586 / 45742; 0000000
TSP Tour = 1 49 32 45 19 41 8 9 10 43 33 51 11 52 14 13 47 26 27 28 12 25 4 6 15 5 24 48 38 37 40 39 36 35 34 44 46 16 29 50 20 23 30 2 7 42 21 17 3 18 31 22 1
Knapsack Array = 1 0 1 0 0 0 1 1 0 0 0 1 0 0 1 0 1 1 0 0 1 0 1 0 0 0 1 0 0 1 0 0 1 0 0 1 0 0 0 0 1 1 0 0 1 0 0 1 0 0 1 0 1 1 0 0 0 0 1 0 0 0 1 0 1 0 0 0 0 0 0 0 1 1 1 0 1 0 0 0 0 0 1 0 0 0 1 1 0 0 0 0 0 0 0 0 1 0 0 0 0 1 0 1 0 1 0 1 0 1 0 0 1 1 0 0 1 0 0 1 0 0 0 0 1 1 0 0 1 0 0 1 0 0 0 1 0 1 0 1 0 0 0 0 1 0 0 0 0 0 0 1 1 0 0 1 0 0 0 1 1 0 0 1 0 1 0 1 0 0 1 0 1 0 0 1 0 0 0 1 1 1 0 0 0 1 0 0 0 0 0 1 0 0 0 0 0 1 1 0 0 0 0 0 1 1 0 1 1 1 0 0 0 0 0 0 0 1 1 0 0 0 0 1 0 0 1 0 0 0 0 1 0 0 0 0 0 0 0 0 1 0 0 0 0 1 0 0 0 1 0 1 0 0 1 0 1 0 0 0 1 1 0 0 0 0 0 0 0 0 0 0 1 0 1 1 1 0 1 1 0 0 0 1 1 0 0 1 0 0 0 0 0 0 0 0 0 0 0 0 0 0 0 0 0 0 0 0 0 0 0 0 0 0 0 0 0 0 0 0 0 0 0 0 0 0 0 0 0 0 0 0 0 0 0 0 0 0 0 0 0 0 0 0 0 0 0 0 0 0 0 0 0 0 0 0 0 0 0 0 0 0 0 0 0 0 0 0 0 0 0 0 0 0 0 0 0 0 0 0 0 0 0 0 0 0 0 0 0 0 0 0 0 0 0 0 0 0 0 0 0 0 0 0 0 0 0 0 0 0 0 0 0 0 0 0 0 0 0 0 0 0 0 0 0 0 0 0 0 0 0 0 0 0 0 0 0 0 0 0 0 0 0 0 0 0 0 0 0 0 0 0 0 0 0 0 0 0 0 0 0 0 0 0 0 0 0 0 0 0 0 0 0 0 0 0 0 0 0 0 0 0 0 0 0 0 0 0 0 0 0 0 0 0 0 0 0 0 0 0 0 0 0 0 0 0 0 0 0 0 
Picked Items (item,city) = (1 , 2) (3 , 4) (7 , 8) (8 , 9) (12 , 13) (15 , 16) (17 , 18) (18 , 19) (21 , 22) (23 , 24) (27 , 28) (30 , 31) (33 , 34) (36 , 37) (41 , 42) (42 , 43) (45 , 46) (48 , 49) (51 , 52) (53 , 3) (54 , 4) (59 , 9) (63 , 13) (65 , 15) (73 , 23) (74 , 24) (75 , 25) (77 , 27) (83 , 33) (87 , 37) (88 , 38) (97 , 47) (102 , 52) (104 , 3) (106 , 5) (108 , 7) (110 , 9) (113 , 12) (114 , 13) (117 , 16) (120 , 19) (125 , 24) (126 , 25) (129 , 28) (132 , 31) (136 , 35) (138 , 37) (140 , 39) (145 , 44) (152 , 51) (153 , 52) (156 , 4) (160 , 8) (161 , 9) (164 , 12) (166 , 14) (168 , 16) (171 , 19) (173 , 21) (176 , 24) (180 , 28) (181 , 29) (182 , 30) (186 , 34) (192 , 40) (198 , 46) (199 , 47) (205 , 2) (206 , 3) (208 , 5) (209 , 6) (210 , 7) (218 , 15) (219 , 16) (224 , 21) (227 , 24) (232 , 29) (241 , 38) (246 , 43) (250 , 47) (252 , 49) (255 , 52) (257 , 3) (261 , 7) (262 , 8) (273 , 19) (275 , 21) (276 , 22) (277 , 23) (279 , 25) (280 , 26) (284 , 30) (285 , 31) (288 , 34) 

Travel Time: 8254.3338101373028621; Profit: 30328; TSP Distance : 7544.3659000000016022; Weight: 9662 / 45742; 0000000
TSP Tour = 1 49 32 45 19 41 8 9 10 43 33 51 11 52 14 13 47 26 27 28 12 25 4 6 15 5 24 48 38 37 40 39 36 35 34 44 46 16 29 50 20 23 30 2 7 42 21 17 3 18 31 22 1
Knapsack Array = 0 0 0 0 0 0 0 0 0 0 0 0 0 0 0 0 0 0 0 0 0 0 0 0 0 0 0 0 0 0 0 0 0 0 0 0 0 0 0 0 0 0 0 0 0 0 0 0 0 0 0 0 0 0 0 0 0 0 0 0 0 0 0 0 0 0 0 0 0 0 0 0 0 0 0 0 0 0 0 0 0 0 0 0 0 0 0 0 0 0 0 0 0 0 0 0 0 0 0 0 0 1 0 0 0 1 0 1 0 1 0 0 1 1 0 0 1 0 0 1 0 0 0 0 1 1 0 0 1 0 0 1 0 0 0 1 0 0 0 0 0 0 0 0 0 0 0 0 0 0 0 1 1 0 0 1 0 0 0 1 1 0 0 1 0 1 0 1 0 0 1 0 1 0 0 1 0 0 0 1 1 1 0 0 0 1 0 0 0 0 0 1 0 0 0 0 0 1 1 0 0 0 0 0 1 1 0 1 1 1 0 0 0 0 0 0 0 1 1 0 0 0 0 1 0 0 1 0 0 0 0 1 0 0 0 0 0 0 0 0 1 0 0 0 0 1 0 0 0 1 0 1 0 0 1 0 1 0 0 0 1 1 0 0 0 0 0 0 0 0 0 0 0 0 0 0 0 0 0 0 0 0 0 0 0 0 0 0 0 0 0 0 0 0 0 0 0 0 0 0 0 0 0 0 0 0 0 0 0 0 0 0 0 0 0 0 0 0 0 0 0 0 0 0 0 0 0 0 0 0 0 0 0 0 0 0 0 0 0 0 0 0 0 0 0 0 0 0 0 0 0 0 0 0 0 0 0 0 0 0 0 0 0 0 0 0 0 0 0 0 0 0 0 0 0 0 0 0 0 0 0 0 0 0 0 0 0 0 0 0 0 0 0 0 0 0 0 0 0 0 0 0 0 0 0 0 0 0 0 0 0 0 0 0 0 0 0 0 0 0 0 0 0 0 0 0 0 0 0 0 0 0 0 0 0 0 0 0 0 0 0 0 0 0 0 0 0 0 0 0 0 0 0 0 0 0 0 0 0 0 0 0 0 0 0 0 0 0 0 0 0 0 0 0 0 0 0 0 0 0 0 0 0 0 0 0 0 0 0 0 0 0 0 0 0 0 0 0 0 0 0 0 0 0 0 0 0 0 0 0 
Picked Items (item,city) = (102 , 52) (106 , 5) (108 , 7) (110 , 9) (113 , 12) (114 , 13) (117 , 16) (120 , 19) (125 , 24) (126 , 25) (129 , 28) (132 , 31) (136 , 35) (152 , 51) (153 , 52) (156 , 4) (160 , 8) (161 , 9) (164 , 12) (166 , 14) (168 , 16) (171 , 19) (173 , 21) (176 , 24) (180 , 28) (181 , 29) (182 , 30) (186 , 34) (192 , 40) (198 , 46) (199 , 47) (205 , 2) (206 , 3) (208 , 5) (209 , 6) (210 , 7) (218 , 15) (219 , 16) (224 , 21) (227 , 24) (232 , 29) (241 , 38) (246 , 43) (250 , 47) (252 , 49) (255 , 52) (257 , 3) (261 , 7) (262 , 8) 

Travel Time: 8332.5959842379525071; Profit: 34311; TSP Distance : 7544.3659000000016022; Weight: 10789 / 45742; 0000000
TSP Tour = 1 49 32 45 19 41 8 9 10 43 33 51 11 52 14 13 47 26 27 28 12 25 4 6 15 5 24 48 38 37 40 39 36 35 34 44 46 16 29 50 20 23 30 2 7 42 21 17 3 18 31 22 1
Knapsack Array = 0 0 0 0 0 0 0 0 0 0 0 0 0 0 0 0 0 0 0 0 0 0 1 0 0 0 1 0 0 1 0 0 1 0 0 1 0 0 0 0 0 0 0 0 0 0 0 0 0 0 0 0 0 0 0 0 0 0 0 0 0 0 0 0 0 0 0 0 0 0 0 0 0 0 0 0 0 0 0 0 0 0 0 0 0 0 0 0 0 0 0 0 0 0 0 0 0 0 0 0 0 1 0 0 0 1 0 1 0 1 0 0 1 1 0 0 1 0 0 1 0 0 0 0 1 1 0 0 1 0 0 1 0 0 0 1 0 0 0 0 0 0 0 0 0 0 0 0 0 0 0 1 1 0 0 1 0 0 0 1 1 0 0 1 0 1 0 1 0 0 1 0 1 0 0 1 0 0 0 1 1 1 0 0 0 1 0 0 0 0 0 1 0 0 0 0 0 1 1 0 0 0 0 0 1 1 0 1 1 1 0 0 0 0 0 0 0 1 1 0 0 0 0 1 0 0 1 0 0 0 0 1 0 0 0 0 0 0 0 0 1 0 0 0 0 1 0 0 0 1 0 1 0 0 1 0 1 0 0 0 1 1 0 0 0 0 0 0 0 0 0 0 0 0 0 0 0 0 0 0 0 0 0 0 0 0 0 0 0 0 0 0 0 0 0 0 0 0 0 0 0 0 0 0 0 0 0 0 0 0 0 0 0 0 0 0 0 0 0 0 0 0 0 0 0 0 0 0 0 0 0 0 0 0 0 0 0 0 0 0 0 0 0 0 0 0 0 0 0 0 0 0 0 0 0 0 0 0 0 0 0 0 0 0 0 0 0 0 0 0 0 0 0 0 0 0 0 0 0 0 0 0 0 0 0 0 0 0 0 0 0 0 0 0 0 0 0 0 0 0 0 0 0 0 0 0 0 0 0 0 0 0 0 0 0 0 0 0 0 0 0 0 0 0 0 0 0 0 0 0 0 0 0 0 0 0 0 0 0 0 0 0 0 0 0 0 0 0 0 0 0 0 0 0 0 0 0 0 0 0 0 0 0 0 0 0 0 0 0 0 0 0 0 0 0 0 0 0 0 0 0 0 0 0 0 0 0 0 0 0 0 0 0 0 0 0 0 0 0 0 0 0 0 0 0 0 0 0 0 0 
Picked Items (item,city) = (23 , 24) (27 , 28) (30 , 31) (33 , 34) (36 , 37) (102 , 52) (106 , 5) (108 , 7) (110 , 9) (113 , 12) (114 , 13) (117 , 16) (120 , 19) (125 , 24) (126 , 25) (129 , 28) (132 , 31) (136 , 35) (152 , 51) (153 , 52) (156 , 4) (160 , 8) (161 , 9) (164 , 12) (166 , 14) (168 , 16) (171 , 19) (173 , 21) (176 , 24) (180 , 28) (181 , 29) (182 , 30) (186 , 34) (192 , 40) (198 , 46) (199 , 47) (205 , 2) (206 , 3) (208 , 5) (209 , 6) (210 , 7) (218 , 15) (219 , 16) (224 , 21) (227 , 24) (232 , 29) (241 , 38) (246 , 43) (250 , 47) (252 , 49) (255 , 52) (257 , 3) (261 , 7) (262 , 8) 

Travel Time: 8752.9933697158685391; Profit: 46585; TSP Distance : 7544.3659000000016022; Weight: 15705 / 45742; 0000000
TSP Tour = 1 49 32 45 19 41 8 9 10 43 33 51 11 52 14 13 47 26 27 28 12 25 4 6 15 5 24 48 38 37 40 39 36 35 34 44 46 16 29 50 20 23 30 2 7 42 21 17 3 18 31 22 1
Knapsack Array = 0 0 0 0 0 0 0 0 0 0 0 0 0 0 0 0 0 0 0 0 0 0 0 0 0 0 0 0 0 0 0 0 0 0 0 0 0 0 0 0 0 0 0 0 0 0 0 0 0 0 0 0 0 0 0 0 0 0 0 0 0 0 0 0 0 0 0 0 0 0 0 0 0 0 0 0 0 0 0 0 0 0 0 0 0 0 0 0 0 0 0 0 0 0 0 0 0 0 0 0 0 0 0 0 0 0 0 0 0 0 0 0 0 0 0 0 0 0 0 0 0 0 0 0 0 0 0 0 0 0 0 0 0 0 0 0 0 0 0 1 0 0 0 0 1 0 0 0 0 0 0 1 1 0 0 1 0 0 0 1 1 0 0 1 0 1 0 1 0 0 1 0 1 0 0 1 0 0 0 1 1 1 0 0 0 1 0 0 0 0 0 1 0 0 0 0 0 1 1 0 0 0 0 0 1 1 0 1 1 1 0 0 0 0 0 0 0 1 1 0 0 0 0 1 0 0 1 0 0 0 0 1 0 0 0 0 0 0 0 0 1 0 0 0 0 1 0 0 0 1 0 1 0 0 1 0 1 0 0 0 1 1 0 0 0 0 0 0 0 0 0 0 1 0 1 1 1 0 1 1 0 0 0 1 1 0 0 1 0 1 0 0 1 0 1 0 1 0 0 1 0 1 0 0 1 1 1 0 0 0 1 0 0 0 1 1 0 1 0 0 0 1 0 0 0 0 0 0 0 1 0 0 0 1 1 0 0 1 0 0 0 1 0 1 1 0 0 0 0 1 0 0 1 0 0 0 0 0 0 0 0 0 0 0 0 0 0 0 0 0 0 0 0 0 0 0 0 0 0 0 0 0 0 0 0 0 0 0 0 0 0 0 0 0 0 0 0 0 0 0 0 0 0 0 0 0 0 0 0 0 0 0 0 0 0 0 0 0 0 0 0 0 0 0 0 0 0 0 0 0 0 0 0 0 0 0 0 0 0 0 0 0 0 0 0 0 0 0 0 0 0 0 0 0 0 0 0 0 0 0 0 0 0 0 0 0 0 0 0 0 0 0 0 0 0 0 0 0 0 0 0 0 0 0 0 0 0 0 0 0 0 0 0 0 0 0 0 0 0 0 0 0 0 0 0 0 0 0 0 0 
Picked Items (item,city) = (140 , 39) (145 , 44) (152 , 51) (153 , 52) (156 , 4) (160 , 8) (161 , 9) (164 , 12) (166 , 14) (168 , 16) (171 , 19) (173 , 21) (176 , 24) (180 , 28) (181 , 29) (182 , 30) (186 , 34) (192 , 40) (198 , 46) (199 , 47) (205 , 2) (206 , 3) (208 , 5) (209 , 6) (210 , 7) (218 , 15) (219 , 16) (224 , 21) (227 , 24) (232 , 29) (241 , 38) (246 , 43) (250 , 47) (252 , 49) (255 , 52) (257 , 3) (261 , 7) (262 , 8) (273 , 19) (275 , 21) (276 , 22) (277 , 23) (279 , 25) (280 , 26) (284 , 30) (285 , 31) (288 , 34) (290 , 36) (293 , 39) (295 , 41) (297 , 43) (300 , 46) (302 , 48) (305 , 51) (306 , 52) (307 , 2) (311 , 6) (315 , 10) (316 , 11) (318 , 13) (322 , 17) (330 , 25) (334 , 29) (335 , 30) (338 , 33) (342 , 37) (344 , 39) (345 , 40) (350 , 45) (353 , 48) 

Travel Time: 9053.5807255464915215; Profit: 53633; TSP Distance : 7544.3659000000016022; Weight: 18066 / 45742; 0000000
TSP Tour = 1 49 32 45 19 41 8 9 10 43 33 51 11 52 14 13 47 26 27 28 12 25 4 6 15 5 24 48 38 37 40 39 36 35 34 44 46 16 29 50 20 23 30 2 7 42 21 17 3 18 31 22 1
Knapsack Array = 0 0 0 0 0 0 0 0 0 0 0 0 0 0 0 0 0 0 0 0 0 0 0 0 0 0 0 0 0 0 0 0 0 0 0 0 0 0 0 0 0 0 0 0 0 0 0 0 0 0 0 0 0 0 0 0 0 0 0 0 0 0 0 0 0 0 0 0 0 0 0 0 0 0 0 0 0 0 0 0 0 0 0 0 0 0 0 0 0 0 0 0 0 0 0 0 0 0 0 0 0 0 0 0 0 0 0 0 0 0 0 0 0 0 0 0 0 0 0 0 0 0 0 0 0 0 0 0 0 0 0 0 0 0 0 0 0 0 0 1 0 0 0 0 1 0 0 0 0 0 0 1 1 0 0 1 0 0 0 1 1 0 0 1 0 1 0 1 0 0 1 0 1 0 0 1 0 0 0 1 1 1 0 0 0 1 0 0 0 0 0 1 0 0 0 0 0 1 1 0 0 0 0 0 1 1 0 1 1 1 0 0 0 0 0 0 0 1 1 0 0 0 0 1 0 0 1 0 0 0 0 1 0 0 0 0 0 0 0 0 1 0 0 0 0 1 0 0 0 1 0 1 0 0 1 0 1 0 0 0 1 1 0 0 0 0 0 0 0 0 0 0 1 0 1 1 1 0 1 1 0 0 0 1 1 0 0 1 0 1 0 0 1 0 1 0 1 0 0 1 0 1 0 0 1 1 1 0 0 0 1 0 0 0 1 1 0 1 0 0 0 1 0 0 0 0 0 0 0 1 0 0 0 1 1 0 0 1 0 0 0 1 0 1 1 0 0 0 0 1 0 0 1 0 0 0 0 0 0 0 0 0 0 0 0 0 0 0 0 0 0 0 0 0 0 0 0 0 0 0 0 0 0 0 0 0 0 0 0 0 0 0 0 0 0 0 1 0 1 1 0 0 1 0 1 0 0 0 1 1 1 1 0 0 0 0 0 0 0 0 0 0 0 0 0 0 0 0 0 0 0 0 0 0 0 0 1 0 0 0 1 0 0 0 0 0 0 0 0 0 0 0 0 0 0 0 0 0 0 0 0 0 0 1 0 0 0 0 0 0 0 0 0 0 0 0 0 1 0 0 0 0 0 0 0 0 0 0 0 0 0 0 0 0 0 0 0 0 0 0 0 0 0 1 0 0 0 0 0 0 
Picked Items (item,city) = (140 , 39) (145 , 44) (152 , 51) (153 , 52) (156 , 4) (160 , 8) (161 , 9) (164 , 12) (166 , 14) (168 , 16) (171 , 19) (173 , 21) (176 , 24) (180 , 28) (181 , 29) (182 , 30) (186 , 34) (192 , 40) (198 , 46) (199 , 47) (205 , 2) (206 , 3) (208 , 5) (209 , 6) (210 , 7) (218 , 15) (219 , 16) (224 , 21) (227 , 24) (232 , 29) (241 , 38) (246 , 43) (250 , 47) (252 , 49) (255 , 52) (257 , 3) (261 , 7) (262 , 8) (273 , 19) (275 , 21) (276 , 22) (277 , 23) (279 , 25) (280 , 26) (284 , 30) (285 , 31) (288 , 34) (290 , 36) (293 , 39) (295 , 41) (297 , 43) (300 , 46) (302 , 48) (305 , 51) (306 , 52) (307 , 2) (311 , 6) (315 , 10) (316 , 11) (318 , 13) (322 , 17) (330 , 25) (334 , 29) (335 , 30) (338 , 33) (342 , 37) (344 , 39) (345 , 40) (350 , 45) (353 , 48) (397 , 41) (399 , 43) (400 , 44) (403 , 47) (405 , 49) (409 , 2) (410 , 3) (411 , 4) (412 , 5) (437 , 30) (441 , 34) (464 , 6) (478 , 20) (504 , 46) 

Travel Time: 9031.6786228002201824; Profit: 53481; TSP Distance : 7544.3659000000016022; Weight: 17867 / 45742; 0000000
TSP Tour = 1 49 32 45 19 41 8 9 10 43 33 51 11 52 14 13 47 26 27 28 12 25 4 6 15 5 24 48 38 37 40 39 36 35 34 44 46 16 29 50 20 23 30 2 7 42 21 17 3 18 31 22 1
Knapsack Array = 0 0 0 0 0 0 0 0 0 0 0 0 0 0 0 0 0 0 0 0 0 0 0 0 0 0 0 0 0 0 0 0 0 0 0 0 0 0 0 0 0 0 0 0 0 0 0 0 0 0 0 0 0 0 0 0 0 0 0 0 0 0 0 0 0 0 0 0 0 0 0 0 0 0 0 0 0 0 0 0 0 0 0 0 0 0 0 0 0 0 0 0 0 0 0 0 0 0 0 0 0 0 0 0 0 0 0 0 0 0 0 0 0 0 0 0 0 0 0 0 0 0 0 0 0 0 0 0 0 0 0 0 0 0 0 0 0 0 0 1 0 0 0 0 1 0 0 0 0 0 0 1 1 0 0 1 0 0 0 1 1 0 0 1 0 1 0 1 0 0 1 0 1 0 0 1 0 0 0 1 1 1 0 0 0 1 0 0 0 0 0 1 0 0 0 0 0 1 1 0 0 0 0 0 1 1 0 1 1 1 0 0 0 0 0 0 0 1 1 0 0 0 0 1 0 0 1 0 0 0 0 1 0 0 0 0 0 0 0 0 1 0 0 0 0 1 0 0 0 1 0 1 0 0 1 0 1 0 0 0 1 1 0 0 0 0 0 0 0 0 0 0 1 0 1 1 1 0 1 1 0 0 0 1 1 0 0 1 0 1 0 0 1 0 1 0 1 0 0 1 0 1 0 0 1 1 1 0 0 0 1 0 0 0 1 1 0 1 0 0 0 1 0 0 0 0 0 0 0 1 0 0 0 1 1 0 0 1 0 0 0 1 0 1 1 0 0 0 0 1 0 0 1 0 0 0 0 0 0 0 0 0 0 0 0 0 0 0 0 0 0 0 0 0 0 0 0 0 0 0 0 0 0 0 0 0 0 0 0 0 0 0 0 0 0 0 1 0 1 1 0 0 1 0 1 0 0 0 1 1 1 1 0 0 0 0 0 0 0 0 0 0 0 0 0 0 0 0 0 0 0 0 0 0 0 0 1 0 0 0 1 0 0 0 0 0 0 0 0 0 0 0 0 0 0 0 0 0 0 0 0 0 0 1 0 0 0 0 0 0 0 0 0 0 0 0 0 1 0 0 0 0 0 0 0 0 0 0 1 0 0 0 0 0 0 0 0 0 0 0 0 0 0 0 0 0 0 0 0 0 
Picked Items (item,city) = (140 , 39) (145 , 44) (152 , 51) (153 , 52) (156 , 4) (160 , 8) (161 , 9) (164 , 12) (166 , 14) (168 , 16) (171 , 19) (173 , 21) (176 , 24) (180 , 28) (181 , 29) (182 , 30) (186 , 34) (192 , 40) (198 , 46) (199 , 47) (205 , 2) (206 , 3) (208 , 5) (209 , 6) (210 , 7) (218 , 15) (219 , 16) (224 , 21) (227 , 24) (232 , 29) (241 , 38) (246 , 43) (250 , 47) (252 , 49) (255 , 52) (257 , 3) (261 , 7) (262 , 8) (273 , 19) (275 , 21) (276 , 22) (277 , 23) (279 , 25) (280 , 26) (284 , 30) (285 , 31) (288 , 34) (290 , 36) (293 , 39) (295 , 41) (297 , 43) (300 , 46) (302 , 48) (305 , 51) (306 , 52) (307 , 2) (311 , 6) (315 , 10) (316 , 11) (318 , 13) (322 , 17) (330 , 25) (334 , 29) (335 , 30) (338 , 33) (342 , 37) (344 , 39) (345 , 40) (350 , 45) (353 , 48) (397 , 41) (399 , 43) (400 , 44) (403 , 47) (405 , 49) (409 , 2) (410 , 3) (411 , 4) (412 , 5) (437 , 30) (441 , 34) (464 , 6) (478 , 20) (489 , 31) 

Travel Time: 14549.743558361404212; Profit: 108289; TSP Distance : 7544.3659000000016022; Weight: 42004 / 45742; 0000000
TSP Tour = 1 49 32 45 19 41 8 9 10 43 33 51 11 52 14 13 47 26 27 28 12 25 4 6 15 5 24 48 38 37 40 39 36 35 34 44 46 16 29 50 20 23 30 2 7 42 21 17 3 18 31 22 1
Knapsack Array = 1 0 0 0 0 0 1 1 0 0 0 1 0 1 0 0 1 1 0 1 1 0 1 0 0 0 1 0 0 0 0 1 1 0 0 1 0 0 0 0 0 1 0 0 0 0 0 0 0 0 0 0 0 0 0 0 0 0 0 0 0 0 0 0 0 0 0 0 0 0 0 0 1 1 1 0 1 0 0 0 0 0 1 0 0 0 1 1 0 0 0 0 0 0 0 0 1 0 0 0 0 1 0 1 0 1 0 1 0 1 0 0 1 1 0 0 1 0 0 1 0 0 0 0 1 1 0 0 1 0 0 1 0 0 0 1 0 1 0 1 0 0 0 0 1 0 0 0 0 0 0 1 1 0 0 1 0 0 0 1 1 0 0 1 0 1 0 1 0 0 1 0 1 0 0 1 0 0 0 1 1 1 0 0 0 1 0 0 0 0 0 1 0 0 0 0 0 1 1 0 0 0 0 0 1 1 0 1 1 1 0 0 0 0 0 0 0 1 1 0 0 0 0 1 0 0 1 0 0 0 0 1 0 0 0 0 0 0 0 0 1 0 0 0 0 1 0 0 0 1 0 1 0 0 1 0 1 0 0 0 1 1 0 0 0 0 0 0 0 0 0 0 1 0 1 1 1 0 1 1 0 0 0 1 1 0 1 1 0 1 0 0 1 0 1 0 1 0 0 1 0 1 0 0 1 1 1 0 0 0 0 0 0 0 1 1 0 1 0 0 0 1 0 0 0 0 0 0 0 1 0 0 0 1 0 0 0 1 0 0 0 1 0 0 1 0 0 0 0 1 0 0 1 0 0 0 1 1 0 0 0 1 0 0 1 0 1 1 0 1 1 0 1 1 0 1 1 1 0 1 1 1 1 0 0 1 1 0 1 0 0 0 0 0 1 1 1 0 1 1 0 0 1 0 0 0 0 0 1 1 1 1 1 0 0 0 1 0 0 0 1 0 1 0 0 0 1 0 0 0 1 0 1 0 0 0 1 1 0 0 1 0 0 1 0 0 0 0 1 1 0 1 0 0 0 0 1 0 1 1 1 0 0 1 0 1 0 0 0 0 0 1 0 1 1 0 0 0 1 0 0 0 0 0 0 1 0 1 1 0 1 1 0 1 1 0 1 1 0 1 0 0 1 1 0 0 0 0 1 0 
Picked Items (item,city) = (1 , 2) (7 , 8) (8 , 9) (12 , 13) (14 , 15) (17 , 18) (18 , 19) (20 , 21) (21 , 22) (23 , 24) (27 , 28) (32 , 33) (33 , 34) (36 , 37) (42 , 43) (73 , 23) (74 , 24) (75 , 25) (77 , 27) (83 , 33) (87 , 37) (88 , 38) (97 , 47) (102 , 52) (104 , 3) (106 , 5) (108 , 7) (110 , 9) (113 , 12) (114 , 13) (117 , 16) (120 , 19) (125 , 24) (126 , 25) (129 , 28) (132 , 31) (136 , 35) (138 , 37) (140 , 39) (145 , 44) (152 , 51) (153 , 52) (156 , 4) (160 , 8) (161 , 9) (164 , 12) (166 , 14) (168 , 16) (171 , 19) (173 , 21) (176 , 24) (180 , 28) (181 , 29) (182 , 30) (186 , 34) (192 , 40) (198 , 46) (199 , 47) (205 , 2) (206 , 3) (208 , 5) (209 , 6) (210 , 7) (218 , 15) (219 , 16) (224 , 21) (227 , 24) (232 , 29) (241 , 38) (246 , 43) (250 , 47) (252 , 49) (255 , 52) (257 , 3) (261 , 7) (262 , 8) (273 , 19) (275 , 21) (276 , 22) (277 , 23) (279 , 25) (280 , 26) (284 , 30) (285 , 31) (287 , 33) (288 , 34) (290 , 36) (293 , 39) (295 , 41) (297 , 43) (300 , 46) (302 , 48) (305 , 51) (306 , 52) (307 , 2) (315 , 10) (316 , 11) (318 , 13) (322 , 17) (330 , 25) (334 , 29) (338 , 33) (342 , 37) (345 , 40) (350 , 45) (353 , 48) (357 , 52) (358 , 2) (362 , 6) (365 , 9) (367 , 11) (368 , 12) (370 , 14) (371 , 15) (373 , 17) (374 , 18) (376 , 20) (377 , 21) (378 , 22) (380 , 24) (381 , 25) (382 , 26) (383 , 27) (386 , 30) (387 , 31) (389 , 33) (395 , 39) (396 , 40) (397 , 41) (399 , 43) (400 , 44) (403 , 47) (409 , 2) (410 , 3) (411 , 4) (412 , 5) (413 , 6) (417 , 10) (421 , 14) (423 , 16) (427 , 20) (431 , 24) (433 , 26) (437 , 30) (438 , 31) (441 , 34) (444 , 37) (449 , 42) (450 , 43) (452 , 45) (457 , 50) (459 , 52) (460 , 2) (461 , 3) (464 , 6) (466 , 8) (472 , 14) (474 , 16) (475 , 17) (479 , 21) (486 , 28) (488 , 30) (489 , 31) (491 , 33) (492 , 34) (494 , 36) (495 , 37) (497 , 39) (498 , 40) (500 , 42) (503 , 45) (504 , 46) (509 , 51) 

Travel Time: 10176.751875570911579; Profit: 71888; TSP Distance : 7544.3659000000016022; Weight: 27596 / 45742; 0000000
TSP Tour = 1 49 32 45 19 41 8 9 10 43 33 51 11 52 14 13 47 26 27 28 12 25 4 6 15 5 24 48 38 37 40 39 36 35 34 44 46 16 29 50 20 23 30 2 7 42 21 17 3 18 31 22 1
Knapsack Array = 0 0 0 0 0 0 0 0 0 0 0 0 0 0 0 0 0 0 0 0 0 0 0 0 0 0 0 0 0 0 0 0 0 0 0 0 0 0 0 0 0 0 0 0 0 0 0 0 0 0 0 0 0 0 0 0 0 0 0 0 0 0 0 0 0 0 0 0 0 0 0 0 0 0 0 0 0 0 0 0 0 0 0 0 0 0 0 0 0 0 0 0 0 0 0 0 0 0 0 0 0 0 0 0 0 0 0 0 0 0 0 0 0 0 0 0 0 0 0 0 0 0 0 0 0 0 0 0 0 0 0 0 0 0 0 0 0 0 0 0 0 0 0 0 0 0 0 0 0 0 0 1 1 0 0 1 0 0 0 1 1 0 0 1 0 1 0 1 0 0 1 0 1 0 0 1 0 0 0 1 1 1 0 0 0 1 0 0 0 0 0 1 0 0 0 0 0 1 1 0 0 0 0 0 1 1 0 1 1 1 0 0 0 0 0 0 0 1 1 0 0 0 0 1 0 0 1 0 0 0 0 1 0 0 0 0 0 0 0 0 1 0 0 0 0 1 0 0 0 1 0 1 0 0 1 0 1 0 0 0 1 1 0 0 0 0 0 0 0 0 0 0 1 0 1 1 1 0 1 1 0 0 0 1 1 0 1 1 0 1 0 0 0 0 1 0 1 0 0 1 0 1 0 0 1 1 1 0 0 0 0 0 0 0 1 1 0 1 1 0 0 1 0 0 0 0 0 0 0 0 0 0 0 0 0 0 0 0 0 0 0 0 0 0 1 0 0 0 0 1 0 0 1 0 0 0 1 1 0 0 0 1 0 0 1 0 1 1 0 1 1 0 1 1 0 1 1 1 0 1 1 1 1 0 0 1 1 0 1 0 0 0 0 0 1 1 1 0 1 1 0 0 1 0 0 0 0 0 1 1 1 1 1 0 0 0 1 0 0 0 1 0 1 0 0 0 1 0 0 0 1 0 1 0 0 0 1 1 0 0 1 0 0 1 0 0 0 0 1 1 0 1 0 0 0 0 1 0 1 1 1 0 0 1 0 1 0 0 0 0 0 1 0 1 1 0 0 0 0 0 0 0 0 0 0 0 0 0 0 0 0 0 0 0 0 0 0 0 0 0 0 0 0 0 0 0 0 0 0 0 
Picked Items (item,city) = (152 , 51) (153 , 52) (156 , 4) (160 , 8) (161 , 9) (164 , 12) (166 , 14) (168 , 16) (171 , 19) (173 , 21) (176 , 24) (180 , 28) (181 , 29) (182 , 30) (186 , 34) (192 , 40) (198 , 46) (199 , 47) (205 , 2) (206 , 3) (208 , 5) (209 , 6) (210 , 7) (218 , 15) (219 , 16) (224 , 21) (227 , 24) (232 , 29) (241 , 38) (246 , 43) (250 , 47) (252 , 49) (255 , 52) (257 , 3) (261 , 7) (262 , 8) (273 , 19) (275 , 21) (276 , 22) (277 , 23) (279 , 25) (280 , 26) (284 , 30) (285 , 31) (287 , 33) (288 , 34) (290 , 36) (295 , 41) (297 , 43) (300 , 46) (302 , 48) (305 , 51) (306 , 52) (307 , 2) (315 , 10) (316 , 11) (318 , 13) (319 , 14) (322 , 17) (345 , 40) (350 , 45) (353 , 48) (357 , 52) (358 , 2) (362 , 6) (365 , 9) (367 , 11) (368 , 12) (370 , 14) (371 , 15) (373 , 17) (374 , 18) (376 , 20) (377 , 21) (378 , 22) (380 , 24) (381 , 25) (382 , 26) (383 , 27) (386 , 30) (387 , 31) (389 , 33) (395 , 39) (396 , 40) (397 , 41) (399 , 43) (400 , 44) (403 , 47) (409 , 2) (410 , 3) (411 , 4) (412 , 5) (413 , 6) (417 , 10) (421 , 14) (423 , 16) (427 , 20) (431 , 24) (433 , 26) (437 , 30) (438 , 31) (441 , 34) (444 , 37) (449 , 42) (450 , 43) (452 , 45) (457 , 50) (459 , 52) (460 , 2) (461 , 3) (464 , 6) (466 , 8) (472 , 14) (474 , 16) (475 , 17) 

Travel Time: 8695.1596150431760179; Profit: 43283; TSP Distance : 7544.3659000000016022; Weight: 15385 / 45742; 0000000
TSP Tour = 1 49 32 45 19 41 8 9 10 43 33 51 11 52 14 13 47 26 27 28 12 25 4 6 15 5 24 48 38 37 40 39 36 35 34 44 46 16 29 50 20 23 30 2 7 42 21 17 3 18 31 22 1
Knapsack Array = 0 0 0 0 0 0 0 0 0 0 0 0 0 0 0 0 0 0 0 0 0 0 0 0 0 0 0 0 0 0 0 0 0 0 0 0 0 0 0 0 0 0 0 0 0 0 0 0 0 0 0 0 0 0 0 0 0 0 0 0 0 0 0 0 0 0 0 0 0 0 0 0 0 0 0 0 0 0 0 0 0 0 0 0 0 0 0 0 0 0 0 0 0 0 0 0 0 0 0 0 0 0 0 0 0 0 0 0 0 0 0 0 0 0 0 0 0 0 0 0 0 0 0 0 0 0 0 0 0 0 0 0 0 0 0 0 0 0 0 0 0 0 0 0 0 0 0 0 0 0 0 0 0 0 0 0 0 0 0 0 0 0 0 0 0 0 0 0 0 0 1 0 1 0 0 1 0 0 0 1 1 1 0 0 0 1 0 0 0 0 0 1 0 0 0 0 0 1 1 0 0 0 0 0 1 1 0 1 1 1 0 0 0 0 0 0 0 1 1 0 0 0 0 1 0 0 1 0 0 0 0 1 0 0 0 0 0 0 0 0 1 0 0 0 0 1 0 0 0 1 0 1 0 0 1 0 1 0 0 0 1 1 0 0 0 0 0 0 0 0 0 0 1 0 1 1 1 0 1 1 0 0 0 1 1 0 0 1 0 1 0 0 1 0 1 0 1 0 0 1 0 1 0 0 1 1 1 0 0 0 1 0 0 0 1 1 0 1 0 0 0 1 0 0 0 0 0 0 0 0 0 0 0 0 0 0 0 0 0 0 0 0 0 0 0 0 0 0 0 0 0 0 0 0 0 0 0 0 0 0 0 0 0 0 0 0 0 0 0 0 0 0 0 0 0 0 0 0 0 0 0 0 0 0 0 0 0 0 0 0 0 0 0 0 0 0 0 0 0 0 0 0 0 0 0 0 0 0 0 0 0 0 0 0 0 0 0 0 0 0 0 0 0 0 0 0 0 0 0 0 0 0 0 0 0 0 0 0 0 0 0 0 0 0 0 0 0 0 1 1 0 1 0 0 0 0 1 0 1 0 1 0 1 1 0 1 0 0 1 0 0 1 0 1 1 0 0 1 1 0 0 0 0 0 0 1 0 0 0 0 0 0 0 0 0 0 0 0 0 0 0 0 0 0 0 1 0 0 0 0 
Picked Items (item,city) = (171 , 19) (173 , 21) (176 , 24) (180 , 28) (181 , 29) (182 , 30) (186 , 34) (192 , 40) (198 , 46) (199 , 47) (205 , 2) (206 , 3) (208 , 5) (209 , 6) (210 , 7) (218 , 15) (219 , 16) (224 , 21) (227 , 24) (232 , 29) (241 , 38) (246 , 43) (250 , 47) (252 , 49) (255 , 52) (257 , 3) (261 , 7) (262 , 8) (273 , 19) (275 , 21) (276 , 22) (277 , 23) (279 , 25) (280 , 26) (284 , 30) (285 , 31) (288 , 34) (290 , 36) (293 , 39) (295 , 41) (297 , 43) (300 , 46) (302 , 48) (305 , 51) (306 , 52) (307 , 2) (311 , 6) (315 , 10) (316 , 11) (318 , 13) (322 , 17) (449 , 42) (450 , 43) (452 , 45) (457 , 50) (459 , 52) (461 , 3) (463 , 5) (464 , 6) (466 , 8) (469 , 11) (472 , 14) (474 , 16) (475 , 17) (478 , 20) (479 , 21) (486 , 28) (506 , 48) 

Travel Time: 8935.2429712372704671; Profit: 49773; TSP Distance : 7544.3659000000016022; Weight: 17345 / 45742; 0000000
TSP Tour = 1 49 32 45 19 41 8 9 10 43 33 51 11 52 14 13 47 26 27 28 12 25 4 6 15 5 24 48 38 37 40 39 36 35 34 44 46 16 29 50 20 23 30 2 7 42 21 17 3 18 31 22 1
Knapsack Array = 0 0 0 0 0 0 0 0 0 0 0 0 0 0 0 0 0 0 0 0 0 0 0 0 0 0 0 0 0 0 0 0 0 0 0 0 0 0 0 0 0 0 0 0 0 0 0 0 0 0 0 0 0 0 0 0 0 0 0 0 0 0 0 0 0 0 0 0 0 0 0 0 0 0 0 0 0 0 0 0 0 0 0 0 0 0 0 0 0 0 0 0 0 0 0 0 0 0 0 0 0 0 0 0 0 0 0 0 0 0 0 0 0 0 0 0 0 0 0 0 0 0 0 0 0 0 0 0 0 0 0 0 0 0 0 0 0 0 0 0 0 0 0 0 0 0 0 0 0 0 0 1 1 0 0 1 0 0 0 1 1 0 0 1 0 1 0 1 0 0 1 0 1 0 0 1 0 0 0 1 1 1 0 0 0 1 0 0 0 0 0 1 0 0 0 0 0 1 1 0 0 0 0 0 1 1 0 1 1 1 0 0 0 0 0 0 0 1 1 0 0 0 0 1 0 0 1 0 0 0 0 1 0 0 0 0 0 0 0 0 1 0 0 0 0 1 0 0 0 1 0 1 0 0 1 0 1 0 0 0 1 1 0 0 0 0 0 0 0 0 0 0 1 0 1 1 1 0 1 1 0 0 0 1 1 0 0 1 0 1 0 0 1 0 1 0 1 0 0 1 0 1 0 0 1 1 1 0 0 0 1 0 0 0 1 1 0 1 0 0 0 1 0 0 0 0 0 0 0 1 0 0 0 0 0 0 0 0 0 0 0 0 0 0 0 0 0 0 0 0 0 0 0 0 0 0 0 0 0 0 0 0 0 0 0 0 0 0 0 0 0 0 0 0 0 0 0 0 0 0 0 0 0 0 0 0 0 0 0 0 0 0 0 0 0 0 0 0 0 0 0 0 0 0 0 0 0 0 0 0 0 0 0 0 0 0 0 0 0 0 0 0 0 0 0 0 0 0 0 0 0 0 0 0 0 0 0 0 0 0 0 0 0 0 0 0 0 0 1 1 0 1 0 0 0 0 1 0 1 0 1 0 1 1 0 1 0 0 1 0 0 1 0 1 1 0 0 1 1 0 0 0 0 0 0 1 0 0 0 0 0 0 0 0 0 0 0 0 0 0 0 0 0 0 0 1 0 0 0 0 
Picked Items (item,city) = (152 , 51) (153 , 52) (156 , 4) (160 , 8) (161 , 9) (164 , 12) (166 , 14) (168 , 16) (171 , 19) (173 , 21) (176 , 24) (180 , 28) (181 , 29) (182 , 30) (186 , 34) (192 , 40) (198 , 46) (199 , 47) (205 , 2) (206 , 3) (208 , 5) (209 , 6) (210 , 7) (218 , 15) (219 , 16) (224 , 21) (227 , 24) (232 , 29) (241 , 38) (246 , 43) (250 , 47) (252 , 49) (255 , 52) (257 , 3) (261 , 7) (262 , 8) (273 , 19) (275 , 21) (276 , 22) (277 , 23) (279 , 25) (280 , 26) (284 , 30) (285 , 31) (288 , 34) (290 , 36) (293 , 39) (295 , 41) (297 , 43) (300 , 46) (302 , 48) (305 , 51) (306 , 52) (307 , 2) (311 , 6) (315 , 10) (316 , 11) (318 , 13) (322 , 17) (330 , 25) (449 , 42) (450 , 43) (452 , 45) (457 , 50) (459 , 52) (461 , 3) (463 , 5) (464 , 6) (466 , 8) (469 , 11) (472 , 14) (474 , 16) (475 , 17) (478 , 20) (479 , 21) (486 , 28) (506 , 48) 

Travel Time: 7647.9576569011487663; Profit: 1922; TSP Distance : 7544.3659000000006927; Weight: 2027 / 45742; 0000000
TSP Tour = 1 22 31 18 3 17 21 42 7 2 30 23 20 50 29 16 46 44 34 35 36 39 40 37 38 48 24 5 15 6 4 25 12 28 27 26 47 13 14 52 11 51 33 43 10 9 8 41 19 45 32 49 1
Knapsack Array = 0 0 0 0 0 0 0 0 0 0 0 0 0 0 0 0 0 0 0 0 0 0 0 0 0 0 0 0 0 0 0 0 0 0 0 0 0 0 0 0 0 0 0 0 0 0 0 0 0 0 0 0 0 0 0 0 0 0 0 0 0 0 0 0 0 0 0 0 0 0 0 0 0 0 0 0 0 0 0 0 0 0 0 0 0 0 0 0 0 0 0 0 0 0 0 0 0 0 0 0 0 0 0 0 0 0 0 0 0 0 0 0 0 0 0 0 0 0 0 0 0 0 0 0 0 0 0 0 0 0 0 0 0 0 0 0 0 0 0 0 0 0 0 0 0 0 0 0 0 0 0 0 0 0 0 0 0 0 0 0 0 0 0 0 0 0 0 0 0 0 0 0 0 0 0 0 0 0 0 0 0 0 0 0 0 0 0 0 0 0 0 0 0 0 0 0 0 0 0 0 0 0 0 0 0 0 0 0 0 0 0 0 0 0 0 0 0 0 0 0 0 0 0 0 0 0 0 0 0 0 0 0 0 0 0 0 0 0 0 0 0 0 0 0 0 0 0 0 0 0 0 0 0 0 0 0 0 0 0 0 0 0 0 0 0 0 0 0 0 0 0 0 0 0 0 0 0 0 0 0 0 0 0 0 0 0 0 0 0 0 0 0 0 0 0 0 0 0 0 0 0 0 0 0 0 0 0 0 0 0 0 0 0 0 0 0 0 0 0 0 0 0 0 0 0 0 0 0 0 0 0 0 0 0 0 0 0 0 0 0 0 0 0 0 0 0 0 0 0 0 0 0 0 0 0 0 0 0 0 0 0 0 0 0 0 0 0 0 0 0 0 0 0 0 0 0 0 0 0 0 0 0 0 0 0 0 0 0 0 0 0 0 0 0 0 0 0 0 0 0 0 0 0 0 0 0 0 0 0 0 0 0 0 0 0 0 0 0 0 0 0 0 0 0 0 0 0 0 0 0 0 0 0 0 0 0 0 0 0 0 0 0 0 0 0 0 0 0 0 0 0 0 0 0 0 0 0 0 0 0 0 0 0 0 0 0 0 0 0 0 0 0 0 0 0 0 0 0 0 0 0 0 0 0 0 0 0 0 0 0 0 0 0 0 0 0 0 1 0 0 0 0 0 0 0 0 1 1 1 0 
Picked Items (item,city) = (498 , 40) (507 , 49) (508 , 50) (509 , 51) 


Pareto (Travel Time; Profit; IsValid)

10740.979078984693842 ; 80857; 0000000
10375.943963422321758 ; 77273; 0000000
7544.3659000000006927 ; 0; 0000000
7787.2694965266164218 ; 15938; 0000000
9067.1063621767170844 ; 54674; 0000000
7590.3693191642487363 ; 1867; 0000000
10046.139151194673104 ; 69881; 0000000
7663.1831135924585396 ; 5077; 0000000
7669.6101610692330723 ; 7201; 0000000
7924.940869245840986 ; 20158; 0000000
7849.3780116522930257 ; 16910; 0000000
10988.317845917221348 ; 85609; 0000000
8766.2811703510014922 ; 46766; 0000000
10764.196431186310292 ; 81930; 0000000
9693.6459568169120757 ; 64651; 0000000
13617.909209397766972 ; 106883; 0000000
11371.038258237771515 ; 86392; 0000000
7680.7412576155011266 ; 9986; 0000000
8234.082645291224253 ; 27906; 0000000
8526.9770591852357029 ; 40504; 0000000
9350.2921446571981505 ; 58758; 0000000
8254.3338101373028621 ; 30328; 0000000
8332.5959842379525071 ; 34311; 0000000
8752.9933697158685391 ; 46585; 0000000
9053.5807255464915215 ; 53633; 0000000
9031.6786228002201824 ; 53481; 0000000
14549.743558361404212 ; 108289; 0000000
10176.751875570911579 ; 71888; 0000000
8695.1596150431760179 ; 43283; 0000000
8935.2429712372704671 ; 49773; 0000000
7647.9576569011487663 ; 1922; 0000000
