Travel Time: 8978.9903752145964972; Profit: 59073; TSP Distance : 7544.3659000000016022; Weight: 26858 / 68614; 0000000
TSP Tour = 1 49 32 45 19 41 8 9 10 43 33 51 11 52 14 13 47 26 27 28 12 25 4 6 15 5 24 48 38 37 40 39 36 35 34 44 46 16 29 50 20 23 30 2 7 42 21 17 3 18 31 22 1
Knapsack Array = 0 0 0 0 0 0 0 0 0 0 0 0 0 0 0 0 0 0 0 0 0 0 0 0 0 0 0 0 0 1 0 0 1 0 0 1 0 0 0 0 1 1 0 0 1 0 0 1 0 0 1 0 1 1 0 0 0 0 1 0 0 0 1 0 1 0 0 0 0 0 1 1 1 1 1 0 1 0 0 0 0 0 1 0 0 0 1 1 0 0 0 0 0 0 0 0 1 0 0 1 0 1 1 0 0 1 0 1 0 1 0 0 1 1 0 0 1 0 0 1 0 0 0 1 1 1 0 0 1 0 0 1 0 1 1 1 0 1 0 1 1 1 0 0 1 0 0 0 0 0 0 1 1 0 0 1 0 1 0 1 1 0 1 1 0 1 0 1 0 0 1 1 1 1 0 1 0 0 0 1 1 1 0 0 0 1 0 0 0 0 0 1 1 0 0 0 0 1 1 0 0 0 0 0 1 1 0 1 1 1 0 0 0 0 0 0 0 1 1 0 0 0 0 1 0 0 1 0 0 0 0 1 0 0 0 0 0 0 0 0 1 0 0 0 0 1 0 0 0 1 0 1 0 0 1 0 1 0 1 0 1 1 0 0 0 0 0 0 0 0 1 0 1 1 1 1 1 0 0 0 0 0 1 0 0 0 0 0 0 0 0 0 0 0 0 0 0 0 0 0 0 0 0 0 0 0 0 1 0 0 0 0 0 0 0 0 0 0 0 0 0 0 0 0 0 0 0 0 0 0 0 0 0 0 0 0 0 0 0 0 0 0 0 0 0 0 0 0 0 0 0 0 0 0 0 0 0 0 0 0 0 0 0 0 0 0 0 0 0 0 0 0 0 0 0 0 0 0 0 0 0 0 0 0 0 0 0 0 0 0 0 0 0 0 0 0 0 0 0 0 0 0 0 0 0 0 0 0 0 0 0 0 0 0 0 0 0 0 0 0 0 0 0 0 0 0 0 0 0 0 0 0 0 0 0 0 0 0 0 0 0 0 0 0 0 0 0 0 0 0 0 0 0 0 0 0 0 0 0 0 0 0 0 0 0 0 0 0 0 0 0 0 0 0 0 0 0 0 0 0 0 0 0 0 0 0 0 0 0 0 0 0 0 0 0 0 0 0 0 0 0 0 0 0 0 0 0 0 0 0 
Picked Items (item,city) = (30 , 31) (33 , 34) (36 , 37) (41 , 42) (42 , 43) (45 , 46) (48 , 49) (51 , 52) (53 , 3) (54 , 4) (59 , 9) (63 , 13) (65 , 15) (71 , 21) (72 , 22) (73 , 23) (74 , 24) (75 , 25) (77 , 27) (83 , 33) (87 , 37) (88 , 38) (97 , 47) (100 , 50) (102 , 52) (103 , 2) (106 , 5) (108 , 7) (110 , 9) (113 , 12) (114 , 13) (117 , 16) (120 , 19) (124 , 23) (125 , 24) (126 , 25) (129 , 28) (132 , 31) (134 , 33) (135 , 34) (136 , 35) (138 , 37) (140 , 39) (141 , 40) (142 , 41) (145 , 44) (152 , 51) (153 , 52) (156 , 4) (158 , 6) (160 , 8) (161 , 9) (163 , 11) (164 , 12) (166 , 14) (168 , 16) (171 , 19) (172 , 20) (173 , 21) (174 , 22) (176 , 24) (180 , 28) (181 , 29) (182 , 30) (186 , 34) (192 , 40) (193 , 41) (198 , 46) (199 , 47) (205 , 2) (206 , 3) (208 , 5) (209 , 6) (210 , 7) (218 , 15) (219 , 16) (224 , 21) (227 , 24) (232 , 29) (241 , 38) (246 , 43) (250 , 47) (252 , 49) (255 , 52) (257 , 3) (259 , 5) (261 , 7) (262 , 8) (271 , 17) (273 , 19) (274 , 20) (275 , 21) (276 , 22) (277 , 23) (283 , 29) (308 , 3) 

Travel Time: 7544.3659000000006927; Profit: 0; TSP Distance : 7544.3659000000006927; Weight: 0 / 68614; 0000000
TSP Tour = 1 22 31 18 3 17 21 42 7 2 30 23 20 50 29 16 46 44 34 35 36 39 40 37 38 48 24 5 15 6 4 25 12 28 27 26 47 13 14 52 11 51 33 43 10 9 8 41 19 45 32 49 1
Knapsack Array = 0 0 0 0 0 0 0 0 0 0 0 0 0 0 0 0 0 0 0 0 0 0 0 0 0 0 0 0 0 0 0 0 0 0 0 0 0 0 0 0 0 0 0 0 0 0 0 0 0 0 0 0 0 0 0 0 0 0 0 0 0 0 0 0 0 0 0 0 0 0 0 0 0 0 0 0 0 0 0 0 0 0 0 0 0 0 0 0 0 0 0 0 0 0 0 0 0 0 0 0 0 0 0 0 0 0 0 0 0 0 0 0 0 0 0 0 0 0 0 0 0 0 0 0 0 0 0 0 0 0 0 0 0 0 0 0 0 0 0 0 0 0 0 0 0 0 0 0 0 0 0 0 0 0 0 0 0 0 0 0 0 0 0 0 0 0 0 0 0 0 0 0 0 0 0 0 0 0 0 0 0 0 0 0 0 0 0 0 0 0 0 0 0 0 0 0 0 0 0 0 0 0 0 0 0 0 0 0 0 0 0 0 0 0 0 0 0 0 0 0 0 0 0 0 0 0 0 0 0 0 0 0 0 0 0 0 0 0 0 0 0 0 0 0 0 0 0 0 0 0 0 0 0 0 0 0 0 0 0 0 0 0 0 0 0 0 0 0 0 0 0 0 0 0 0 0 0 0 0 0 0 0 0 0 0 0 0 0 0 0 0 0 0 0 0 0 0 0 0 0 0 0 0 0 0 0 0 0 0 0 0 0 0 0 0 0 0 0 0 0 0 0 0 0 0 0 0 0 0 0 0 0 0 0 0 0 0 0 0 0 0 0 0 0 0 0 0 0 0 0 0 0 0 0 0 0 0 0 0 0 0 0 0 0 0 0 0 0 0 0 0 0 0 0 0 0 0 0 0 0 0 0 0 0 0 0 0 0 0 0 0 0 0 0 0 0 0 0 0 0 0 0 0 0 0 0 0 0 0 0 0 0 0 0 0 0 0 0 0 0 0 0 0 0 0 0 0 0 0 0 0 0 0 0 0 0 0 0 0 0 0 0 0 0 0 0 0 0 0 0 0 0 0 0 0 0 0 0 0 0 0 0 0 0 0 0 0 0 0 0 0 0 0 0 0 0 0 0 0 0 0 0 0 0 0 0 0 0 0 0 0 0 0 0 0 0 0 0 0 0 0 0 0 0 0 0 0 0 0 0 
Picked Items (item,city) = 

Travel Time: 10671.382260106553076; Profit: 96025; TSP Distance : 7544.3659000000016022; Weight: 43053 / 68614; 0000000
TSP Tour = 1 49 32 45 19 41 8 9 10 43 33 51 11 52 14 13 47 26 27 28 12 25 4 6 15 5 24 48 38 37 40 39 36 35 34 44 46 16 29 50 20 23 30 2 7 42 21 17 3 18 31 22 1
Knapsack Array = 1 0 1 0 0 0 1 1 0 1 1 1 0 0 1 0 1 1 0 0 1 0 1 1 1 0 1 0 0 1 0 0 1 0 0 1 0 0 0 0 1 1 0 0 1 0 0 1 0 0 1 0 1 1 0 0 0 0 1 0 0 0 1 0 1 0 0 0 0 0 1 1 1 1 1 0 1 0 0 0 0 0 1 0 0 0 1 1 0 0 0 0 0 0 0 0 1 0 0 1 0 1 1 1 0 1 0 1 0 1 0 0 1 1 0 0 1 0 0 0 0 0 0 0 0 0 0 0 0 0 0 0 0 1 1 1 1 1 0 1 1 1 0 0 1 0 0 0 0 0 0 1 1 0 0 1 0 1 0 1 1 0 1 1 0 1 0 1 0 0 1 1 1 1 0 1 0 0 0 1 1 1 0 0 0 1 0 0 0 0 0 1 1 0 1 0 0 1 1 0 0 0 0 0 1 1 0 1 1 1 0 0 0 0 0 0 0 1 1 0 0 0 0 1 0 0 1 0 0 0 0 1 0 0 0 0 0 0 0 0 1 0 0 0 0 1 0 0 0 1 0 1 0 0 1 0 1 0 1 0 1 1 0 0 0 0 0 0 0 0 1 0 1 1 1 1 1 0 1 1 0 0 0 1 1 0 0 1 0 1 1 0 1 0 1 1 1 0 0 1 0 1 0 0 1 1 1 0 1 0 1 0 0 0 1 1 0 1 0 0 0 1 0 0 0 0 1 0 1 1 0 0 0 1 1 0 0 1 0 0 0 1 1 1 1 0 0 0 0 1 0 0 1 0 0 0 1 1 0 1 0 1 0 0 1 0 1 1 0 1 1 0 0 0 0 0 0 0 0 0 0 0 0 0 0 0 0 0 0 0 0 0 0 0 0 0 0 0 0 0 0 0 0 0 0 0 0 0 0 0 0 0 0 0 0 0 0 0 0 0 0 0 0 0 0 0 0 0 0 0 0 0 0 0 0 0 0 0 0 0 0 0 0 0 0 0 0 0 0 0 0 0 0 0 0 0 0 0 0 0 0 0 0 0 0 0 0 0 0 0 0 0 0 0 0 0 0 0 0 0 0 0 0 0 0 0 0 0 0 0 0 0 0 0 0 0 0 0 0 0 0 0 0 0 0 0 0 0 0 0 
Picked Items (item,city) = (1 , 2) (3 , 4) (7 , 8) (8 , 9) (10 , 11) (11 , 12) (12 , 13) (15 , 16) (17 , 18) (18 , 19) (21 , 22) (23 , 24) (24 , 25) (25 , 26) (27 , 28) (30 , 31) (33 , 34) (36 , 37) (41 , 42) (42 , 43) (45 , 46) (48 , 49) (51 , 52) (53 , 3) (54 , 4) (59 , 9) (63 , 13) (65 , 15) (71 , 21) (72 , 22) (73 , 23) (74 , 24) (75 , 25) (77 , 27) (83 , 33) (87 , 37) (88 , 38) (97 , 47) (100 , 50) (102 , 52) (103 , 2) (104 , 3) (106 , 5) (108 , 7) (110 , 9) (113 , 12) (114 , 13) (117 , 16) (134 , 33) (135 , 34) (136 , 35) (137 , 36) (138 , 37) (140 , 39) (141 , 40) (142 , 41) (145 , 44) (152 , 51) (153 , 52) (156 , 4) (158 , 6) (160 , 8) (161 , 9) (163 , 11) (164 , 12) (166 , 14) (168 , 16) (171 , 19) (172 , 20) (173 , 21) (174 , 22) (176 , 24) (180 , 28) (181 , 29) (182 , 30) (186 , 34) (192 , 40) (193 , 41) (195 , 43) (198 , 46) (199 , 47) (205 , 2) (206 , 3) (208 , 5) (209 , 6) (210 , 7) (218 , 15) (219 , 16) (224 , 21) (227 , 24) (232 , 29) (241 , 38) (246 , 43) (250 , 47) (252 , 49) (255 , 52) (257 , 3) (259 , 5) (261 , 7) (262 , 8) (271 , 17) (273 , 19) (274 , 20) (275 , 21) (276 , 22) (277 , 23) (279 , 25) (280 , 26) (284 , 30) (285 , 31) (288 , 34) (290 , 36) (291 , 37) (293 , 39) (295 , 41) (296 , 42) (297 , 43) (300 , 46) (302 , 48) (305 , 51) (306 , 52) (307 , 2) (309 , 4) (311 , 6) (315 , 10) (316 , 11) (318 , 13) (322 , 17) (327 , 22) (329 , 24) (330 , 25) (334 , 29) (335 , 30) (338 , 33) (342 , 37) (343 , 38) (344 , 39) (345 , 40) (350 , 45) (353 , 48) (357 , 52) (358 , 2) (360 , 4) (362 , 6) (365 , 9) (367 , 11) (368 , 12) (370 , 14) (371 , 15) 

Travel Time: 11890.427237858459193; Profit: 110320; TSP Distance : 7544.3659000000016022; Weight: 49609 / 68614; 0000000
TSP Tour = 1 49 32 45 19 41 8 9 10 43 33 51 11 52 14 13 47 26 27 28 12 25 4 6 15 5 24 48 38 37 40 39 36 35 34 44 46 16 29 50 20 23 30 2 7 42 21 17 3 18 31 22 1
Knapsack Array = 1 0 1 0 0 0 1 1 0 1 1 1 0 0 1 0 1 1 0 0 1 0 1 1 1 0 1 0 0 1 0 0 1 0 0 1 0 0 0 0 1 1 0 0 1 0 0 1 0 0 1 0 1 1 0 0 0 0 1 0 0 0 1 0 1 0 0 0 0 0 1 1 1 1 1 0 1 0 0 0 0 0 1 0 0 0 1 1 0 0 0 0 0 0 0 0 1 0 0 1 0 1 1 1 0 1 0 1 0 1 0 0 1 1 0 0 1 0 0 0 0 0 0 0 0 0 0 0 0 0 0 0 0 1 1 1 1 1 0 1 1 1 0 0 1 0 0 0 0 0 0 1 1 0 0 1 0 1 0 1 1 0 1 1 0 1 0 1 0 0 1 1 1 1 0 1 0 0 0 1 1 1 0 0 0 1 0 0 0 0 0 1 1 0 1 0 0 1 1 0 0 0 0 0 1 1 0 1 1 1 0 0 0 0 0 0 0 1 1 0 0 0 0 1 0 0 1 0 0 0 0 1 0 0 0 0 0 0 0 0 1 0 0 0 0 1 0 0 0 1 0 1 0 0 1 0 1 0 1 0 1 1 0 0 0 0 0 0 0 0 1 0 1 1 1 1 1 0 1 1 0 0 0 1 1 0 0 1 0 1 1 0 1 0 1 1 1 0 0 1 0 1 0 0 1 1 1 0 1 0 1 0 0 0 1 1 0 1 0 0 0 1 0 0 0 0 1 0 1 1 0 0 0 1 1 0 0 1 0 0 0 1 1 1 1 0 0 0 0 1 0 0 1 0 0 0 1 1 0 1 0 1 0 0 1 0 1 1 0 1 1 0 0 0 0 0 0 0 0 0 0 0 0 0 0 0 0 0 0 0 0 0 0 0 0 0 0 0 0 0 0 0 0 0 0 0 0 0 0 0 0 0 0 0 0 0 0 0 0 0 0 0 0 0 0 0 0 0 0 0 1 0 1 0 0 0 1 1 0 1 1 1 0 1 0 0 0 0 1 1 0 1 0 0 0 1 1 1 1 0 0 0 0 0 0 0 0 0 0 0 0 1 0 0 0 0 0 0 0 0 0 0 0 0 0 0 0 0 1 1 1 1 0 0 0 0 1 0 0 0 1 0 1 0 0 0 0 1 0 0 
Picked Items (item,city) = (1 , 2) (3 , 4) (7 , 8) (8 , 9) (10 , 11) (11 , 12) (12 , 13) (15 , 16) (17 , 18) (18 , 19) (21 , 22) (23 , 24) (24 , 25) (25 , 26) (27 , 28) (30 , 31) (33 , 34) (36 , 37) (41 , 42) (42 , 43) (45 , 46) (48 , 49) (51 , 52) (53 , 3) (54 , 4) (59 , 9) (63 , 13) (65 , 15) (71 , 21) (72 , 22) (73 , 23) (74 , 24) (75 , 25) (77 , 27) (83 , 33) (87 , 37) (88 , 38) (97 , 47) (100 , 50) (102 , 52) (103 , 2) (104 , 3) (106 , 5) (108 , 7) (110 , 9) (113 , 12) (114 , 13) (117 , 16) (134 , 33) (135 , 34) (136 , 35) (137 , 36) (138 , 37) (140 , 39) (141 , 40) (142 , 41) (145 , 44) (152 , 51) (153 , 52) (156 , 4) (158 , 6) (160 , 8) (161 , 9) (163 , 11) (164 , 12) (166 , 14) (168 , 16) (171 , 19) (172 , 20) (173 , 21) (174 , 22) (176 , 24) (180 , 28) (181 , 29) (182 , 30) (186 , 34) (192 , 40) (193 , 41) (195 , 43) (198 , 46) (199 , 47) (205 , 2) (206 , 3) (208 , 5) (209 , 6) (210 , 7) (218 , 15) (219 , 16) (224 , 21) (227 , 24) (232 , 29) (241 , 38) (246 , 43) (250 , 47) (252 , 49) (255 , 52) (257 , 3) (259 , 5) (261 , 7) (262 , 8) (271 , 17) (273 , 19) (274 , 20) (275 , 21) (276 , 22) (277 , 23) (279 , 25) (280 , 26) (284 , 30) (285 , 31) (288 , 34) (290 , 36) (291 , 37) (293 , 39) (295 , 41) (296 , 42) (297 , 43) (300 , 46) (302 , 48) (305 , 51) (306 , 52) (307 , 2) (309 , 4) (311 , 6) (315 , 10) (316 , 11) (318 , 13) (322 , 17) (327 , 22) (329 , 24) (330 , 25) (334 , 29) (335 , 30) (338 , 33) (342 , 37) (343 , 38) (344 , 39) (345 , 40) (350 , 45) (353 , 48) (357 , 52) (358 , 2) (360 , 4) (362 , 6) (365 , 9) (367 , 11) (368 , 12) (370 , 14) (371 , 15) (431 , 24) (433 , 26) (437 , 30) (438 , 31) (440 , 33) (441 , 34) (442 , 35) (444 , 37) (449 , 42) (450 , 43) (452 , 45) (456 , 49) (457 , 50) (458 , 51) (459 , 52) (472 , 14) (489 , 31) (490 , 32) (491 , 33) (492 , 34) (497 , 39) (501 , 43) (503 , 45) (508 , 50) 

Travel Time: 9552.3529458248885931; Profit: 81064; TSP Distance : 7544.3659000000016022; Weight: 35382 / 68614; 0000000
TSP Tour = 1 49 32 45 19 41 8 9 10 43 33 51 11 52 14 13 47 26 27 28 12 25 4 6 15 5 24 48 38 37 40 39 36 35 34 44 46 16 29 50 20 23 30 2 7 42 21 17 3 18 31 22 1
Knapsack Array = 0 0 0 0 0 0 0 0 0 0 0 0 0 0 1 0 1 1 0 0 1 0 1 1 1 0 1 0 0 1 0 0 1 0 0 1 0 0 0 0 1 1 0 0 1 0 0 1 0 0 1 0 1 1 0 0 0 0 1 0 0 0 1 0 1 0 0 0 0 0 1 1 1 1 1 0 1 0 0 0 0 0 1 0 0 0 1 1 0 0 0 0 0 0 0 0 1 0 0 1 0 1 1 1 0 1 0 1 0 1 0 0 1 1 0 0 1 0 0 1 0 0 0 1 1 1 0 0 1 0 0 1 0 0 0 0 0 0 0 0 0 0 0 0 0 0 0 0 0 0 0 0 0 0 0 0 0 0 0 0 0 0 0 0 0 1 0 1 0 0 1 1 1 1 0 1 0 0 0 1 1 1 0 0 0 1 0 0 0 0 0 1 1 0 0 0 0 1 1 0 0 0 0 0 1 1 0 1 1 1 0 0 0 0 0 0 0 1 1 0 0 0 0 1 0 0 1 0 0 0 0 1 0 0 0 0 0 0 0 0 1 0 0 0 0 1 0 0 0 1 0 1 0 0 1 0 1 0 1 0 1 1 0 0 0 0 0 0 0 0 1 0 1 1 1 1 1 0 1 1 0 0 0 1 1 0 0 1 0 1 1 0 1 0 1 1 1 0 0 1 0 1 0 0 1 1 1 0 1 0 1 0 0 0 1 1 0 1 0 0 0 1 0 0 0 0 1 0 1 1 0 0 0 1 1 0 0 1 0 0 0 1 1 1 1 0 0 0 0 1 0 0 1 0 0 0 1 1 0 1 0 1 0 0 0 0 0 0 0 0 0 0 0 0 0 0 0 0 0 0 0 0 0 0 0 0 0 0 0 0 0 0 0 0 0 0 0 0 0 0 0 0 0 0 0 0 0 0 0 0 0 0 0 0 0 0 0 0 0 0 0 0 0 0 0 0 0 0 0 0 0 0 0 0 0 0 0 0 0 0 0 0 0 0 0 0 0 0 0 0 0 0 0 0 0 0 0 0 0 0 0 0 0 0 0 0 0 0 0 0 0 0 0 0 0 0 0 0 0 0 0 0 0 0 0 0 0 0 0 0 0 0 0 0 0 0 0 0 0 0 0 0 0 0 0 0 0 0 0 0 
Picked Items (item,city) = (15 , 16) (17 , 18) (18 , 19) (21 , 22) (23 , 24) (24 , 25) (25 , 26) (27 , 28) (30 , 31) (33 , 34) (36 , 37) (41 , 42) (42 , 43) (45 , 46) (48 , 49) (51 , 52) (53 , 3) (54 , 4) (59 , 9) (63 , 13) (65 , 15) (71 , 21) (72 , 22) (73 , 23) (74 , 24) (75 , 25) (77 , 27) (83 , 33) (87 , 37) (88 , 38) (97 , 47) (100 , 50) (102 , 52) (103 , 2) (104 , 3) (106 , 5) (108 , 7) (110 , 9) (113 , 12) (114 , 13) (117 , 16) (120 , 19) (124 , 23) (125 , 24) (126 , 25) (129 , 28) (132 , 31) (166 , 14) (168 , 16) (171 , 19) (172 , 20) (173 , 21) (174 , 22) (176 , 24) (180 , 28) (181 , 29) (182 , 30) (186 , 34) (192 , 40) (193 , 41) (198 , 46) (199 , 47) (205 , 2) (206 , 3) (208 , 5) (209 , 6) (210 , 7) (218 , 15) (219 , 16) (224 , 21) (227 , 24) (232 , 29) (241 , 38) (246 , 43) (250 , 47) (252 , 49) (255 , 52) (257 , 3) (259 , 5) (261 , 7) (262 , 8) (271 , 17) (273 , 19) (274 , 20) (275 , 21) (276 , 22) (277 , 23) (279 , 25) (280 , 26) (284 , 30) (285 , 31) (288 , 34) (290 , 36) (291 , 37) (293 , 39) (295 , 41) (296 , 42) (297 , 43) (300 , 46) (302 , 48) (305 , 51) (306 , 52) (307 , 2) (309 , 4) (311 , 6) (315 , 10) (316 , 11) (318 , 13) (322 , 17) (327 , 22) (329 , 24) (330 , 25) (334 , 29) (335 , 30) (338 , 33) (342 , 37) (343 , 38) (344 , 39) (345 , 40) (350 , 45) (353 , 48) (357 , 52) (358 , 2) (360 , 4) (362 , 6) 

Travel Time: 8807.6956521981719561; Profit: 56459; TSP Distance : 7544.3659000000016022; Weight: 25163 / 68614; 0000000
TSP Tour = 1 49 32 45 19 41 8 9 10 43 33 51 11 52 14 13 47 26 27 28 12 25 4 6 15 5 24 48 38 37 40 39 36 35 34 44 46 16 29 50 20 23 30 2 7 42 21 17 3 18 31 22 1
Knapsack Array = 0 0 0 0 0 0 0 0 0 0 0 0 0 0 1 0 1 1 0 0 1 0 1 1 1 0 1 0 0 1 0 0 1 0 0 1 0 0 0 0 1 1 0 0 1 0 0 1 0 0 1 0 1 1 0 0 0 0 1 0 0 0 1 0 1 0 0 0 0 0 1 1 1 1 1 0 1 0 0 0 0 0 1 0 0 0 1 1 0 0 0 0 0 0 0 0 1 0 0 1 0 1 0 0 0 0 0 0 0 0 0 0 0 0 0 0 0 0 0 0 0 0 0 0 0 0 0 0 0 0 0 0 0 0 0 0 0 0 0 0 0 0 0 0 0 0 0 0 0 0 0 0 0 0 0 0 0 0 0 0 0 0 0 0 0 0 0 0 0 0 0 0 0 0 0 0 0 0 0 0 0 0 0 0 0 0 0 0 0 0 0 0 0 0 0 0 0 0 0 0 0 0 0 0 0 0 0 0 0 0 0 0 0 0 0 0 0 0 0 0 0 0 0 0 0 0 0 0 0 0 0 0 0 0 0 0 0 0 0 0 0 0 0 0 0 0 0 0 0 1 0 1 0 0 1 0 1 0 1 0 1 1 0 0 0 0 0 0 0 0 1 0 1 1 1 1 1 0 1 1 0 0 0 1 1 0 0 1 0 1 1 0 1 0 1 1 1 0 0 1 0 1 0 0 1 1 1 0 1 0 1 0 0 0 1 1 0 1 0 0 0 1 0 0 0 0 1 0 1 1 0 0 0 1 1 0 0 1 0 0 0 1 1 1 1 0 0 0 0 1 0 0 1 0 0 0 1 1 0 1 0 1 0 0 0 0 0 0 0 0 0 0 0 0 0 0 0 0 0 0 0 0 0 0 0 0 0 0 0 0 0 0 0 0 0 0 0 0 0 0 0 0 0 0 0 0 0 0 0 0 0 0 0 0 0 0 0 0 0 0 0 0 0 0 0 0 0 0 0 0 0 0 0 0 0 0 0 0 0 0 0 0 0 0 0 0 0 0 0 0 0 0 0 0 0 0 0 0 0 0 0 0 0 0 0 0 0 0 0 0 0 0 0 0 0 0 0 0 0 0 0 0 0 0 0 0 0 0 0 0 0 0 0 0 0 0 0 0 0 0 0 0 0 0 0 0 0 0 0 0 
Picked Items (item,city) = (15 , 16) (17 , 18) (18 , 19) (21 , 22) (23 , 24) (24 , 25) (25 , 26) (27 , 28) (30 , 31) (33 , 34) (36 , 37) (41 , 42) (42 , 43) (45 , 46) (48 , 49) (51 , 52) (53 , 3) (54 , 4) (59 , 9) (63 , 13) (65 , 15) (71 , 21) (72 , 22) (73 , 23) (74 , 24) (75 , 25) (77 , 27) (83 , 33) (87 , 37) (88 , 38) (97 , 47) (100 , 50) (102 , 52) (250 , 47) (252 , 49) (255 , 52) (257 , 3) (259 , 5) (261 , 7) (262 , 8) (271 , 17) (273 , 19) (274 , 20) (275 , 21) (276 , 22) (277 , 23) (279 , 25) (280 , 26) (284 , 30) (285 , 31) (288 , 34) (290 , 36) (291 , 37) (293 , 39) (295 , 41) (296 , 42) (297 , 43) (300 , 46) (302 , 48) (305 , 51) (306 , 52) (307 , 2) (309 , 4) (311 , 6) (315 , 10) (316 , 11) (318 , 13) (322 , 17) (327 , 22) (329 , 24) (330 , 25) (334 , 29) (335 , 30) (338 , 33) (342 , 37) (343 , 38) (344 , 39) (345 , 40) (350 , 45) (353 , 48) (357 , 52) (358 , 2) (360 , 4) (362 , 6) 

Travel Time: 7679.9818569353428757; Profit: 10350; TSP Distance : 7544.3659000000016022; Weight: 3537 / 68614; 0000000
TSP Tour = 1 49 32 45 19 41 8 9 10 43 33 51 11 52 14 13 47 26 27 28 12 25 4 6 15 5 24 48 38 37 40 39 36 35 34 44 46 16 29 50 20 23 30 2 7 42 21 17 3 18 31 22 1
Knapsack Array = 0 0 0 0 0 0 0 0 0 0 0 0 0 0 0 0 0 0 0 0 0 0 0 0 0 0 0 0 0 0 0 0 0 0 0 0 0 0 0 0 0 0 0 0 0 0 0 0 0 0 0 0 0 0 0 0 0 0 0 0 0 0 0 0 0 0 0 0 0 0 0 0 0 0 0 0 0 0 0 0 0 0 0 0 0 0 0 0 0 0 0 0 0 0 0 0 0 0 0 0 0 0 0 0 0 0 0 0 0 0 0 0 0 0 0 0 0 0 0 0 0 0 0 0 0 0 0 0 0 0 0 0 0 0 0 0 0 0 0 0 0 0 0 0 0 0 0 0 0 0 0 0 0 0 0 0 0 0 0 0 0 0 0 0 0 0 0 0 0 0 0 0 0 0 0 0 0 0 0 0 0 0 0 0 0 0 0 0 0 0 0 0 0 0 0 0 0 0 0 0 0 0 0 0 0 0 0 0 0 0 0 0 0 0 0 0 0 0 0 0 0 0 0 1 0 0 1 0 0 0 0 1 0 0 0 0 0 0 0 0 1 0 0 0 0 1 0 0 0 1 0 1 0 0 1 0 1 0 1 0 1 1 0 0 0 0 0 0 0 0 0 0 0 0 0 0 0 0 0 0 0 0 0 0 0 0 0 0 0 0 0 0 0 0 0 0 0 0 0 0 0 0 0 0 0 0 0 0 0 0 0 0 0 0 0 0 0 0 0 0 0 0 0 0 0 0 0 0 0 0 0 0 0 0 0 0 0 0 0 0 0 0 0 0 0 0 0 0 0 0 0 0 0 0 0 0 0 0 0 0 0 0 0 0 0 0 0 0 0 0 0 0 0 0 0 0 0 0 0 0 0 0 0 0 0 0 0 0 0 0 0 0 0 0 0 0 0 0 0 0 0 0 0 0 0 0 0 0 0 0 0 0 0 0 0 0 0 0 0 0 0 0 0 0 0 0 0 0 0 0 0 0 0 0 0 0 0 0 0 0 0 0 0 0 0 0 0 0 0 0 0 0 0 0 0 0 0 0 0 0 0 0 0 0 0 0 0 0 0 0 0 0 0 0 0 0 0 0 0 0 1 0 0 0 0 1 0 1 1 0 1 1 0 0 0 0 0 0 0 0 0 0 0 0 0 0 0 0 0 0 
Picked Items (item,city) = (224 , 21) (227 , 24) (232 , 29) (241 , 38) (246 , 43) (250 , 47) (252 , 49) (255 , 52) (257 , 3) (259 , 5) (261 , 7) (262 , 8) (481 , 23) (486 , 28) (488 , 30) (489 , 31) (491 , 33) (492 , 34) 

Travel Time: 7680.226044152904251; Profit: 11138; TSP Distance : 7544.3659000000016022; Weight: 3542 / 68614; 0000000
TSP Tour = 1 49 32 45 19 41 8 9 10 43 33 51 11 52 14 13 47 26 27 28 12 25 4 6 15 5 24 48 38 37 40 39 36 35 34 44 46 16 29 50 20 23 30 2 7 42 21 17 3 18 31 22 1
Knapsack Array = 0 0 0 0 0 0 0 0 0 0 0 0 0 0 0 0 0 0 0 0 0 0 0 0 0 0 0 0 0 0 0 0 0 0 0 0 0 0 0 0 0 0 0 0 0 0 0 0 0 0 0 0 0 0 0 0 0 0 0 0 0 0 0 0 0 0 0 0 0 0 0 0 0 0 0 0 0 0 0 0 0 0 0 0 0 0 0 0 0 0 0 0 0 0 0 0 0 0 0 0 0 0 0 0 0 0 0 0 0 0 0 0 0 0 0 0 0 0 0 0 0 0 0 0 0 0 0 0 0 0 0 0 0 0 0 0 0 0 0 0 0 0 0 0 0 0 0 0 0 0 0 0 0 0 0 0 0 0 0 0 0 0 0 0 0 0 0 0 0 0 0 0 0 0 0 0 0 0 0 0 0 0 0 0 0 0 0 0 0 0 0 0 0 0 0 0 0 0 0 0 0 0 0 0 0 0 0 0 0 0 0 0 0 0 0 0 0 0 0 0 0 0 0 1 0 0 1 0 0 0 0 1 0 0 0 0 0 0 0 0 1 0 0 0 0 1 0 0 0 1 0 1 0 0 1 0 1 0 1 0 1 1 0 0 0 0 0 0 0 0 0 0 0 0 0 0 0 0 0 0 0 0 0 0 0 0 0 0 0 0 0 0 0 0 0 0 0 0 0 0 0 0 0 0 0 0 0 0 0 0 0 0 0 0 0 0 0 0 0 0 0 0 0 0 0 0 0 0 0 0 0 0 0 0 0 0 0 0 0 0 0 0 0 0 0 0 0 0 0 0 0 0 0 0 0 0 0 0 0 0 0 0 0 0 0 0 0 1 0 0 0 0 0 0 0 0 0 0 0 0 0 0 0 0 0 0 0 0 0 0 0 0 0 0 0 0 0 0 0 0 0 0 0 0 0 0 0 0 0 0 0 0 0 0 0 0 0 0 0 0 0 0 0 0 0 0 0 0 0 0 0 0 0 0 0 0 0 0 0 0 0 0 0 0 0 0 0 0 0 0 0 0 0 0 0 0 0 0 0 0 0 0 0 0 0 0 0 0 0 0 0 0 0 0 0 0 0 0 0 0 1 0 0 0 0 1 0 1 1 0 1 1 0 0 0 0 0 0 0 0 0 0 0 0 0 0 0 0 0 0 
Picked Items (item,city) = (224 , 21) (227 , 24) (232 , 29) (241 , 38) (246 , 43) (250 , 47) (252 , 49) (255 , 52) (257 , 3) (259 , 5) (261 , 7) (262 , 8) (368 , 12) (481 , 23) (486 , 28) (488 , 30) (489 , 31) (491 , 33) (492 , 34) 

Travel Time: 12253.226238987166653; Profit: 120237; TSP Distance : 7684.2316000000018903; Weight: 55475 / 68614; 0000000
TSP Tour = 1 45 19 41 8 9 10 43 33 51 11 52 14 13 47 26 27 28 12 25 4 6 15 5 24 48 38 37 40 39 36 35 34 44 46 16 29 50 20 23 30 2 7 42 21 17 3 18 31 22 32 49 1
Knapsack Array = 0 0 0 0 0 0 0 0 0 0 0 0 0 0 0 0 0 0 0 0 0 0 0 0 0 0 0 0 0 0 0 0 0 0 0 0 0 0 0 0 0 0 0 0 1 0 0 1 0 0 1 0 1 1 0 0 0 0 1 0 0 0 1 0 1 0 0 0 0 0 1 1 1 1 1 0 1 0 0 0 0 0 1 0 0 0 1 1 0 0 0 0 0 0 0 0 1 0 0 1 0 1 1 0 0 1 0 1 0 1 0 0 1 1 0 0 1 0 0 1 0 0 0 1 1 1 0 0 1 0 0 1 0 1 1 1 0 1 0 1 1 1 0 0 1 0 0 0 0 0 0 1 1 0 0 1 0 1 0 1 1 0 1 1 0 1 0 1 0 0 1 1 1 1 0 1 0 0 0 1 1 1 0 0 0 1 0 0 0 0 0 1 1 0 0 0 0 1 1 0 0 0 0 0 1 1 0 1 1 1 0 0 0 0 0 0 0 1 1 0 0 0 0 1 0 0 1 0 0 0 0 1 0 0 0 0 0 0 0 0 1 0 0 0 0 1 0 0 0 1 0 1 0 0 1 0 1 0 1 0 1 1 0 0 0 0 0 0 0 0 1 0 1 1 1 1 1 0 1 1 0 0 0 1 1 0 0 0 0 0 0 0 0 0 0 0 0 0 0 0 0 0 0 0 0 0 0 0 0 0 0 0 0 0 0 0 0 0 0 0 0 0 0 0 0 0 1 0 1 1 0 0 0 1 1 0 0 1 0 0 0 1 1 1 1 0 0 0 0 1 0 0 1 0 0 0 1 1 0 1 0 1 0 0 1 0 1 1 0 1 1 0 1 1 1 1 1 1 0 1 1 1 1 0 0 1 1 1 1 0 0 0 0 0 1 1 1 0 1 1 0 0 1 0 0 1 0 0 1 1 1 1 1 1 0 0 1 0 0 0 1 0 1 0 0 0 1 0 1 0 1 0 1 0 0 0 1 1 0 1 1 1 0 1 0 0 0 0 1 1 0 1 0 0 0 1 1 1 1 0 1 1 1 1 0 1 0 0 1 0 0 1 0 1 1 0 0 1 1 1 0 0 0 0 0 1 0 1 1 1 1 1 0 1 1 0 1 1 0 1 1 0 1 1 0 1 0 0 1 0 
Picked Items (item,city) = (45 , 46) (48 , 49) (51 , 52) (53 , 3) (54 , 4) (59 , 9) (63 , 13) (65 , 15) (71 , 21) (72 , 22) (73 , 23) (74 , 24) (75 , 25) (77 , 27) (83 , 33) (87 , 37) (88 , 38) (97 , 47) (100 , 50) (102 , 52) (103 , 2) (106 , 5) (108 , 7) (110 , 9) (113 , 12) (114 , 13) (117 , 16) (120 , 19) (124 , 23) (125 , 24) (126 , 25) (129 , 28) (132 , 31) (134 , 33) (135 , 34) (136 , 35) (138 , 37) (140 , 39) (141 , 40) (142 , 41) (145 , 44) (152 , 51) (153 , 52) (156 , 4) (158 , 6) (160 , 8) (161 , 9) (163 , 11) (164 , 12) (166 , 14) (168 , 16) (171 , 19) (172 , 20) (173 , 21) (174 , 22) (176 , 24) (180 , 28) (181 , 29) (182 , 30) (186 , 34) (192 , 40) (193 , 41) (198 , 46) (199 , 47) (205 , 2) (206 , 3) (208 , 5) (209 , 6) (210 , 7) (218 , 15) (219 , 16) (224 , 21) (227 , 24) (232 , 29) (241 , 38) (246 , 43) (250 , 47) (252 , 49) (255 , 52) (257 , 3) (259 , 5) (261 , 7) (262 , 8) (271 , 17) (273 , 19) (274 , 20) (275 , 21) (276 , 22) (277 , 23) (279 , 25) (280 , 26) (284 , 30) (285 , 31) (327 , 22) (329 , 24) (330 , 25) (334 , 29) (335 , 30) (338 , 33) (342 , 37) (343 , 38) (344 , 39) (345 , 40) (350 , 45) (353 , 48) (357 , 52) (358 , 2) (360 , 4) (362 , 6) (365 , 9) (367 , 11) (368 , 12) (370 , 14) (371 , 15) (373 , 17) (374 , 18) (375 , 19) (376 , 20) (377 , 21) (378 , 22) (380 , 24) (381 , 25) (382 , 26) (383 , 27) (386 , 30) (387 , 31) (388 , 32) (389 , 33) (395 , 39) (396 , 40) (397 , 41) (399 , 43) (400 , 44) (403 , 47) (406 , 50) (409 , 2) (410 , 3) (411 , 4) (412 , 5) (413 , 6) (414 , 7) (417 , 10) (421 , 14) (423 , 16) (427 , 20) (429 , 22) (431 , 24) (433 , 26) (437 , 30) (438 , 31) (440 , 33) (441 , 34) (442 , 35) (444 , 37) (449 , 42) (450 , 43) (452 , 45) (456 , 49) (457 , 50) (458 , 51) (459 , 52) (461 , 3) (462 , 4) (463 , 5) (464 , 6) (466 , 8) (469 , 11) (472 , 14) (474 , 16) (475 , 17) (478 , 20) (479 , 21) (480 , 22) (486 , 28) (488 , 30) (489 , 31) (490 , 32) (491 , 33) (492 , 34) (494 , 36) (495 , 37) (497 , 39) (498 , 40) (500 , 42) (501 , 43) (503 , 45) (504 , 46) (506 , 48) (509 , 51) 

Travel Time: 12909.924424546805312; Profit: 127802; TSP Distance : 7684.2316000000018903; Weight: 58464 / 68614; 0000000
TSP Tour = 1 45 19 41 8 9 10 43 33 51 11 52 14 13 47 26 27 28 12 25 4 6 15 5 24 48 38 37 40 39 36 35 34 44 46 16 29 50 20 23 30 2 7 42 21 17 3 18 31 22 32 49 1
Knapsack Array = 0 0 0 0 0 0 0 0 0 0 0 0 0 0 0 0 0 0 0 0 0 0 0 0 0 0 0 0 0 0 0 0 0 0 0 0 0 0 0 0 0 0 0 0 1 0 0 1 0 0 1 0 1 1 0 0 0 0 1 0 0 0 1 0 1 0 0 0 0 0 1 1 1 1 1 0 1 0 0 0 0 0 1 0 0 0 1 1 0 0 0 0 0 0 0 0 1 0 0 1 0 1 1 0 0 1 0 1 0 1 0 0 1 1 0 0 1 0 0 1 0 0 0 1 1 1 0 0 1 0 0 1 0 1 1 1 0 1 0 1 1 1 0 0 1 0 0 0 0 0 0 1 1 0 0 1 0 1 0 1 1 0 1 1 0 1 0 1 0 0 1 1 1 1 0 1 0 0 0 1 1 1 0 0 0 1 0 0 0 0 0 1 1 0 0 0 0 1 1 0 0 0 0 0 1 1 0 1 1 1 0 0 0 0 0 0 0 1 1 0 0 0 0 1 0 0 1 0 0 0 0 1 0 0 0 0 0 0 0 0 1 0 0 0 0 1 0 0 0 1 0 1 0 0 1 0 1 0 1 0 1 1 0 0 0 0 0 0 0 0 1 0 1 1 1 1 1 0 1 1 0 0 0 1 1 0 0 0 0 0 0 0 0 0 0 0 0 0 0 0 0 0 0 0 1 1 1 0 1 0 1 0 0 0 1 1 0 1 0 0 0 1 0 0 0 0 1 0 1 1 0 0 0 1 1 0 0 1 0 0 0 1 1 1 1 0 0 0 0 1 0 0 1 0 0 0 1 1 0 1 0 1 0 0 1 0 1 1 0 1 1 0 1 1 1 1 1 1 0 1 1 1 1 0 0 1 1 1 1 0 0 0 0 0 1 1 1 0 1 1 0 0 1 0 0 1 0 0 1 1 1 1 1 1 0 0 1 0 0 0 1 0 1 0 0 0 1 0 1 0 1 0 1 0 0 0 1 1 0 1 1 1 0 1 0 0 0 0 1 1 0 1 0 0 0 1 1 1 1 0 1 1 1 1 0 1 0 0 1 0 0 1 0 1 1 0 0 1 1 1 0 0 0 0 0 1 0 1 1 1 1 1 0 1 1 0 1 1 0 1 1 0 1 1 0 1 0 0 1 0 
Picked Items (item,city) = (45 , 46) (48 , 49) (51 , 52) (53 , 3) (54 , 4) (59 , 9) (63 , 13) (65 , 15) (71 , 21) (72 , 22) (73 , 23) (74 , 24) (75 , 25) (77 , 27) (83 , 33) (87 , 37) (88 , 38) (97 , 47) (100 , 50) (102 , 52) (103 , 2) (106 , 5) (108 , 7) (110 , 9) (113 , 12) (114 , 13) (117 , 16) (120 , 19) (124 , 23) (125 , 24) (126 , 25) (129 , 28) (132 , 31) (134 , 33) (135 , 34) (136 , 35) (138 , 37) (140 , 39) (141 , 40) (142 , 41) (145 , 44) (152 , 51) (153 , 52) (156 , 4) (158 , 6) (160 , 8) (161 , 9) (163 , 11) (164 , 12) (166 , 14) (168 , 16) (171 , 19) (172 , 20) (173 , 21) (174 , 22) (176 , 24) (180 , 28) (181 , 29) (182 , 30) (186 , 34) (192 , 40) (193 , 41) (198 , 46) (199 , 47) (205 , 2) (206 , 3) (208 , 5) (209 , 6) (210 , 7) (218 , 15) (219 , 16) (224 , 21) (227 , 24) (232 , 29) (241 , 38) (246 , 43) (250 , 47) (252 , 49) (255 , 52) (257 , 3) (259 , 5) (261 , 7) (262 , 8) (271 , 17) (273 , 19) (274 , 20) (275 , 21) (276 , 22) (277 , 23) (279 , 25) (280 , 26) (284 , 30) (285 , 31) (305 , 51) (306 , 52) (307 , 2) (309 , 4) (311 , 6) (315 , 10) (316 , 11) (318 , 13) (322 , 17) (327 , 22) (329 , 24) (330 , 25) (334 , 29) (335 , 30) (338 , 33) (342 , 37) (343 , 38) (344 , 39) (345 , 40) (350 , 45) (353 , 48) (357 , 52) (358 , 2) (360 , 4) (362 , 6) (365 , 9) (367 , 11) (368 , 12) (370 , 14) (371 , 15) (373 , 17) (374 , 18) (375 , 19) (376 , 20) (377 , 21) (378 , 22) (380 , 24) (381 , 25) (382 , 26) (383 , 27) (386 , 30) (387 , 31) (388 , 32) (389 , 33) (395 , 39) (396 , 40) (397 , 41) (399 , 43) (400 , 44) (403 , 47) (406 , 50) (409 , 2) (410 , 3) (411 , 4) (412 , 5) (413 , 6) (414 , 7) (417 , 10) (421 , 14) (423 , 16) (427 , 20) (429 , 22) (431 , 24) (433 , 26) (437 , 30) (438 , 31) (440 , 33) (441 , 34) (442 , 35) (444 , 37) (449 , 42) (450 , 43) (452 , 45) (456 , 49) (457 , 50) (458 , 51) (459 , 52) (461 , 3) (462 , 4) (463 , 5) (464 , 6) (466 , 8) (469 , 11) (472 , 14) (474 , 16) (475 , 17) (478 , 20) (479 , 21) (480 , 22) (486 , 28) (488 , 30) (489 , 31) (490 , 32) (491 , 33) (492 , 34) (494 , 36) (495 , 37) (497 , 39) (498 , 40) (500 , 42) (501 , 43) (503 , 45) (504 , 46) (506 , 48) (509 , 51) 

Travel Time: 8711.3110720862714516; Profit: 54792; TSP Distance : 7544.3659000000016022; Weight: 24606 / 68614; 0000000
TSP Tour = 1 49 32 45 19 41 8 9 10 43 33 51 11 52 14 13 47 26 27 28 12 25 4 6 15 5 24 48 38 37 40 39 36 35 34 44 46 16 29 50 20 23 30 2 7 42 21 17 3 18 31 22 1
Knapsack Array = 0 0 0 0 0 0 0 0 0 0 0 0 0 0 0 0 0 0 0 0 0 0 0 0 0 0 0 0 0 0 0 0 0 0 0 0 0 0 0 0 0 0 0 0 0 0 0 0 0 0 0 0 0 0 0 0 0 0 0 0 0 0 0 0 0 0 0 0 0 0 0 0 0 0 0 0 0 0 0 0 0 0 0 0 0 0 0 0 0 0 0 0 0 0 0 0 0 0 0 0 0 0 0 0 0 0 0 0 0 0 0 0 0 0 0 0 0 0 0 0 0 0 0 0 0 0 0 0 0 0 0 0 0 0 0 0 0 0 0 0 0 0 0 0 0 0 0 0 0 0 0 0 0 0 0 0 0 0 0 0 0 0 0 0 0 1 0 0 0 0 0 0 0 0 0 0 0 0 0 0 0 0 0 0 0 0 0 0 0 0 0 0 1 0 1 0 0 1 1 0 0 0 0 0 1 1 0 1 1 1 0 0 0 0 0 0 0 1 1 0 0 0 0 1 0 0 1 0 0 0 0 1 0 0 0 0 0 0 0 0 1 0 0 0 0 1 0 0 0 1 0 1 0 0 1 0 1 0 1 0 1 1 0 0 0 0 0 0 0 0 1 0 1 1 1 1 1 0 1 1 0 0 0 1 1 0 0 1 0 1 1 0 1 0 1 1 1 0 0 1 0 1 0 0 1 1 1 0 1 0 1 0 0 0 1 1 0 1 0 0 0 1 0 0 0 0 1 0 1 1 0 0 0 1 1 0 0 1 0 0 0 1 1 1 1 0 0 0 0 1 0 0 1 0 0 0 1 1 0 1 0 1 0 0 0 0 1 1 0 1 0 0 0 0 0 1 0 0 0 1 0 0 0 0 0 0 0 0 0 0 0 0 0 0 0 0 0 0 0 0 1 0 0 0 0 0 0 0 0 1 1 0 0 0 0 0 0 0 0 0 0 0 0 0 1 0 0 0 1 0 0 0 1 0 0 0 1 1 0 1 1 1 0 1 0 0 0 0 0 0 0 0 0 0 0 0 0 0 0 0 0 0 0 0 0 0 0 0 0 0 0 0 0 0 0 0 0 0 0 0 0 0 0 0 0 0 0 0 0 0 0 0 0 0 0 0 0 0 0 0 0 0 0 0 0 0 0 0 0 0 
Picked Items (item,city) = (166 , 14) (193 , 41) (195 , 43) (198 , 46) (199 , 47) (205 , 2) (206 , 3) (208 , 5) (209 , 6) (210 , 7) (218 , 15) (219 , 16) (224 , 21) (227 , 24) (232 , 29) (241 , 38) (246 , 43) (250 , 47) (252 , 49) (255 , 52) (257 , 3) (259 , 5) (261 , 7) (262 , 8) (271 , 17) (273 , 19) (274 , 20) (275 , 21) (276 , 22) (277 , 23) (279 , 25) (280 , 26) (284 , 30) (285 , 31) (288 , 34) (290 , 36) (291 , 37) (293 , 39) (295 , 41) (296 , 42) (297 , 43) (300 , 46) (302 , 48) (305 , 51) (306 , 52) (307 , 2) (309 , 4) (311 , 6) (315 , 10) (316 , 11) (318 , 13) (322 , 17) (327 , 22) (329 , 24) (330 , 25) (334 , 29) (335 , 30) (338 , 33) (342 , 37) (343 , 38) (344 , 39) (345 , 40) (350 , 45) (353 , 48) (357 , 52) (358 , 2) (360 , 4) (362 , 6) (367 , 11) (368 , 12) (370 , 14) (376 , 20) (380 , 24) (401 , 45) (410 , 3) (411 , 4) (425 , 18) (429 , 22) (433 , 26) (437 , 30) (438 , 31) (440 , 33) (441 , 34) (442 , 35) (444 , 37) 

Travel Time: 8056.8388527381284803; Profit: 28017; TSP Distance : 7544.3659000000016022; Weight: 12808 / 68614; 0000000
TSP Tour = 1 49 32 45 19 41 8 9 10 43 33 51 11 52 14 13 47 26 27 28 12 25 4 6 15 5 24 48 38 37 40 39 36 35 34 44 46 16 29 50 20 23 30 2 7 42 21 17 3 18 31 22 1
Knapsack Array = 0 0 0 0 0 0 0 0 0 0 0 0 0 0 0 0 0 0 0 0 0 0 0 0 0 0 0 0 0 0 0 0 0 0 0 0 0 0 0 0 0 0 0 0 0 0 0 0 0 0 0 0 0 0 0 0 0 0 0 0 0 0 0 0 0 0 0 0 0 0 0 0 0 0 0 0 0 0 0 0 0 0 0 0 0 0 0 0 0 0 0 0 0 0 0 0 0 0 0 0 0 0 0 0 0 0 0 0 0 0 0 0 0 0 0 0 0 0 0 0 0 0 0 0 0 0 0 0 0 0 0 0 0 0 0 0 0 0 0 0 0 0 0 0 0 0 0 0 0 0 0 0 0 0 0 0 0 0 0 0 0 0 0 0 0 0 0 0 0 0 0 0 0 0 0 0 0 0 0 0 0 0 0 0 0 0 0 0 0 0 0 0 0 0 0 0 0 0 0 0 0 0 0 0 0 0 0 0 0 0 0 0 0 0 0 0 0 0 0 0 0 0 0 0 0 0 0 0 0 0 0 0 0 0 0 0 0 0 0 0 1 0 0 0 0 1 0 0 0 1 0 1 0 0 1 0 1 0 1 0 1 1 0 0 0 0 0 0 0 0 0 0 0 0 0 0 0 0 0 0 0 0 0 0 0 0 0 0 0 0 0 0 0 0 0 0 0 0 0 0 0 0 0 0 0 0 0 0 0 0 0 0 0 0 1 1 0 1 0 0 0 1 0 0 0 0 1 0 1 1 0 0 0 1 1 0 0 1 0 0 0 1 1 1 1 0 0 0 0 1 0 0 1 0 0 0 1 1 0 1 0 1 0 0 0 0 0 0 0 0 0 0 0 0 0 1 0 0 0 1 0 0 0 0 0 0 0 0 0 0 0 0 0 0 0 0 0 0 0 0 1 0 0 0 0 0 0 0 0 1 1 0 0 0 0 0 0 0 0 0 0 0 0 0 1 0 0 0 1 0 0 0 1 0 0 0 1 1 0 1 1 1 0 1 0 0 0 0 0 0 0 0 0 0 0 0 0 0 0 0 0 0 0 0 0 0 0 0 0 0 0 0 0 0 0 0 0 0 0 0 0 0 0 0 0 0 0 0 0 0 0 0 0 0 0 0 0 0 0 0 0 0 0 0 0 0 0 0 0 0 
Picked Items (item,city) = (241 , 38) (246 , 43) (250 , 47) (252 , 49) (255 , 52) (257 , 3) (259 , 5) (261 , 7) (262 , 8) (315 , 10) (316 , 11) (318 , 13) (322 , 17) (327 , 22) (329 , 24) (330 , 25) (334 , 29) (335 , 30) (338 , 33) (342 , 37) (343 , 38) (344 , 39) (345 , 40) (350 , 45) (353 , 48) (357 , 52) (358 , 2) (360 , 4) (362 , 6) (376 , 20) (380 , 24) (401 , 45) (410 , 3) (411 , 4) (425 , 18) (429 , 22) (433 , 26) (437 , 30) (438 , 31) (440 , 33) (441 , 34) (442 , 35) (444 , 37) 

Travel Time: 8305.7969668402129173; Profit: 35058; TSP Distance : 7544.3659000000016022; Weight: 17135 / 68614; 0000000
TSP Tour = 1 49 32 45 19 41 8 9 10 43 33 51 11 52 14 13 47 26 27 28 12 25 4 6 15 5 24 48 38 37 40 39 36 35 34 44 46 16 29 50 20 23 30 2 7 42 21 17 3 18 31 22 1
Knapsack Array = 0 0 0 0 0 0 0 0 0 0 0 0 0 0 0 0 0 0 0 0 0 0 0 0 0 0 0 0 0 0 0 0 0 0 0 0 0 0 0 0 0 0 0 0 0 0 0 0 0 0 0 0 0 0 0 0 0 0 0 0 0 0 0 0 0 0 0 0 0 0 0 0 0 0 0 0 0 0 0 0 0 0 0 0 0 0 0 0 0 0 0 0 0 0 0 0 0 0 0 0 0 0 0 0 0 0 0 0 0 0 0 0 0 0 0 0 0 0 0 0 0 0 0 0 0 0 0 0 0 0 0 0 0 0 0 0 0 0 0 0 0 0 0 0 0 0 0 0 0 0 0 0 0 0 0 0 0 0 0 0 0 0 0 0 0 0 0 0 0 0 0 0 0 0 0 0 0 0 0 0 0 0 0 0 0 0 0 0 0 0 0 0 0 0 0 0 0 0 0 0 0 0 0 0 0 0 0 0 0 0 0 0 0 0 0 0 0 0 0 0 0 0 0 0 0 0 0 0 0 0 0 0 0 0 0 0 0 0 0 0 0 0 0 0 0 0 0 0 0 0 0 0 0 0 0 0 0 0 0 0 0 0 0 0 0 0 0 0 0 0 0 0 0 0 0 0 0 0 0 0 0 0 0 0 0 0 0 0 0 0 0 0 0 0 0 0 0 0 0 0 0 0 0 0 0 0 0 0 0 0 0 0 0 0 0 0 0 1 0 0 0 1 0 0 0 0 1 0 1 1 0 0 0 1 1 0 0 1 0 0 0 1 1 1 1 0 0 0 0 1 0 0 1 0 0 0 1 1 0 1 0 1 0 0 1 0 1 1 0 1 1 0 1 1 1 1 1 1 0 1 1 1 1 0 0 1 1 1 1 0 0 0 0 0 1 1 1 0 1 1 0 0 1 0 0 1 0 0 1 1 1 1 1 0 0 0 0 0 0 0 0 0 0 0 0 0 1 1 0 1 0 0 0 0 0 1 0 0 0 0 0 0 0 0 0 0 0 0 0 0 0 0 0 0 0 0 0 0 0 0 0 0 0 0 0 0 0 0 0 0 0 0 0 0 0 0 0 0 0 0 0 0 0 0 0 0 0 0 0 0 0 0 0 0 0 0 0 0 0 0 0 0 0 0 0 0 0 0 0 0 
Picked Items (item,city) = (318 , 13) (322 , 17) (327 , 22) (329 , 24) (330 , 25) (334 , 29) (335 , 30) (338 , 33) (342 , 37) (343 , 38) (344 , 39) (345 , 40) (350 , 45) (353 , 48) (357 , 52) (358 , 2) (360 , 4) (362 , 6) (365 , 9) (367 , 11) (368 , 12) (370 , 14) (371 , 15) (373 , 17) (374 , 18) (375 , 19) (376 , 20) (377 , 21) (378 , 22) (380 , 24) (381 , 25) (382 , 26) (383 , 27) (386 , 30) (387 , 31) (388 , 32) (389 , 33) (395 , 39) (396 , 40) (397 , 41) (399 , 43) (400 , 44) (403 , 47) (406 , 50) (409 , 2) (410 , 3) (411 , 4) (412 , 5) (413 , 6) (427 , 20) (428 , 21) (430 , 23) (436 , 29) 

Travel Time: 7575.7331321915426088; Profit: 2879; TSP Distance : 7544.3659000000016022; Weight: 1084 / 68614; 0000000
TSP Tour = 1 49 32 45 19 41 8 9 10 43 33 51 11 52 14 13 47 26 27 28 12 25 4 6 15 5 24 48 38 37 40 39 36 35 34 44 46 16 29 50 20 23 30 2 7 42 21 17 3 18 31 22 1
Knapsack Array = 0 0 0 0 0 0 0 0 0 0 0 0 0 0 0 0 0 0 0 0 0 0 0 0 0 0 0 0 0 0 0 0 0 0 0 0 0 0 0 0 0 0 0 0 0 0 0 0 0 0 0 0 0 0 0 0 0 0 0 0 0 0 0 0 0 0 0 0 0 0 0 0 0 0 0 0 0 0 0 0 0 0 0 0 0 0 0 0 0 0 0 0 0 0 0 0 0 0 0 0 0 0 0 0 0 0 0 0 0 0 0 0 0 0 0 0 0 0 0 0 0 0 0 0 0 0 0 0 0 0 0 0 0 0 0 0 0 0 0 0 0 0 0 0 0 0 0 0 0 0 0 0 0 0 0 0 0 0 0 0 0 0 0 0 0 0 0 0 0 0 0 0 0 0 0 0 0 0 0 0 0 0 0 0 0 0 0 0 0 0 0 0 0 0 0 0 0 0 0 0 0 0 0 0 0 0 0 1 1 1 0 0 0 0 0 0 0 1 1 0 0 0 0 0 0 0 0 0 0 0 0 0 0 0 0 0 0 0 0 0 0 0 0 0 0 0 0 0 0 0 0 0 0 0 0 0 0 0 0 0 0 0 0 0 0 0 0 0 0 0 0 0 0 0 0 0 0 0 0 0 0 0 0 0 0 0 0 0 0 0 0 0 0 0 0 0 0 0 0 0 0 0 0 0 0 0 0 0 0 0 0 0 0 0 0 0 0 0 0 0 0 0 0 0 0 0 0 0 0 0 0 0 0 0 0 0 0 0 0 0 0 0 0 0 0 0 0 0 0 0 0 0 0 0 0 0 0 0 0 0 0 0 0 0 0 0 0 0 0 0 0 0 0 0 0 0 0 0 0 0 0 0 0 0 0 0 0 0 0 0 0 0 0 0 0 0 0 0 0 0 0 0 0 0 0 0 0 0 0 0 0 0 0 0 0 0 0 0 0 0 0 0 0 0 0 0 0 0 0 0 0 0 0 0 0 0 0 0 0 0 0 0 0 0 0 0 0 0 0 0 0 0 0 0 0 0 0 0 0 0 0 0 0 0 0 0 0 0 0 0 0 0 0 0 0 0 0 0 0 0 0 0 0 0 0 0 0 0 0 0 0 0 0 0 0 0 0 0 0 0 0 0 0 0 0 0 0 0 0 0 
Picked Items (item,city) = (208 , 5) (209 , 6) (210 , 7) (218 , 15) (219 , 16) 

Travel Time: 10892.100104797966196; Profit: 102396; TSP Distance : 7544.3659000000016022; Weight: 46853 / 68614; 0000000
TSP Tour = 1 49 32 45 19 41 8 9 10 43 33 51 11 52 14 13 47 26 27 28 12 25 4 6 15 5 24 48 38 37 40 39 36 35 34 44 46 16 29 50 20 23 30 2 7 42 21 17 3 18 31 22 1
Knapsack Array = 0 0 0 0 0 0 0 0 0 0 0 0 0 0 0 0 0 0 0 0 0 0 0 0 0 0 0 0 0 0 0 0 0 0 0 0 0 0 0 0 0 0 0 0 0 0 0 0 0 0 0 0 0 0 0 0 0 0 0 0 0 0 0 0 0 0 0 0 0 0 0 0 0 0 0 0 0 0 0 0 0 0 0 0 0 0 0 0 0 0 0 0 0 0 0 0 0 0 0 0 0 0 0 0 0 0 0 0 0 0 0 0 0 0 0 0 0 0 0 0 0 0 0 0 0 0 0 0 0 0 0 0 0 0 0 0 0 0 0 0 0 0 0 0 0 0 0 0 0 0 0 0 0 0 0 0 0 0 0 0 0 0 0 0 0 1 0 1 0 0 1 1 1 1 0 1 0 0 0 1 1 1 0 0 0 1 0 0 0 0 0 1 1 0 1 0 0 1 1 0 0 0 0 0 1 1 0 1 1 1 0 0 0 0 0 0 0 1 1 0 0 0 0 1 0 0 1 0 0 0 0 1 0 0 0 0 0 0 0 0 1 0 0 0 0 1 0 0 0 1 0 1 0 0 1 0 1 0 1 0 1 1 0 0 0 0 0 0 0 0 1 0 1 1 1 1 1 0 1 1 0 0 0 1 1 0 0 1 0 1 1 0 1 0 1 1 1 0 0 1 0 1 0 0 1 1 1 0 1 0 1 0 0 0 1 1 0 1 0 0 0 1 0 0 0 0 1 0 1 1 0 0 0 1 1 0 0 1 0 0 0 1 1 1 1 0 0 0 0 1 0 0 1 0 0 0 1 1 0 1 0 1 0 0 1 0 1 1 0 1 1 0 1 1 1 1 1 1 0 1 1 1 1 0 0 1 1 1 1 0 0 0 0 0 1 1 1 0 1 1 0 0 1 0 0 1 0 0 1 1 1 1 1 1 0 0 1 0 0 0 1 0 1 0 0 0 1 0 1 0 1 0 1 0 0 0 1 1 0 1 1 1 0 1 0 0 0 0 1 1 0 1 0 0 0 1 1 1 1 0 1 1 1 1 0 1 0 0 1 0 0 1 0 1 1 0 0 1 1 1 0 0 0 0 0 1 0 1 1 1 1 1 0 1 1 0 1 1 0 1 1 0 1 1 0 1 0 0 1 0 
Picked Items (item,city) = (166 , 14) (168 , 16) (171 , 19) (172 , 20) (173 , 21) (174 , 22) (176 , 24) (180 , 28) (181 , 29) (182 , 30) (186 , 34) (192 , 40) (193 , 41) (195 , 43) (198 , 46) (199 , 47) (205 , 2) (206 , 3) (208 , 5) (209 , 6) (210 , 7) (218 , 15) (219 , 16) (224 , 21) (227 , 24) (232 , 29) (241 , 38) (246 , 43) (250 , 47) (252 , 49) (255 , 52) (257 , 3) (259 , 5) (261 , 7) (262 , 8) (271 , 17) (273 , 19) (274 , 20) (275 , 21) (276 , 22) (277 , 23) (279 , 25) (280 , 26) (284 , 30) (285 , 31) (288 , 34) (290 , 36) (291 , 37) (293 , 39) (295 , 41) (296 , 42) (297 , 43) (300 , 46) (302 , 48) (305 , 51) (306 , 52) (307 , 2) (309 , 4) (311 , 6) (315 , 10) (316 , 11) (318 , 13) (322 , 17) (327 , 22) (329 , 24) (330 , 25) (334 , 29) (335 , 30) (338 , 33) (342 , 37) (343 , 38) (344 , 39) (345 , 40) (350 , 45) (353 , 48) (357 , 52) (358 , 2) (360 , 4) (362 , 6) (365 , 9) (367 , 11) (368 , 12) (370 , 14) (371 , 15) (373 , 17) (374 , 18) (375 , 19) (376 , 20) (377 , 21) (378 , 22) (380 , 24) (381 , 25) (382 , 26) (383 , 27) (386 , 30) (387 , 31) (388 , 32) (389 , 33) (395 , 39) (396 , 40) (397 , 41) (399 , 43) (400 , 44) (403 , 47) (406 , 50) (409 , 2) (410 , 3) (411 , 4) (412 , 5) (413 , 6) (414 , 7) (417 , 10) (421 , 14) (423 , 16) (427 , 20) (429 , 22) (431 , 24) (433 , 26) (437 , 30) (438 , 31) (440 , 33) (441 , 34) (442 , 35) (444 , 37) (449 , 42) (450 , 43) (452 , 45) (456 , 49) (457 , 50) (458 , 51) (459 , 52) (461 , 3) (462 , 4) (463 , 5) (464 , 6) (466 , 8) (469 , 11) (472 , 14) (474 , 16) (475 , 17) (478 , 20) (479 , 21) (480 , 22) (486 , 28) (488 , 30) (489 , 31) (490 , 32) (491 , 33) (492 , 34) (494 , 36) (495 , 37) (497 , 39) (498 , 40) (500 , 42) (501 , 43) (503 , 45) (504 , 46) (506 , 48) (509 , 51) 

Travel Time: 16955.957883775194205; Profit: 148200; TSP Distance : 7544.3659000000016022; Weight: 68599 / 68614; 0000000
TSP Tour = 1 49 32 45 19 41 8 9 10 43 33 51 11 52 14 13 47 26 27 28 12 25 4 6 15 5 24 48 38 37 40 39 36 35 34 44 46 16 29 50 20 23 30 2 7 42 21 17 3 18 31 22 1
Knapsack Array = 1 0 1 0 0 0 1 1 0 1 1 1 0 0 1 0 1 1 0 0 1 0 1 1 1 0 1 0 0 1 0 0 1 0 0 1 0 0 0 0 1 1 0 0 1 0 0 1 0 0 1 0 1 1 0 0 0 0 1 0 0 0 1 0 1 0 0 0 0 0 1 1 1 1 1 0 1 0 0 0 0 0 1 0 0 0 1 1 0 0 0 0 0 0 0 0 1 0 0 1 0 1 1 1 0 1 0 1 0 1 0 0 1 1 0 0 1 0 0 1 0 0 0 1 1 1 0 0 1 0 0 1 0 1 1 1 1 1 0 1 1 1 0 0 1 0 0 0 0 0 0 1 1 0 0 1 0 1 0 1 1 0 1 1 0 1 0 1 0 0 1 1 1 1 0 1 0 0 0 1 1 1 0 0 0 1 0 0 0 0 0 1 1 0 1 0 0 1 1 0 0 0 0 0 1 1 0 1 1 1 0 0 0 0 0 0 0 1 1 0 0 0 0 1 0 0 1 0 0 0 0 1 0 0 0 0 0 0 0 0 1 0 0 0 0 1 0 0 0 1 0 1 0 0 1 0 1 0 1 0 1 1 0 0 0 0 0 0 0 0 1 0 1 1 1 1 1 0 1 1 0 0 0 1 1 0 0 1 0 1 1 0 1 0 1 1 1 0 0 1 0 1 0 0 1 1 1 0 1 0 1 0 0 0 1 1 0 1 0 0 0 1 0 0 0 0 1 0 1 1 0 0 0 1 1 0 0 1 0 0 0 1 1 1 1 0 0 0 0 1 0 0 1 0 0 0 1 1 0 1 0 1 0 0 1 0 1 1 0 1 1 0 1 1 1 1 1 1 0 1 1 1 1 0 0 1 1 1 1 0 0 0 0 0 1 1 1 0 1 1 0 0 1 0 0 1 0 0 1 1 1 1 1 1 0 0 1 0 0 0 1 0 1 0 0 0 1 0 1 0 1 0 1 0 0 0 1 1 0 1 1 1 0 1 0 0 0 0 1 1 0 1 0 0 0 1 1 1 1 0 1 1 1 1 0 1 0 0 1 0 0 1 0 1 1 0 0 1 1 1 0 0 0 0 0 1 0 1 1 1 1 1 0 1 1 0 1 1 0 1 1 0 1 1 0 1 0 0 1 0 
Picked Items (item,city) = (1 , 2) (3 , 4) (7 , 8) (8 , 9) (10 , 11) (11 , 12) (12 , 13) (15 , 16) (17 , 18) (18 , 19) (21 , 22) (23 , 24) (24 , 25) (25 , 26) (27 , 28) (30 , 31) (33 , 34) (36 , 37) (41 , 42) (42 , 43) (45 , 46) (48 , 49) (51 , 52) (53 , 3) (54 , 4) (59 , 9) (63 , 13) (65 , 15) (71 , 21) (72 , 22) (73 , 23) (74 , 24) (75 , 25) (77 , 27) (83 , 33) (87 , 37) (88 , 38) (97 , 47) (100 , 50) (102 , 52) (103 , 2) (104 , 3) (106 , 5) (108 , 7) (110 , 9) (113 , 12) (114 , 13) (117 , 16) (120 , 19) (124 , 23) (125 , 24) (126 , 25) (129 , 28) (132 , 31) (134 , 33) (135 , 34) (136 , 35) (137 , 36) (138 , 37) (140 , 39) (141 , 40) (142 , 41) (145 , 44) (152 , 51) (153 , 52) (156 , 4) (158 , 6) (160 , 8) (161 , 9) (163 , 11) (164 , 12) (166 , 14) (168 , 16) (171 , 19) (172 , 20) (173 , 21) (174 , 22) (176 , 24) (180 , 28) (181 , 29) (182 , 30) (186 , 34) (192 , 40) (193 , 41) (195 , 43) (198 , 46) (199 , 47) (205 , 2) (206 , 3) (208 , 5) (209 , 6) (210 , 7) (218 , 15) (219 , 16) (224 , 21) (227 , 24) (232 , 29) (241 , 38) (246 , 43) (250 , 47) (252 , 49) (255 , 52) (257 , 3) (259 , 5) (261 , 7) (262 , 8) (271 , 17) (273 , 19) (274 , 20) (275 , 21) (276 , 22) (277 , 23) (279 , 25) (280 , 26) (284 , 30) (285 , 31) (288 , 34) (290 , 36) (291 , 37) (293 , 39) (295 , 41) (296 , 42) (297 , 43) (300 , 46) (302 , 48) (305 , 51) (306 , 52) (307 , 2) (309 , 4) (311 , 6) (315 , 10) (316 , 11) (318 , 13) (322 , 17) (327 , 22) (329 , 24) (330 , 25) (334 , 29) (335 , 30) (338 , 33) (342 , 37) (343 , 38) (344 , 39) (345 , 40) (350 , 45) (353 , 48) (357 , 52) (358 , 2) (360 , 4) (362 , 6) (365 , 9) (367 , 11) (368 , 12) (370 , 14) (371 , 15) (373 , 17) (374 , 18) (375 , 19) (376 , 20) (377 , 21) (378 , 22) (380 , 24) (381 , 25) (382 , 26) (383 , 27) (386 , 30) (387 , 31) (388 , 32) (389 , 33) (395 , 39) (396 , 40) (397 , 41) (399 , 43) (400 , 44) (403 , 47) (406 , 50) (409 , 2) (410 , 3) (411 , 4) (412 , 5) (413 , 6) (414 , 7) (417 , 10) (421 , 14) (423 , 16) (427 , 20) (429 , 22) (431 , 24) (433 , 26) (437 , 30) (438 , 31) (440 , 33) (441 , 34) (442 , 35) (444 , 37) (449 , 42) (450 , 43) (452 , 45) (456 , 49) (457 , 50) (458 , 51) (459 , 52) (461 , 3) (462 , 4) (463 , 5) (464 , 6) (466 , 8) (469 , 11) (472 , 14) (474 , 16) (475 , 17) (478 , 20) (479 , 21) (480 , 22) (486 , 28) (488 , 30) (489 , 31) (490 , 32) (491 , 33) (492 , 34) (494 , 36) (495 , 37) (497 , 39) (498 , 40) (500 , 42) (501 , 43) (503 , 45) (504 , 46) (506 , 48) (509 , 51) 

Travel Time: 8561.1559318975359929; Profit: 50218; TSP Distance : 7544.3659000000016022; Weight: 21636 / 68614; 0000000
TSP Tour = 1 49 32 45 19 41 8 9 10 43 33 51 11 52 14 13 47 26 27 28 12 25 4 6 15 5 24 48 38 37 40 39 36 35 34 44 46 16 29 50 20 23 30 2 7 42 21 17 3 18 31 22 1
Knapsack Array = 0 0 0 0 0 0 0 0 0 0 0 0 0 0 0 0 0 0 0 0 0 0 0 0 0 0 0 0 0 0 0 0 0 0 0 0 0 0 0 0 0 0 0 0 0 0 0 0 0 0 0 0 0 0 0 0 0 0 0 0 0 0 0 0 0 0 0 0 0 0 1 1 1 1 1 0 1 0 0 0 0 0 1 0 0 0 1 1 0 0 0 0 0 0 0 0 1 0 0 1 0 1 1 1 0 1 0 1 0 1 0 0 1 1 0 0 1 0 0 1 0 0 0 0 0 0 0 0 0 0 0 0 0 0 0 0 0 0 0 0 0 0 0 0 0 0 0 0 0 0 0 0 0 0 0 0 0 0 0 0 0 0 0 0 0 0 0 0 0 0 0 0 0 0 0 0 0 0 0 0 0 0 0 0 0 0 0 0 0 0 0 0 0 0 0 0 0 1 1 0 0 0 0 0 1 1 0 1 1 1 0 0 0 0 0 0 0 1 1 0 0 0 0 1 0 0 1 0 0 0 0 1 0 0 0 0 0 0 0 0 1 0 0 0 0 1 0 0 0 1 0 1 0 0 1 0 1 0 1 0 1 1 0 0 0 0 0 0 0 0 1 0 1 1 1 1 1 0 1 1 0 0 0 1 1 0 0 1 0 1 1 0 1 0 1 1 1 0 0 1 0 1 0 0 1 1 1 0 1 0 1 0 0 0 1 1 0 1 0 0 0 1 0 0 0 0 1 0 1 1 0 0 0 1 1 0 0 1 0 0 0 1 1 1 0 0 0 0 0 0 0 0 0 0 0 0 0 0 0 0 0 0 0 0 0 0 0 0 0 0 0 0 0 0 0 0 0 0 0 0 0 0 0 0 0 0 0 0 0 0 0 0 0 0 0 0 0 0 0 0 0 0 0 0 0 0 0 0 0 0 0 0 0 0 0 0 0 0 0 0 0 0 0 0 0 0 0 0 0 0 0 0 0 0 0 0 0 0 0 0 0 0 0 0 0 0 0 0 0 0 0 0 0 0 0 0 0 0 0 0 0 0 0 0 0 0 0 0 0 0 0 0 0 0 0 0 0 0 0 0 0 0 0 0 0 0 0 0 0 0 0 0 0 0 0 0 0 0 0 0 0 0 0 0 0 0 0 0 0 0 
Picked Items (item,city) = (71 , 21) (72 , 22) (73 , 23) (74 , 24) (75 , 25) (77 , 27) (83 , 33) (87 , 37) (88 , 38) (97 , 47) (100 , 50) (102 , 52) (103 , 2) (104 , 3) (106 , 5) (108 , 7) (110 , 9) (113 , 12) (114 , 13) (117 , 16) (120 , 19) (198 , 46) (199 , 47) (205 , 2) (206 , 3) (208 , 5) (209 , 6) (210 , 7) (218 , 15) (219 , 16) (224 , 21) (227 , 24) (232 , 29) (241 , 38) (246 , 43) (250 , 47) (252 , 49) (255 , 52) (257 , 3) (259 , 5) (261 , 7) (262 , 8) (271 , 17) (273 , 19) (274 , 20) (275 , 21) (276 , 22) (277 , 23) (279 , 25) (280 , 26) (284 , 30) (285 , 31) (288 , 34) (290 , 36) (291 , 37) (293 , 39) (295 , 41) (296 , 42) (297 , 43) (300 , 46) (302 , 48) (305 , 51) (306 , 52) (307 , 2) (309 , 4) (311 , 6) (315 , 10) (316 , 11) (318 , 13) (322 , 17) (327 , 22) (329 , 24) (330 , 25) (334 , 29) (335 , 30) (338 , 33) (342 , 37) (343 , 38) (344 , 39) 

Travel Time: 10687.270776298806595; Profit: 101912; TSP Distance : 7684.2316000000018903; Weight: 46727 / 68614; 0000000
TSP Tour = 1 45 19 41 8 9 10 43 33 51 11 52 14 13 47 26 27 28 12 25 4 6 15 5 24 48 38 37 40 39 36 35 34 44 46 16 29 50 20 23 30 2 7 42 21 17 3 18 31 22 32 49 1
Knapsack Array = 0 0 0 0 0 0 0 0 0 0 0 0 0 0 0 0 0 0 0 0 0 0 0 0 0 0 0 0 0 1 0 0 1 0 0 1 0 0 0 0 1 1 0 0 1 0 0 1 0 0 1 0 1 1 0 0 0 0 1 0 0 0 1 0 1 0 0 0 0 0 1 1 1 1 1 0 1 0 0 0 0 0 0 0 1 0 0 0 0 0 0 0 0 0 0 0 0 0 0 0 0 0 0 0 0 0 0 0 0 0 0 0 0 0 0 0 0 0 0 0 0 0 0 0 0 0 0 0 0 0 0 0 0 0 0 0 0 0 0 0 0 0 0 0 0 0 0 0 0 0 0 0 0 0 0 0 0 0 0 0 0 0 0 0 0 0 0 0 0 0 0 0 0 0 0 0 0 0 0 0 0 0 0 0 0 0 0 0 0 0 0 0 0 0 0 0 0 0 0 0 0 0 0 0 0 0 0 0 0 0 0 0 0 0 0 0 0 1 1 0 0 0 0 1 0 0 1 0 0 0 0 1 0 0 0 0 0 0 0 0 1 0 0 0 0 1 0 0 0 1 0 1 0 0 1 0 1 0 1 0 1 1 0 0 0 0 0 0 0 0 1 0 1 1 1 1 1 0 1 1 0 0 0 1 1 0 0 1 0 1 1 0 1 0 1 1 1 0 0 1 0 1 0 0 1 1 1 0 1 0 1 0 0 0 1 1 0 1 0 0 0 1 0 0 0 0 1 0 1 1 0 0 0 1 1 0 0 1 0 0 0 1 1 1 1 0 0 0 0 1 0 0 1 0 0 0 1 1 0 1 0 1 0 0 1 0 1 1 0 1 1 0 1 1 1 1 1 1 0 1 1 1 1 0 0 1 1 1 1 0 0 0 0 0 1 1 1 0 1 1 0 0 1 0 0 1 0 0 1 1 1 1 1 1 0 0 1 0 0 0 1 0 1 0 0 0 1 0 1 0 1 0 0 0 0 0 1 1 0 1 1 1 0 1 0 0 0 0 1 1 0 1 0 0 0 1 1 1 1 0 1 1 1 1 0 1 0 0 1 0 0 1 0 1 1 0 0 1 1 1 0 0 0 0 0 1 0 1 1 1 1 1 0 1 1 0 1 1 0 1 1 0 1 1 0 1 0 0 1 0 
Picked Items (item,city) = (30 , 31) (33 , 34) (36 , 37) (41 , 42) (42 , 43) (45 , 46) (48 , 49) (51 , 52) (53 , 3) (54 , 4) (59 , 9) (63 , 13) (65 , 15) (71 , 21) (72 , 22) (73 , 23) (74 , 24) (75 , 25) (77 , 27) (85 , 35) (218 , 15) (219 , 16) (224 , 21) (227 , 24) (232 , 29) (241 , 38) (246 , 43) (250 , 47) (252 , 49) (255 , 52) (257 , 3) (259 , 5) (261 , 7) (262 , 8) (271 , 17) (273 , 19) (274 , 20) (275 , 21) (276 , 22) (277 , 23) (279 , 25) (280 , 26) (284 , 30) (285 , 31) (288 , 34) (290 , 36) (291 , 37) (293 , 39) (295 , 41) (296 , 42) (297 , 43) (300 , 46) (302 , 48) (305 , 51) (306 , 52) (307 , 2) (309 , 4) (311 , 6) (315 , 10) (316 , 11) (318 , 13) (322 , 17) (327 , 22) (329 , 24) (330 , 25) (334 , 29) (335 , 30) (338 , 33) (342 , 37) (343 , 38) (344 , 39) (345 , 40) (350 , 45) (353 , 48) (357 , 52) (358 , 2) (360 , 4) (362 , 6) (365 , 9) (367 , 11) (368 , 12) (370 , 14) (371 , 15) (373 , 17) (374 , 18) (375 , 19) (376 , 20) (377 , 21) (378 , 22) (380 , 24) (381 , 25) (382 , 26) (383 , 27) (386 , 30) (387 , 31) (388 , 32) (389 , 33) (395 , 39) (396 , 40) (397 , 41) (399 , 43) (400 , 44) (403 , 47) (406 , 50) (409 , 2) (410 , 3) (411 , 4) (412 , 5) (413 , 6) (414 , 7) (417 , 10) (421 , 14) (423 , 16) (427 , 20) (429 , 22) (431 , 24) (437 , 30) (438 , 31) (440 , 33) (441 , 34) (442 , 35) (444 , 37) (449 , 42) (450 , 43) (452 , 45) (456 , 49) (457 , 50) (458 , 51) (459 , 52) (461 , 3) (462 , 4) (463 , 5) (464 , 6) (466 , 8) (469 , 11) (472 , 14) (474 , 16) (475 , 17) (478 , 20) (479 , 21) (480 , 22) (486 , 28) (488 , 30) (489 , 31) (490 , 32) (491 , 33) (492 , 34) (494 , 36) (495 , 37) (497 , 39) (498 , 40) (500 , 42) (501 , 43) (503 , 45) (504 , 46) (506 , 48) (509 , 51) 

Travel Time: 7544.6451186007825527; Profit: 510; TSP Distance : 7544.3659000000016022; Weight: 459 / 68614; 0000000
TSP Tour = 1 49 32 45 19 41 8 9 10 43 33 51 11 52 14 13 47 26 27 28 12 25 4 6 15 5 24 48 38 37 40 39 36 35 34 44 46 16 29 50 20 23 30 2 7 42 21 17 3 18 31 22 1
Knapsack Array = 0 0 0 0 0 0 0 0 0 0 0 0 0 0 0 0 0 0 0 0 0 0 0 0 0 0 0 0 0 0 0 0 0 0 0 0 0 0 0 0 0 0 0 0 0 0 0 0 0 0 0 0 0 0 0 0 0 0 0 0 0 0 0 0 0 0 0 0 0 0 0 1 0 0 0 0 0 0 0 0 0 0 0 0 0 0 0 0 0 0 0 0 0 0 0 0 0 0 0 0 0 0 0 0 0 0 0 0 0 0 0 0 0 0 0 0 0 0 0 0 0 0 0 0 0 0 0 0 0 0 0 0 0 0 0 0 0 0 0 0 0 0 0 0 0 0 0 0 0 0 0 0 0 0 0 0 0 0 0 0 0 0 0 0 0 0 0 0 0 0 0 0 0 0 0 0 0 0 0 0 0 0 0 0 0 0 0 0 0 0 0 0 0 0 0 0 0 0 0 0 0 0 0 0 0 0 0 0 0 0 0 0 0 0 0 0 0 0 0 0 0 0 0 0 0 0 0 0 0 0 0 0 0 0 0 0 0 0 0 0 0 0 0 0 0 0 0 0 0 0 0 0 0 0 0 0 0 0 0 0 0 0 0 0 0 0 0 0 0 0 0 0 0 0 0 0 0 0 0 0 0 0 0 0 0 0 0 0 0 0 0 0 0 0 0 0 0 0 0 0 0 0 0 0 0 0 0 0 0 0 0 0 0 0 0 0 0 0 0 0 0 0 0 0 0 0 0 0 0 0 0 0 0 0 0 0 0 0 0 0 0 0 0 0 0 0 0 0 0 0 0 0 0 0 0 0 0 0 0 0 0 0 0 0 0 0 0 0 0 0 0 0 0 0 0 0 0 0 0 0 0 0 0 0 0 0 0 0 0 0 0 0 0 0 0 0 0 0 0 0 0 0 0 0 0 0 0 0 0 0 0 0 0 0 0 0 0 0 0 0 0 0 0 0 0 0 0 0 0 0 0 0 0 0 0 0 0 0 0 0 0 0 0 0 0 0 0 0 0 0 0 0 0 0 0 0 0 0 0 0 0 0 0 0 0 0 0 0 0 0 0 0 0 0 0 0 0 0 0 0 0 0 0 0 0 0 0 0 0 0 0 0 0 0 0 0 0 0 0 0 0 0 0 0 0 0 0 0 0 0 
Picked Items (item,city) = (72 , 22) 

Travel Time: 7662.9526628305629856; Profit: 8208; TSP Distance : 7544.3659000000006927; Weight: 3459 / 68614; 0000000
TSP Tour = 1 22 31 18 3 17 21 42 7 2 30 23 20 50 29 16 46 44 34 35 36 39 40 37 38 48 24 5 15 6 4 25 12 28 27 26 47 13 14 52 11 51 33 43 10 9 8 41 19 45 32 49 1
Knapsack Array = 0 0 0 0 0 0 0 0 0 0 0 0 0 0 0 0 0 0 0 0 0 0 0 0 0 0 0 0 0 0 0 0 0 0 0 0 0 0 0 0 0 0 0 0 0 0 0 0 0 0 0 0 0 0 0 0 0 0 0 0 0 0 0 0 0 0 0 0 0 0 0 0 0 1 0 0 0 0 0 0 0 0 0 0 0 0 0 0 0 0 0 0 0 0 0 0 0 0 0 0 0 0 0 0 0 0 0 0 0 0 0 0 0 0 0 0 0 0 0 0 0 0 0 0 0 0 0 0 0 0 0 0 0 0 0 0 0 0 0 0 0 0 0 0 0 0 0 0 0 0 0 0 0 0 0 0 0 0 0 0 0 0 0 0 0 0 0 0 0 0 0 0 0 0 0 0 0 0 0 0 0 0 0 0 0 0 0 0 0 0 0 0 0 0 0 0 0 0 0 0 0 0 0 0 0 0 0 0 0 0 0 0 0 0 0 0 0 0 0 0 0 0 0 0 0 0 0 0 0 0 0 0 0 0 0 0 0 0 0 0 0 0 0 0 0 0 0 0 0 0 0 0 0 0 0 0 0 0 0 0 0 0 0 0 0 0 0 0 0 0 0 0 0 0 0 0 0 0 0 0 0 0 0 0 0 0 0 0 0 0 0 0 0 0 0 0 0 0 0 0 0 0 0 0 0 0 0 0 0 0 0 0 0 0 0 0 0 0 0 0 0 0 0 0 0 0 0 0 0 0 0 0 0 0 0 0 0 0 0 0 0 0 0 0 0 0 0 0 0 0 0 0 0 0 0 0 0 0 0 0 0 0 0 0 0 0 0 0 0 0 0 0 0 0 0 0 0 0 0 0 0 0 0 0 0 0 0 0 0 0 0 0 0 0 0 0 0 0 0 0 0 0 0 0 0 0 0 0 0 0 0 0 0 0 0 0 0 0 0 0 0 0 0 0 0 0 0 0 0 0 0 0 0 0 0 0 0 0 0 0 0 0 0 0 0 0 0 0 0 0 0 0 0 0 0 1 1 1 1 0 1 1 1 1 0 1 0 0 1 0 0 1 0 0 0 0 0 0 0 0 0 0 0 0 0 0 0 0 1 0 0 0 0 0 0 0 1 0 0 0 0 0 0 0 0 0 0 0 0 0 
Picked Items (item,city) = (74 , 24) (456 , 49) (457 , 50) (458 , 51) (459 , 52) (461 , 3) (462 , 4) (463 , 5) (464 , 6) (466 , 8) (469 , 11) (472 , 14) (489 , 31) (497 , 39) 

Travel Time: 7928.592998803394039; Profit: 26282; TSP Distance : 7544.3659000000016022; Weight: 10909 / 68614; 0000000
TSP Tour = 1 49 32 45 19 41 8 9 10 43 33 51 11 52 14 13 47 26 27 28 12 25 4 6 15 5 24 48 38 37 40 39 36 35 34 44 46 16 29 50 20 23 30 2 7 42 21 17 3 18 31 22 1
Knapsack Array = 0 0 0 0 0 0 0 0 0 0 0 0 0 0 0 0 0 0 0 0 0 0 0 0 0 0 0 0 0 0 0 0 0 0 0 0 0 0 0 0 0 0 0 0 0 0 0 0 0 0 0 0 0 0 0 0 0 0 0 0 0 0 0 0 0 0 0 0 0 0 0 0 0 0 0 0 0 0 0 0 0 0 0 0 0 0 0 0 0 0 0 0 0 0 0 0 0 0 0 0 0 0 0 0 0 0 0 0 0 0 0 0 0 0 0 0 0 0 0 0 0 0 0 0 0 0 0 0 0 0 0 0 0 0 0 0 0 0 0 0 0 0 0 0 0 0 0 0 0 0 0 0 0 0 0 0 0 0 0 0 0 0 0 0 0 0 1 0 0 0 0 0 1 1 0 0 0 0 0 0 0 0 0 0 0 0 0 0 0 0 0 0 0 0 0 0 0 0 0 0 0 0 0 0 1 0 0 0 0 0 0 0 0 0 0 0 0 1 1 0 0 0 0 1 0 0 1 0 0 0 0 1 0 0 0 0 0 0 0 0 1 0 0 0 0 1 0 0 0 1 0 1 0 0 1 0 1 0 1 0 1 1 0 0 0 0 0 0 0 0 1 0 1 1 1 1 1 0 1 1 0 0 0 1 1 0 0 1 0 0 0 0 0 0 0 0 0 1 0 0 0 0 0 0 0 0 0 0 0 0 0 0 0 0 1 0 0 0 0 0 0 0 0 0 0 0 0 0 0 0 0 0 0 0 0 0 0 0 0 0 0 0 0 0 0 0 0 0 0 0 0 0 0 0 0 0 0 0 0 0 0 0 0 0 0 0 0 0 0 0 0 0 0 0 0 0 0 0 0 0 0 0 0 0 0 0 0 0 0 0 0 0 0 0 0 0 0 0 0 0 0 0 0 0 0 0 0 0 0 0 0 0 0 0 0 0 0 0 0 0 0 0 0 0 0 0 0 0 0 0 0 0 0 0 0 0 0 0 0 0 0 0 0 0 0 0 0 0 0 0 0 0 0 0 0 0 1 0 1 0 0 0 1 1 0 0 0 0 0 0 0 0 0 0 0 0 0 1 1 0 1 0 0 0 0 1 0 0 1 0 0 1 0 0 1 0 1 1 0 0 1 0 0 0 0 0 0 0 0 0 
Picked Items (item,city) = (167 , 15) (173 , 21) (174 , 22) (205 , 2) (218 , 15) (219 , 16) (224 , 21) (227 , 24) (232 , 29) (241 , 38) (246 , 43) (250 , 47) (252 , 49) (255 , 52) (257 , 3) (259 , 5) (261 , 7) (262 , 8) (271 , 17) (273 , 19) (274 , 20) (275 , 21) (276 , 22) (277 , 23) (279 , 25) (280 , 26) (284 , 30) (285 , 31) (288 , 34) (298 , 44) (315 , 10) (457 , 50) (459 , 52) (463 , 5) (464 , 6) (478 , 20) (479 , 21) (481 , 23) (486 , 28) (489 , 31) (492 , 34) (495 , 37) (497 , 39) (498 , 40) (501 , 43) 

Travel Time: 10138.583924792044854; Profit: 86393; TSP Distance : 7544.3659000000016022; Weight: 38951 / 68614; 0000000
TSP Tour = 1 49 32 45 19 41 8 9 10 43 33 51 11 52 14 13 47 26 27 28 12 25 4 6 15 5 24 48 38 37 40 39 36 35 34 44 46 16 29 50 20 23 30 2 7 42 21 17 3 18 31 22 1
Knapsack Array = 1 0 1 0 0 0 1 1 0 1 1 1 0 0 1 0 1 1 0 0 1 0 1 1 1 0 1 0 0 1 0 0 1 0 0 1 0 0 0 0 1 1 0 0 1 0 0 1 0 0 1 0 1 1 0 0 0 0 1 0 0 0 1 0 1 0 0 0 0 0 1 1 1 1 1 0 1 0 0 0 0 0 1 0 0 0 1 1 0 0 0 0 0 0 0 0 1 0 0 1 0 1 1 0 0 1 0 1 0 1 0 0 1 1 0 0 1 0 0 1 0 0 0 1 1 1 0 0 1 0 0 1 0 1 1 1 0 1 0 1 1 1 0 0 1 0 0 0 0 0 0 1 1 0 0 1 0 1 0 1 1 0 1 1 0 1 0 1 0 0 1 1 1 1 0 1 0 0 0 1 1 1 0 0 0 1 0 0 0 0 0 0 0 0 0 0 0 0 0 0 0 0 0 0 1 0 0 0 0 0 0 0 0 0 0 0 0 1 1 0 0 0 0 1 0 0 1 0 0 0 0 1 0 0 0 0 0 0 0 0 1 0 0 0 0 1 0 0 0 1 0 1 0 0 1 0 1 0 1 0 1 1 0 0 0 0 0 0 0 0 1 0 1 1 1 1 1 0 1 1 0 0 0 1 1 0 0 1 0 0 0 0 0 0 0 0 0 1 0 0 0 0 0 0 0 0 0 0 0 0 0 0 0 0 1 0 0 0 0 0 0 0 0 0 0 0 0 0 0 0 0 0 0 0 0 0 0 0 0 0 0 0 0 0 0 0 0 0 0 0 0 0 0 0 0 0 0 0 0 0 0 0 0 0 0 0 0 0 0 0 0 0 0 0 0 0 0 0 0 0 0 0 0 0 0 0 0 0 0 0 0 0 0 0 0 0 0 0 0 0 0 0 0 0 0 0 0 0 0 0 0 0 0 0 0 0 0 0 0 0 0 0 0 0 0 0 0 0 0 0 0 0 0 0 0 0 0 0 0 0 0 0 0 0 0 0 0 0 0 0 0 0 0 0 0 0 1 0 1 0 0 0 1 1 0 1 0 0 1 0 0 1 0 1 1 0 0 1 1 1 0 0 0 0 0 1 0 1 1 1 1 1 0 1 1 0 1 1 0 1 1 0 1 1 0 1 0 0 1 0 
Picked Items (item,city) = (1 , 2) (3 , 4) (7 , 8) (8 , 9) (10 , 11) (11 , 12) (12 , 13) (15 , 16) (17 , 18) (18 , 19) (21 , 22) (23 , 24) (24 , 25) (25 , 26) (27 , 28) (30 , 31) (33 , 34) (36 , 37) (41 , 42) (42 , 43) (45 , 46) (48 , 49) (51 , 52) (53 , 3) (54 , 4) (59 , 9) (63 , 13) (65 , 15) (71 , 21) (72 , 22) (73 , 23) (74 , 24) (75 , 25) (77 , 27) (83 , 33) (87 , 37) (88 , 38) (97 , 47) (100 , 50) (102 , 52) (103 , 2) (106 , 5) (108 , 7) (110 , 9) (113 , 12) (114 , 13) (117 , 16) (120 , 19) (124 , 23) (125 , 24) (126 , 25) (129 , 28) (132 , 31) (134 , 33) (135 , 34) (136 , 35) (138 , 37) (140 , 39) (141 , 40) (142 , 41) (145 , 44) (152 , 51) (153 , 52) (156 , 4) (158 , 6) (160 , 8) (161 , 9) (163 , 11) (164 , 12) (166 , 14) (168 , 16) (171 , 19) (172 , 20) (173 , 21) (174 , 22) (176 , 24) (180 , 28) (181 , 29) (182 , 30) (186 , 34) (205 , 2) (218 , 15) (219 , 16) (224 , 21) (227 , 24) (232 , 29) (241 , 38) (246 , 43) (250 , 47) (252 , 49) (255 , 52) (257 , 3) (259 , 5) (261 , 7) (262 , 8) (271 , 17) (273 , 19) (274 , 20) (275 , 21) (276 , 22) (277 , 23) (279 , 25) (280 , 26) (284 , 30) (285 , 31) (288 , 34) (298 , 44) (315 , 10) (457 , 50) (459 , 52) (463 , 5) (464 , 6) (466 , 8) (469 , 11) (472 , 14) (474 , 16) (475 , 17) (478 , 20) (479 , 21) (480 , 22) (486 , 28) (488 , 30) (489 , 31) (490 , 32) (491 , 33) (492 , 34) (494 , 36) (495 , 37) (497 , 39) (498 , 40) (500 , 42) (501 , 43) (503 , 45) (504 , 46) (506 , 48) (509 , 51) 

Travel Time: 8307.9955441382335266; Profit: 40756; TSP Distance : 7544.3659000000016022; Weight: 16186 / 68614; 0000000
TSP Tour = 1 49 32 45 19 41 8 9 10 43 33 51 11 52 14 13 47 26 27 28 12 25 4 6 15 5 24 48 38 37 40 39 36 35 34 44 46 16 29 50 20 23 30 2 7 42 21 17 3 18 31 22 1
Knapsack Array = 0 0 0 0 0 0 0 0 0 0 0 0 0 0 0 0 0 0 0 0 0 0 0 0 0 0 0 0 0 0 0 0 0 0 0 0 0 0 0 0 1 1 0 0 1 0 0 1 0 0 1 0 1 1 0 0 0 0 1 0 0 0 1 0 1 0 0 0 0 0 1 1 1 1 1 0 1 0 0 0 0 0 1 0 0 0 0 0 0 0 0 0 0 0 0 0 0 0 0 0 0 0 0 0 0 0 0 0 0 0 0 0 0 0 0 0 0 0 0 0 0 0 0 0 0 0 0 0 0 0 0 0 0 0 0 0 0 0 0 0 0 0 0 0 0 0 0 0 0 0 0 0 0 0 0 0 0 0 0 1 1 0 1 1 0 1 0 1 0 0 1 1 1 1 0 1 0 0 0 1 1 1 0 0 0 1 0 0 0 0 0 1 1 0 1 0 0 1 1 0 0 0 0 0 1 1 0 1 1 1 0 0 0 0 0 0 0 1 1 0 0 0 0 1 0 0 1 0 0 0 0 1 0 0 0 0 0 0 0 0 1 0 0 0 0 1 0 0 0 0 0 0 0 0 0 0 0 0 0 0 0 0 0 0 0 0 0 0 0 0 0 0 0 0 0 0 0 0 0 0 0 0 0 0 0 0 0 0 0 0 0 0 0 0 0 0 0 0 0 0 0 0 0 0 0 0 0 0 0 0 0 0 0 0 1 1 0 1 0 0 0 1 0 0 0 0 1 0 1 1 0 0 0 1 1 0 0 1 0 0 0 0 0 0 0 0 0 0 0 0 0 0 0 0 0 0 0 0 0 0 0 0 0 0 0 0 0 0 0 0 0 0 0 0 0 0 0 0 0 0 0 0 0 0 0 0 0 0 0 0 0 0 0 0 0 0 0 0 0 0 0 0 0 0 0 0 0 1 0 0 0 0 0 0 0 0 0 0 0 0 0 0 1 0 0 0 1 0 0 0 1 0 0 0 0 0 0 0 0 0 0 0 0 0 0 0 0 0 0 0 0 0 0 0 0 0 0 0 0 0 0 0 0 0 0 0 0 0 0 0 0 0 0 0 0 0 0 0 0 0 0 0 0 0 0 0 0 0 0 0 0 0 0 0 0 0 0 0 0 0 0 0 0 0 0 0 0 0 0 0 
Picked Items (item,city) = (41 , 42) (42 , 43) (45 , 46) (48 , 49) (51 , 52) (53 , 3) (54 , 4) (59 , 9) (63 , 13) (65 , 15) (71 , 21) (72 , 22) (73 , 23) (74 , 24) (75 , 25) (77 , 27) (83 , 33) (160 , 8) (161 , 9) (163 , 11) (164 , 12) (166 , 14) (168 , 16) (171 , 19) (172 , 20) (173 , 21) (174 , 22) (176 , 24) (180 , 28) (181 , 29) (182 , 30) (186 , 34) (192 , 40) (193 , 41) (195 , 43) (198 , 46) (199 , 47) (205 , 2) (206 , 3) (208 , 5) (209 , 6) (210 , 7) (218 , 15) (219 , 16) (224 , 21) (227 , 24) (232 , 29) (241 , 38) (246 , 43) (315 , 10) (316 , 11) (318 , 13) (322 , 17) (327 , 22) (329 , 24) (330 , 25) (334 , 29) (335 , 30) (338 , 33) (408 , 52) (423 , 16) (427 , 20) (431 , 24) 

Travel Time: 8005.8672377523762407; Profit: 27325; TSP Distance : 7544.3659000000016022; Weight: 11052 / 68614; 0000000
TSP Tour = 1 49 32 45 19 41 8 9 10 43 33 51 11 52 14 13 47 26 27 28 12 25 4 6 15 5 24 48 38 37 40 39 36 35 34 44 46 16 29 50 20 23 30 2 7 42 21 17 3 18 31 22 1
Knapsack Array = 0 0 0 0 0 0 0 0 0 0 0 0 0 0 0 0 0 0 0 0 0 0 0 0 0 0 0 0 0 0 0 0 0 0 0 0 0 0 0 0 0 0 0 0 0 0 0 0 0 0 0 0 0 0 0 0 0 0 0 0 0 0 1 0 1 0 0 0 0 0 1 1 1 1 1 0 1 0 0 0 0 0 1 0 0 0 0 0 0 0 0 0 0 0 0 0 0 0 0 0 0 0 0 0 0 0 0 0 0 0 0 0 0 0 0 0 0 0 0 0 0 0 0 0 0 0 0 0 0 0 0 0 0 0 0 0 0 0 0 0 0 0 0 0 0 0 0 0 0 0 0 0 0 0 0 0 0 0 0 1 1 0 1 1 0 1 0 1 0 0 1 1 1 1 0 1 0 0 0 1 1 1 0 0 0 1 0 0 0 0 0 1 1 0 1 0 0 1 1 0 0 0 0 0 1 1 0 1 1 1 0 0 0 0 0 0 0 1 1 0 0 0 0 1 0 0 1 0 0 0 0 1 0 0 0 0 0 0 0 0 1 0 0 0 0 1 0 0 0 0 0 0 0 0 0 0 0 0 0 0 0 0 0 0 0 0 0 0 0 0 0 0 0 0 0 0 0 0 0 0 0 0 0 0 0 0 0 0 0 0 0 0 0 0 0 0 0 0 0 0 0 0 0 0 0 0 0 0 0 0 0 0 0 0 0 0 0 0 0 0 0 0 0 0 0 0 0 0 0 0 0 0 0 0 0 0 0 0 0 0 0 0 0 0 0 0 0 0 0 0 0 0 0 0 0 0 0 0 0 0 0 0 0 0 0 0 0 0 0 0 0 0 0 0 0 0 0 0 0 0 0 0 0 0 0 0 0 0 0 0 0 0 0 0 0 0 0 0 0 0 0 0 0 0 0 0 0 1 0 0 0 0 0 0 0 0 0 0 0 0 0 0 1 0 0 0 1 0 0 0 1 0 0 0 0 0 0 0 0 0 0 0 0 0 0 0 0 0 0 0 0 0 0 0 0 0 0 0 0 0 0 0 0 0 0 0 0 0 0 0 0 0 0 0 0 0 0 0 0 0 0 0 0 0 0 0 0 0 0 0 0 0 0 0 0 0 0 0 0 0 0 0 0 0 0 0 0 0 0 0 
Picked Items (item,city) = (63 , 13) (65 , 15) (71 , 21) (72 , 22) (73 , 23) (74 , 24) (75 , 25) (77 , 27) (83 , 33) (160 , 8) (161 , 9) (163 , 11) (164 , 12) (166 , 14) (168 , 16) (171 , 19) (172 , 20) (173 , 21) (174 , 22) (176 , 24) (180 , 28) (181 , 29) (182 , 30) (186 , 34) (192 , 40) (193 , 41) (195 , 43) (198 , 46) (199 , 47) (205 , 2) (206 , 3) (208 , 5) (209 , 6) (210 , 7) (218 , 15) (219 , 16) (224 , 21) (227 , 24) (232 , 29) (241 , 38) (246 , 43) (408 , 52) (423 , 16) (427 , 20) (431 , 24) 

Travel Time: 7652.723229137576709; Profit: 2995; TSP Distance : 7544.3659000000006927; Weight: 2240 / 68614; 0000000
TSP Tour = 1 22 31 18 3 17 21 42 7 2 30 23 20 50 29 16 46 44 34 35 36 39 40 37 38 48 24 5 15 6 4 25 12 28 27 26 47 13 14 52 11 51 33 43 10 9 8 41 19 45 32 49 1
Knapsack Array = 0 0 0 0 0 0 0 0 0 0 0 0 0 0 0 0 0 0 0 0 0 0 0 0 0 0 0 0 0 0 0 0 0 0 0 0 0 0 0 0 0 0 0 0 0 0 0 0 0 0 0 0 0 0 0 0 0 0 0 0 0 0 0 0 0 0 0 0 0 0 0 0 0 0 0 0 0 0 0 0 0 0 0 0 0 0 0 0 0 0 0 0 0 0 0 0 0 0 0 0 0 0 0 0 0 0 0 0 0 0 0 0 0 0 0 0 0 0 0 0 0 0 0 0 0 0 0 0 0 0 0 0 0 1 1 1 1 1 0 0 0 0 0 0 0 0 0 0 0 0 0 0 0 0 0 0 0 0 0 0 0 0 0 0 0 0 0 0 0 0 0 0 0 0 0 0 0 0 0 0 0 0 0 0 0 0 0 0 0 0 0 0 0 0 0 0 0 0 0 0 0 0 0 0 0 0 0 0 0 0 0 0 0 0 0 0 0 0 0 0 0 0 0 0 0 0 0 0 0 0 0 0 0 0 0 0 0 0 0 0 0 0 0 0 0 0 0 0 0 0 0 0 0 0 0 0 0 0 0 0 0 0 0 0 0 0 0 0 0 0 0 0 0 0 0 0 0 0 0 0 0 0 0 0 0 0 0 0 0 0 0 0 0 0 0 0 0 0 0 0 0 0 0 0 0 0 0 0 0 0 0 0 0 0 0 0 0 0 0 0 0 0 0 0 0 0 0 0 0 0 0 0 0 0 0 0 0 0 0 0 0 0 0 0 0 0 0 0 0 0 0 0 0 0 0 0 0 0 0 0 0 0 0 0 0 0 0 0 0 0 0 0 0 0 0 0 0 0 0 0 0 0 0 0 0 0 0 0 0 0 0 0 0 0 0 0 0 0 0 0 0 0 0 0 0 0 0 0 0 0 0 0 0 0 0 0 0 0 0 0 0 0 0 0 0 0 0 0 0 0 0 0 0 0 0 0 0 0 0 0 0 0 0 0 0 0 0 0 0 0 0 0 0 0 0 0 0 0 0 0 0 0 0 0 0 0 0 0 0 0 0 0 0 0 0 0 0 0 0 0 0 0 0 0 0 0 0 0 0 0 0 0 0 0 0 0 0 0 0 0 0 0 0 0 0 0 0 0 0 0 
Picked Items (item,city) = (134 , 33) (135 , 34) (136 , 35) (137 , 36) (138 , 37) 


Pareto (Travel Time; Profit; IsValid)

8978.9903752145964972 ; 59073; 0000000
7544.3659000000006927 ; 0; 0000000
10671.382260106553076 ; 96025; 0000000
11890.427237858459193 ; 110320; 0000000
9552.3529458248885931 ; 81064; 0000000
8807.6956521981719561 ; 56459; 0000000
7679.9818569353428757 ; 10350; 0000000
7680.226044152904251 ; 11138; 0000000
12253.226238987166653 ; 120237; 0000000
12909.924424546805312 ; 127802; 0000000
8711.3110720862714516 ; 54792; 0000000
8056.8388527381284803 ; 28017; 0000000
8305.7969668402129173 ; 35058; 0000000
7575.7331321915426088 ; 2879; 0000000
10892.100104797966196 ; 102396; 0000000
16955.957883775194205 ; 148200; 0000000
8561.1559318975359929 ; 50218; 0000000
10687.270776298806595 ; 101912; 0000000
7544.6451186007825527 ; 510; 0000000
7662.9526628305629856 ; 8208; 0000000
7928.592998803394039 ; 26282; 0000000
10138.583924792044854 ; 86393; 0000000
8307.9955441382335266 ; 40756; 0000000
8005.8672377523762407 ; 27325; 0000000
7652.723229137576709 ; 2995; 0000000
