Travel Time; Profit
4161.167828100985389; 42355
4297.3787459037148437; 42990
4508.1659978287925696; 43802
4350.1132297046106032; 43240
4379.4240462675425078; 43340
3894.741668404793927; 40865
4454.5845929138959036; 43609
4582.8398369267279122; 44061
3952.0092138754534972; 41158
2590.0900223865883163; 2613
2589.9198112549206598; 2457
4527.0967293810936098; 43907
4584.147293470708064; 44146
4363.7565296518387186; 43316
4309.9188312931164546; 43113
4471.4670922539517051; 43714
4261.4012834223694881; 42920
4179.0357226068290402; 42431
5087.7646497215464478; 45462
4051.0927372156452293; 41785
4131.5240696255241346; 42228
5028.7624628050853062; 45444
4895.9064166853759161; 45010
4980.7592537827822525; 45344
4089.7575818185346179; 42035
4795.9550669392992859; 44792
4937.8595171977922291; 45151
4713.5482085812554942; 44542
4751.9089704590023757; 44642
4636.6749959238513838; 44266
4668.1135818101374753; 44364
5138.9314602507902237; 45562
4415.6678655684581827; 43509
4421.1373745830096595; 43566
2588.2389938297878871; 791
2591.876070782880106; 4019
2596.6386847653816403; 4904
3031.7317433707535201; 30811
3059.1828856723104764; 31461
3093.5745077376891459; 32070
3117.456154985419289; 32438
3346.5868426202914634; 35934
2590.4088874268277323; 3404
2596.3284532965844846; 4847
2791.280868041163103; 22939
2814.1108816144492266; 23676
2785.4299720347898983; 21895
2601.2633857200285092; 6404
2956.1900181795863318; 29129
2740.722175766926739; 18648
2849.3132728480150035; 26150
2837.4023676381066252; 25235
2825.711984524755735; 24591
2762.1753141507101645; 20542
2890.9132858921298066; 27243
2980.4175220964166328; 29779
2769.8394405189887948; 21215
2866.7925024771466269; 26726
2934.9954644833551356; 28504
2908.206772262877621; 27923
2593.7646124222701474; 4701
2628.2973266684261944; 9595
2589.2801274723442475; 2280
2587.9431523171165281; 156
2588.0028557505115714; 278
2588.7166377629746421; 1768
2589.4502472769413544; 2436
2592.3337677443118992; 4233
2611.5644550354090825; 7934
2630.1381490512121673; 9771
2617.1342819540536766; 8664
5485.4436216286212584; 46163
2607.3016456782511341; 6979
2613.7373385157548; 8516
2959.7744993411661198; 29393
2640.2585601071759811; 11368
2933.7262800659564164; 28138
3554.5926749928785284; 38630
4115.1446781572485634; 42176
3684.0856643506203909; 39757
3495.9796404858811911; 37992
3274.5109415241417992; 35186
3740.9050099834548746; 40267
2689.9347297261888343; 16051
2720.1953592564682367; 18154
3313.6055555847237883; 35892
2635.2106123409134852; 9999
2907.9205779965018337; 27633
3033.3939595482333971; 30991
3635.5633570119580327; 39369
3785.0712033376471481; 40517
3598.6446843687685941; 38968
4185.1209328925278896; 42490
2742.9549484042304357; 18933
3909.3233028168397141; 41152
3396.1314279982020707; 36953
3977.9283898380699611; 41633
3140.7871647687920813; 33078
2623.5516146839768226; 9474
3068.983947490582068; 31555
3231.9521044798880212; 34798
3437.142546022143506; 37332
3005.2086368347263488; 30415
2844.768203517594884; 25333
2598.556695643592775; 5586
3840.5486365547544665; 40786
3167.2412688332583457; 33821
2663.3069123771397244; 13765
3460.6412549512647274; 37700
2680.649386853458509; 14955
2755.9788955594767685; 20346
3961.2219061414675707; 41402
2707.7474420408634614; 17241
3214.2950035592261884; 34329
4056.7594363871216956; 41807
2703.1680121905337728; 16902
3369.0857787665213436; 36475
2672.9336425657879772; 14752
2649.4366486324329344; 12355
3347.4922163562623609; 36238
2789.6175308339852563; 21977
3869.6914097954490899; 40863
4214.4803784202849783; 42628
2773.8475116415243065; 21297
2836.8212697143812875; 24691
2661.713859086816683; 13339
4057.2783133230745989; 41926
3185.9821074124806728; 33989
3086.6139988846803135; 31970
2657.2253562645692; 12558
2588.4061128061275667; 977
2638.1431383124772765; 10261
3955.7250777644417212; 41260
4044.8571325371995044; 41722
4087.5149485372612617; 41997
4120.4458226693432152; 42204
4178.9087463981359178; 42390
4214.3443116815924441; 42597
4252.2660607992702353; 42839
4306.5216760853427331; 43089
4519.7938384092185515; 43806
4566.8155321862041092; 44014
4662.7128889553259796; 44356
4745.2079092566564213; 44606
2590.1544022321427292; 3248
2604.9325496656451833; 6662
2647.0299643872067463; 11532
2588.5761079756712206; 1133
2597.2036043883167622; 5398
2622.0083271056778358; 8872
2630.9855067395969854; 9859
2594.4836223070969936; 4732
2608.5191789316872928; 7474
2608.3345292961525956; 7355
4172.1253088499261139; 42357
4289.107142346798355; 42953
4336.5641655615127092; 43146
4498.8442871415800255; 43774
4540.1237074013979509; 43929
4572.4429827174653838; 44029
4601.3688560797827449; 44179
4649.5193880358592651; 44282
4700.0136351738965459; 44532
4728.4067287316083821; 44575
4765.1708505664701079; 44675
4802.6008194240184821; 44825
4841.8125856928027133; 44925
4867.4264216053516066; 45008
4939.7245081587680033; 45201
5096.3308661826740718; 45542
5155.9290317344120922; 45668
5204.5054208017218116; 45768
5257.1758268480452898; 45830
5265.8966473722148294; 45918
2637.1726704118968883; 10171
2610.5575619954665854; 7618
4933.2461189854657277; 45033
5460.461117458508852; 46082
5516.3930189030115798; 46182
2594.8981399100662202; 4792
2621.8171787185442554; 8858
5738.3732017763086333; 46207
5426.383420761691923; 46037
2591.0833617621847225; 3526
2592.7220077490428594; 4297
4025.4854339570433694; 41686
4227.3225491803805198; 42659
4402.6793843352479598; 43355
2587.809635417037498; 119
2638.3671595840587543; 10383
2598.2517338393113278; 5467
2688.8124683070764149; 15122
2592.1455366852383122; 4049
2633.7498365381775329; 9872
2640.1377751623645054; 10757
2655.8721051759885086; 12553
2733.8727817834551388; 18242
2747.8879748520098474; 19817
2766.8892047542340151; 20556
2941.0781921574421176; 28585
2985.79495472582812; 29982
3066.7955804947705474; 31537
3081.1921191892652132; 31755
3101.5470387550712985; 32435
3132.4071706919557982; 33011
3167.1923145005503102; 33459
3227.1271018415923209; 34438
3257.502491928289146; 34967
3292.579452622572262; 35432
3365.1570312760882189; 36299
3538.9280192648611774; 38174
