Travel Time; Profit
2588.0317728044287833; 791
4418.1092177814225579; 73102
4160.3830903097650662; 71134
4511.513223796395323; 73624
4380.0840969104974647; 72897
5321.6859110333889475; 76924
5545.4996659402740988; 77528
2647.4411168879341858; 19368
2824.2625823640632916; 38605
2623.1408930903476175; 14318
2733.2245369733259395; 31157
2722.0663493843953802; 29676
2638.7306171891473241; 18072
2778.565966960652986; 34544
2633.0638395737214523; 16513
2792.4182058281753598; 35840
2745.5033879050779433; 32453
2628.4750346747046024; 15292
2612.6642727122120959; 11514
2971.7197678338347941; 47301
3109.9305098105692196; 53233
2629.5703463030486091; 15537
3071.9495357261253048; 51548
2657.3720632802051114; 21361
3054.7237085014244258; 50937
2668.4639386320427548; 22796
2636.7984770338994167; 17433
2650.6372827339500873; 19818
3318.4697294809329833; 59141
3228.9292405904238876; 57036
3349.069336530622877; 59816
3281.1714690053076993; 58383
2642.5992534085517036; 18549
3258.4884172873630632; 57772
3378.2437186158613258; 60527
2675.4424656743985906; 23687
2654.9956040053411925; 20735
2699.586739089951152; 27018
2676.7122063709261965; 25007
2841.182599118980761; 39528
2634.496329755437273; 17286
2630.4473655103456622; 15611
2863.1641530264719222; 41452
2649.4438541049921696; 19635
2624.8172824498897171; 14495
2587.9304017586914597; 119
2588.274666726826581; 1489
2591.5525214572730874; 4651
2654.1691158501971586; 20417
2960.1684180236479733; 46328
2613.5588194352276332; 11666
2833.1617102171676379; 39491
2900.6461608024419547; 43300
2812.7560113326549072; 38025
2673.8205763384671627; 23088
3033.2160578150865149; 50507
2665.70940035250851; 22762
3100.2414968949137801; 52450
2781.9657503419916793; 34655
3159.3260276254050041; 54949
3058.1052356373397743; 51440
5609.7675334741707047; 77731
5434.8430798397357648; 77322
3796.1488750846033327; 67965
4044.7541146794437736; 70505
3860.5833063274071719; 68271
3748.1217711865874662; 67012
4609.9074234890385924; 74334
3900.314056982497732; 68989
4543.8480658528960703; 73960
5237.7623211776653989; 76761
3952.3086312467871721; 69530
4326.1077349674278594; 72665
4829.3314777454061186; 75207
4665.3699711429071613; 74497
4719.3935168581838298; 74858
4891.2156924860901199; 75370
5063.7261608585004069; 76219
5141.3226229674255592; 76580
4770.9906077359510164; 75104
4273.0802126565358776; 72291
5017.4304820783718242; 75977
4498.1583952320070239; 73599
4447.7603394457482864; 73436
3705.8045076186449478; 66609
5362.2946989765532635; 77219
3641.7568501494420161; 65819
4161.1118006571787191; 71406
4228.5347672681300537; 72059
4380.0842004692267437; 72964
3674.3429856171892425; 66057
4194.0840115214250545; 71767
5124.7735726744840576; 76449
4957.147029524179743; 75888
4934.4965431452092162; 75810
4406.0132908617706562; 73075
3198.9774558976828303; 55776
2907.1022260995746365; 43374
2949.9847069272077533; 45662
3632.5277023582680158; 65057
3859.1588997946132622; 68224
4394.1254755797335747; 73055
4481.982561857015753; 73464
4628.4902313262618918; 74344
4685.6772169406021931; 74513
4740.0144196253149858; 74874
4792.3787556227862297; 75108
4833.3830329538732258; 75249
4893.2944504338529441; 75449
5018.8143520425237512; 76050
5117.8454147871425448; 76287
5219.4716233576100421; 76689
5332.2002069942873277; 76926
5479.0008700386979399; 77453
5546.0373519099739497; 77562
5607.8567656326513315; 77663
2599.6167169807836217; 7937
2609.7274587602046267; 10476
2603.7918892646798668; 9232
2614.8786168674423607; 12785
2589.2903463743678003; 3930
2600.8263140261801709; 8023
4700.0743544394435958; 74622
4913.9335866225665086; 75527
2588.0884019812592669; 977
2591.0914575782403517; 4090
2595.1872309734562805; 6045
2597.7532104928664012; 7488
2603.0501419825072844; 8928
5041.4614234619102717; 76088
5186.8737893605566569; 76593
5266.5018524368888393; 76858
5334.8928036669567518; 76961
5506.7128128774957077; 77466
2592.2257712939212979; 5085
2594.111514398932286; 5342
2587.8082200000003468; 0
3850.5271493900349924; 68221
3877.3861782616113487; 68583
3940.1906620765767002; 69384
3992.2185665885804156; 69620
4061.6713863326453975; 70633
4122.6242893822418409; 71095
4164.3147087028546594; 71434
4265.3915666173179488; 72118
4365.0519369633966562; 72794
4540.6215595123749154; 73786
4585.4286141349557511; 74074
4691.2742461479438134; 74587
2819.389809008447628; 38321
2895.8104426521808819; 42702
6043.7387148116695244; 77755
2630.6723485720103781; 15929
2652.1886764961927838; 20264
2664.8975724012307182; 22364
2619.2068513131807777; 14020
3047.52730523160335; 50926
2827.8263608248366836; 39429
3073.4623547857108861; 52449
2757.9416108312780125; 34408
3174.0706664090598679; 55717
3200.2563897934091983; 56796
2804.748200433456077; 37874
3772.9111450023137877; 67247
4264.0085265318111851; 72086
2599.320173359501041; 7520
2676.5731061282367591; 23755
3594.3509465925862969; 64660
2783.0186133986062487; 35637
3240.0097861564563573; 57647
2877.1755310184817063; 42500
2679.0975825584032464; 25279
2753.127210090279732; 32855
3685.2689584616114189; 66096
2703.8408525419331454; 27607
3136.5904774148011711; 54794
3927.954405990352825; 69043
3967.8338473896219512; 69595
3001.2926660562993675; 49056
2613.6584475443269184; 12461
3020.1221091280258406; 50115
3435.9522167850159349; 62148
2689.4097855732234166; 26571
3320.2657606644270345; 59626
3468.5879845709732763; 62859
2853.1614419313432336; 40945
2724.8048740981857918; 30931
2796.0376120298774367; 36736
2610.8808678894447439; 11295
3354.440711480376649; 60304
2606.1806978649624398; 9913
2737.0267439158687921; 31819
2951.0894504474990754; 46271
3104.858071010088679; 53139
2602.3800225057184434; 8821
2981.7533608626981732; 48048
3556.3507670050503293; 64120
3410.8131692527695122; 61262
3269.3799600738138906; 58364
3292.5367895961148861; 58876
3114.4088678888988397; 54083
2646.0793737627013797; 18739
2912.5228127383220453; 44930
3381.6652314453767758; 60955
2708.3615186930051095; 29160
2911.2391246322517873; 43670
2928.1451513927140695; 45641
3508.2055568460386894; 63302
2843.4364961014944129; 40519
2897.4017140100254437; 43059
3536.9302285508733803; 63505
2608.4524213282707024; 10202
2602.0097798839897223; 8272
3005.4425224397823513; 49092
3588.8520918242634252; 64263
2980.7367818305197034; 47825
2964.0037399703037408; 46958
3049.3466245285067089; 50936
4187.2473270014670561; 71526
4000.45538136918276; 69940
4115.1025999090870755; 70982
4363.2729602759518457; 72667
4060.8106041713831473; 70522
4295.0859669693118121; 72326
3769.9354194869611092; 67224
3466.4059635080157022; 62403
3940.014487246814042; 69315
3720.9234841008169496; 66642
3693.3840754471393666; 66114
3555.3123885607501506; 64042
3844.1977242370489876; 68070
3616.7619345015195904; 65052
3592.8030214189202525; 64475
3524.1456670638831383; 63413
2588.5876475239192587; 2457
2588.3352551673069684; 1608
2595.4071380058944669; 6418
2595.3501481160742514; 6262
2587.9502956975488814; 241
3553.9263586560468866; 63573
3634.8210186538958624; 65133
3732.8478577618780037; 66676
2597.1863066434216307; 7083
