Pareto (Travel Time; Profit; IsValid)

7544.3659000000006927 ; 0; 0000000
7544.5325194814440692 ; 119; 0000000
7547.7059536907718211 ; 867; 0000000
7548.5485408821759847 ; 986; 0000000
7549.9005954761914836 ; 1294; 0000000
7556.046009941790544 ; 1597; 0000000
7556.8908617064280406 ; 1716; 0000000
7558.3150432507227379 ; 2024; 0000000
7559.1605203336803243 ; 2143; 0000000
7632.9982455835342989 ; 3689; 0000000
7545.9393670275012482 ; 650; 0000000
7562.587483181033349 ; 2176; 0000000
7555.8787714287809649 ; 1448; 0000000
7552.1073108127066007 ; 1378; 0000000
7546.1064142988388994 ; 769; 0000000
7639.6051770154836049 ; 3697; 0000000
7890.4554984553533359 ; 6437; 0000000
7924.2897369664042344 ; 6864; 0000000
7958.9445521540801565 ; 7137; 0000000
7976.53136933713904 ; 7307; 0000000
7993.9468169996607685 ; 7564; 0000000
8011.5509181881379845 ; 7734; 0000000
8051.2296677022222866 ; 8126; 0000000
8084.4392320243323411 ; 8294; 0000000
8087.5664886800323075 ; 8553; 0000000
8144.9741752537247521 ; 8975; 0000000
8181.6653320110372078 ; 9283; 0000000
8182.6292485129188208 ; 9402; 0000000
8239.0835022378851136 ; 9649; 0000000
8284.0330010252782813 ; 9826; 0000000
8299.5873893135049002 ; 9952; 0000000
8323.8920608022108354 ; 10253; 0000000
8339.8551812958849041 ; 10379; 0000000
8458.1508597685842687 ; 10803; 0000000
8459.2160883998349163 ; 10922; 0000000
8501.1555438241211959 ; 11230; 0000000
8502.2350712923089304 ; 11349; 0000000
8634.6895006205304526 ; 11599; 0000000
8655.9858027204700193 ; 11680; 0000000
8738.7485465844893042 ; 11955; 0000000
8739.9373650976085628 ; 12074; 0000000
8890.5794565247706487 ; 12324; 0000000
8907.7561228834983922 ; 12405; 0000000
9066.0101386609385372 ; 12655; 0000000
9072.41499933295745 ; 12749; 0000000
9252.5775905142472766 ; 12999; 0000000
9263.0126037289373926 ; 13080; 0000000
9454.2088659281398577 ; 13330; 0000000
9679.1363668965932447 ; 13647; 0000000
9901.4042851470894675 ; 13897; 0000000
9905.877161499200156 ; 13978; 0000000
10144.41580039130713 ; 14228; 0000000
7923.4080311676352721 ; 6745; 0000000
7977.4288190040897462 ; 7426; 0000000
8012.4583132538518839 ; 7853; 0000000
8052.1547850347769781 ; 8245; 0000000
8085.3727068957987285 ; 8413; 0000000
8088.5022902808623257 ; 8672; 0000000
8324.9036999778054451 ; 10372; 0000000
11191.178231333889926 ; 14963; 0000000
11709.010325688796001 ; 15319; 0000000
12017.691296478775257 ; 15418; 0000000
12083.306752766067802 ; 15448; 0000000
12144.381204956249348 ; 15569; 0000000
13303.932095405314612 ; 15571; 0000000
7916.9464369881397943 ; 6544; 0000000
7952.0950257236327161 ; 7090; 0000000
8042.2678209617033644 ; 8079; 0000000
8125.8834618646151284 ; 8898; 0000000
8172.4170635488908374 ; 9049; 0000000
8266.8097049518637505 ; 9749; 0000000
8368.8339003446835704 ; 10479; 0000000
8394.4711190587495366 ; 10619; 0000000
8433.4512650645374379 ; 10756; 0000000
8557.0331367665639846 ; 11456; 0000000
8558.1398118832585169 ; 11575; 0000000
8695.1195906114044192 ; 11825; 0000000
8816.6221014710827149 ; 12181; 0000000
8817.8560107338162197 ; 12300; 0000000
8974.8066656545488513 ; 12431; 0000000
8991.541846373489534 ; 12631; 0000000
9156.9597930087074928 ; 12762; 0000000
9185.9638004564385483 ; 12975; 0000000
9360.1759301630354457 ; 13198; 0000000
9387.1728397553997638 ; 13306; 0000000
9550.3263502739027899 ; 13448; 0000000
9594.3081164399736736 ; 13556; 0000000
9762.5653622653971979 ; 13660; 0000000
9764.2018863024841266 ; 13779; 0000000
9834.9767756843757525 ; 13873; 0000000
10079.301537417895815 ; 14204; 0000000
10279.938253976906708 ; 14234; 0000000
10345.204527500351105 ; 14454; 0000000
10545.302643772351075 ; 14484; 0000000
10654.029104875568009 ; 14622; 0000000
11443.255951122178885 ; 15159; 0000000
11939.395778451465958 ; 15327; 0000000
7615.8408338016597554 ; 3598; 0000000
7564.4662298161892977 ; 2232; 0000000
7570.9203631492609929 ; 2535; 0000000
7572.5380039181591201 ; 2843; 0000000
7590.607244998571332 ; 3119; 0000000
7592.2418482626571858 ; 3427; 0000000
7593.0968945670229004 ; 3546; 0000000
7641.4060835948930617 ; 3705; 0000000
7642.2754431802723047 ; 3824; 0000000
7644.2879061227331476 ; 4132; 0000000
7655.4646930181615971 ; 4265; 0000000
7667.2945885482067752 ; 4416; 0000000
7681.5097982190109178 ; 4634; 0000000
7694.1044674499071334 ; 4785; 0000000
7709.0662045079116069 ; 4970; 0000000
7722.5893649103645657 ; 5121; 0000000
7733.5266682226802004 ; 5373; 0000000
7759.3242649132489532 ; 5504; 0000000
7787.3660752055238845 ; 5651; 0000000
7789.6329937274977055 ; 5959; 0000000
7819.1666459390917225 ; 6209; 0000000
7820.0871229517078973 ; 6328; 0000000
10572.924080749069617 ; 14532; 0000000
10739.156471915084694 ; 14683; 0000000
10868.346053125274921 ; 14782; 0000000
11044.020773170635948 ; 14933; 0000000
11653.132885391110904 ; 15237; 0000000
11972.196874141347507 ; 15336; 0000000
12105.974185008310087 ; 15487; 0000000
7959.8415806359616909 ; 7256; 0000000
7994.853901273027077 ; 7683; 0000000
10887.640451382185347 ; 14821; 0000000
11247.212584652070291 ; 15071; 0000000
8221.8745119761952083 ; 9628; 0000000
8269.3987844076418696 ; 9779; 0000000
8432.4045201358312625 ; 10637; 0000000
8369.8650244857581129 ; 10598; 0000000
7917.8278241155858268 ; 6663; 0000000
8220.8947471015981137 ; 9509; 0000000
8693.9635156264557736 ; 11706; 0000000
7589.7529221859695099 ; 3000; 0000000
9177.8068715816389158 ; 12792; 0000000
10075.937001348022022 ; 14084; 0000000
10076.700762567046695 ; 14165; 0000000
10301.96595025069837 ; 14283; 0000000
10333.533004857363267 ; 14415; 0000000
10546.614926913136514 ; 14509; 0000000
10584.812797289851005 ; 14614; 0000000
10863.535413358964433 ; 14721; 0000000
10908.920162587894083 ; 14864; 0000000
11002.909603224854436 ; 14870; 0000000
11251.359834933446109 ; 15090; 0000000
11369.765932985201289 ; 15120; 0000000
8041.3500767213736253 ; 7960; 0000000
8715.3896065756016469 ; 11906; 0000000
8124.9329402825196667 ; 8779; 0000000
