Pareto (Travel Time; Profit; IsValid)

7544.3659000000006927 ; 0; 0000000
7572.3838158601602117 ; 3524; 0000000
7585.0304261092551315 ; 4121; 0000000
7904.693006833183972 ; 10126; 0000000
7596.9191052483338353 ; 4705; 0000000
7856.563248564620153 ; 9699; 0000000
7685.9549796370947661 ; 6673; 0000000
7655.0822591316473336 ; 6175; 0000000
7638.0543428077498902 ; 5692; 0000000
7613.5255340152816643 ; 5188; 0000000
7785.4490739637394654 ; 8469; 0000000
7703.4780503885776852 ; 7156; 0000000
7728.8426231254297818 ; 7511; 0000000
7803.7836902413000644 ; 8952; 0000000
7565.5042844685594901 ; 2915; 0000000
7561.644881401956809 ; 2726; 0000000
7545.8868223785575537 ; 650; 0000000
7555.3361872947161828 ; 2117; 0000000
7759.573830540124618 ; 8114; 0000000
7546.0484546674479134 ; 769; 0000000
7544.5271323791876057 ; 119; 0000000
7548.8318119022242172 ; 1352; 0000000
7548.9936956347937667 ; 1471; 0000000
7558.6118177681673842 ; 2269; 0000000
7564.7525643638964539 ; 2759; 0000000
7583.9909765459988193 ; 3989; 0000000
7596.7457269256819927 ; 4586; 0000000
7637.1856149315653965 ; 5424; 0000000
7703.2907424805744085 ; 7037; 0000000
7746.8156537344484605 ; 7994; 0000000
7803.5870071542631194 ; 8833; 0000000
7886.8581981263978378 ; 10022; 0000000
12421.188306720086985 ; 24484; 0000000
12074.743674975599788 ; 24343; 0000000
12279.079688059500768 ; 24405; 0000000
11671.526270917789589 ; 24012; 0000000
11286.201072323832705 ; 23695; 0000000
11084.926987710075991 ; 23507; 0000000
10944.531130991676037 ; 23445; 0000000
9236.5761645002949081 ; 20485; 0000000
10650.0189520975091 ; 23114; 0000000
11181.60644003109519 ; 23586; 0000000
9312.7135201519868133 ; 20705; 0000000
7959.9984884090526975 ; 11295; 0000000
7951.3264321753895274 ; 10721; 0000000
7995.9655807663148153 ; 12162; 0000000
9152.4075004984770203 ; 20267; 0000000
10568.21105178678954 ; 23005; 0000000
10853.947137921733884 ; 23336; 0000000
8881.1834202402278606 ; 19290; 0000000
8752.0578035249509412 ; 18564; 0000000
9919.5589841420387529 ; 21992; 0000000
7988.2751729237315885 ; 11679; 0000000
9681.6867776256531215 ; 21564; 0000000
9828.8362102621958911 ; 21823; 0000000
8275.7735763250893797 ; 15349; 0000000
9051.2253411339006561 ; 19792; 0000000
8348.2629924675966322 ; 15963; 0000000
8245.1899475752379658 ; 14966; 0000000
8030.2131255883386984 ; 12589; 0000000
9756.3808187650829495 ; 21770; 0000000
8383.579918812663891 ; 16338; 0000000
9101.1486109377474349 ; 20054; 0000000
8307.2360788478690665 ; 15694; 0000000
9509.2332319022061711 ; 21085; 0000000
8687.8557711399171239 ; 18320; 0000000
7561.4795511956608607 ; 2607; 0000000
10053.978919426377615 ; 22258; 0000000
8575.4107098971144296 ; 17594; 0000000
8799.7446455172030255 ; 18815; 0000000
9982.3220795572142379 ; 22101; 0000000
9371.0614362014675862 ; 20967; 0000000
8449.546397833066294 ; 16851; 0000000
8493.6823374859668547 ; 17120; 0000000
10482.06293886793901 ; 22848; 0000000
8616.9268924048992631 ; 17845; 0000000
8530.2907744494277722 ; 17333; 0000000
8838.0058702121768874 ; 19077; 0000000
9569.0702899938951305 ; 21298; 0000000
10371.790873146701415 ; 22642; 0000000
10299.991924542027846 ; 22589; 0000000
8200.5588035994132952 ; 14705; 0000000
10121.194520314995316 ; 22367; 0000000
8420.9675768882316333 ; 16589; 0000000
8965.6837638733686617 ; 19508; 0000000
9620.7752820866717229 ; 21407; 0000000
8649.4551161641466024 ; 18107; 0000000
9419.3825106208732905 ; 21076; 0000000
8121.4009828579937675 ; 13930; 0000000
8176.2000537390595127 ; 14443; 0000000
8096.1099117120083974 ; 13622; 0000000
8143.6480026377666945 ; 14192; 0000000
10442.310330958964187 ; 22751; 0000000
8041.3924014725962479 ; 12933; 0000000
7547.4699705723951411 ; 821; 0000000
10223.416981727144957 ; 22517; 0000000
10191.267762741199476 ; 22420; 0000000
7572.2154588684825285 ; 3405; 0000000
8076.4079898996542397 ; 13360; 0000000
7759.3826818828474643 ; 7995; 0000000
7637.3637659494570471 ; 5543; 0000000
7613.3503650169714092 ; 5069; 0000000
7933.4060116320833913 ; 10517; 0000000
7861.1125237559899688 ; 9761; 0000000
7741.7028285765081819 ; 7631; 0000000
7837.6443756497574213 ; 9216; 0000000
7584.1607262405223082 ; 4108; 0000000
7637.8748199435831339 ; 5573; 0000000
7554.634806978368033 ; 1961; 0000000
7564.918758825410805 ; 2878; 0000000
7854.8820926247190073 ; 9594; 0000000
7957.7340010781335877 ; 10768; 0000000
14150.04566130049534 ; 24523; 0000000
7654.381960489593439 ; 6026; 0000000
7679.6222620857579386 ; 6530; 0000000
7903.2864629979594611 ; 10030; 0000000
7908.9082981803694565 ; 10341; 0000000
7881.7250639988778858 ; 9850; 0000000
7554.7982378182477987 ; 2080; 0000000
7849.8017472068831921 ; 9383; 0000000
7654.9008488721292451 ; 6056; 0000000
7848.5465691564131703 ; 9283; 0000000
7924.6742670177682157 ; 10394; 0000000
7940.1333955282452735 ; 10656; 0000000
7957.9788237447783104 ; 11085; 0000000
7995.0896339791434002 ; 12043; 0000000
8022.3674303790476188 ; 12431; 0000000
8040.5652498820109031 ; 12693; 0000000
8059.8589021032503297 ; 13076; 0000000
8090.8368006721602796 ; 13464; 0000000
8178.1284310250784984 ; 14461; 0000000
8215.5310521094270371 ; 14888; 0000000
8273.8316243106928596 ; 15191; 0000000
8319.6569397640305397 ; 15859; 0000000
8380.5206266670920741 ; 16162; 0000000
8408.5087267544240603 ; 16424; 0000000
8448.5146432755518617 ; 16732; 0000000
8539.7915364107066125 ; 17377; 0000000
8643.4114625566671748 ; 17893; 0000000
8748.0728919731755013 ; 18546; 0000000
8917.2499411967564811 ; 19399; 0000000
8985.326849364417285 ; 19523; 0000000
9196.2537379077493824 ; 20376; 0000000
9258.8217806721077068 ; 20492; 0000000
9314.9033348352713801 ; 20754; 0000000
9631.586654593655112 ; 21448; 0000000
9698.2994017358269048 ; 21661; 0000000
10406.498440104773181 ; 22739; 0000000
10769.108651462473063 ; 23176; 0000000
11415.723238443781156 ; 23807; 0000000
11532.997613201181593 ; 23916; 0000000
11650.928850517911997 ; 23978; 0000000
11788.408777894253944 ; 24019; 0000000
11791.482980455732104 ; 24138; 0000000
11926.425142540058005 ; 24247; 0000000
12265.841642637162295 ; 24388; 0000000
7796.9134873877683276 ; 8636; 0000000
7828.566297030514761 ; 9213; 0000000
7936.1240624714155274 ; 10622; 0000000
7842.1380084712181997 ; 9278; 0000000
7906.5740272600978642 ; 10136; 0000000
13977.215127559127723 ; 24505; 0000000
7746.6229793347438317 ; 7875; 0000000
7697.0794230138862986 ; 7013; 0000000
7558.4473756257630157 ; 2150; 0000000
7683.5234638620195255 ; 6592; 0000000
7732.8822352131464868 ; 7573; 0000000
7789.5791444363158007 ; 8531; 0000000
7807.9627387092941717 ; 9014; 0000000
7940.9402761285718952 ; 10684; 0000000
