Pareto (Travel Time; Profit; IsValid)

7544.3659000000006927 ; 0; 0000000
7544.7804262433592157 ; 275; 0000000
7548.4775111237004239 ; 1794; 0000000
13508.422719070333187 ; 41172; 0000000
13732.211676505050491 ; 41390; 0000000
7561.6581165188472369 ; 4202; 0000000
7582.5335833142644333 ; 5673; 0000000
7872.5457384240417014 ; 16351; 0000000
7590.0594502997446398 ; 6494; 0000000
7620.7191798097273931 ; 8676; 0000000
7606.5822282042054212 ; 7789; 0000000
7545.5268474122749467 ; 879; 0000000
7596.9357852881503277 ; 6960; 0000000
7545.9773932197249451 ; 1708; 0000000
7715.0377789876847601 ; 12354; 0000000
7621.5866246188070363 ; 8684; 0000000
7710.3980183922176366 ; 12092; 0000000
7731.1814735813122752 ; 12752; 0000000
7572.7623189824498695 ; 5015; 0000000
7558.8087119476422231 ; 3834; 0000000
7562.9127255838611745 ; 4480; 0000000
7544.6327436639357984 ; 156; 0000000
7606.5903977346115425 ; 7794; 0000000
7791.3493978877122572 ; 14548; 0000000
7813.7052939098375646 ; 15228; 0000000
7842.1117039284681596 ; 15655; 0000000
7568.6492820913244941 ; 4786; 0000000
7620.3984922069594177 ; 8525; 0000000
7719.6285705421360035 ; 12668; 0000000
7741.1872327105074874 ; 13348; 0000000
7575.7815356179144146 ; 5383; 0000000
7568.754250666695043 ; 4799; 0000000
8839.372750151243963 ; 30493; 0000000
8902.4229075329676562 ; 31067; 0000000
8303.711402841263407 ; 25571; 0000000
8562.5176645559731696 ; 28520; 0000000
8370.7210555712517817 ; 26147; 0000000
8122.4856057367305766 ; 22236; 0000000
9619.4335843729240878 ; 34526; 0000000
9532.9893202960756753 ; 34125; 0000000
9719.317826486654667 ; 34819; 0000000
8182.0074828329543379 ; 23614; 0000000
8260.9534221862468257 ; 24854; 0000000
8221.7895792490053282 ; 24331; 0000000
8635.4634435554944503 ; 29096; 0000000
9119.2329073836936004 ; 32279; 0000000
9903.7310141053731058 ; 35486; 0000000
8999.6528913200600073 ; 31578; 0000000
8455.1482605533783499 ; 27271; 0000000
8405.3479090811160859 ; 26820; 0000000
9440.2707896607953444 ; 33832; 0000000
8680.1692134516324586 ; 29497; 0000000
9322.5071681668778183 ; 33321; 0000000
9399.3797276430286729 ; 33431; 0000000
7719.2839726970405536 ; 12512; 0000000
7548.6162288279911081 ; 2305; 0000000
7557.8774880923838282 ; 3712; 0000000
7561.9787740051306173 ; 4358; 0000000
7576.1044551293889526 ; 5539; 0000000
7587.9406633833486922 ; 6418; 0000000
7594.6907546777747484 ; 6915; 0000000
7620.7270856043287495 ; 8681; 0000000
7709.3778038380169164 ; 11970; 0000000
7569.0760690016459193 ; 4955; 0000000
7578.3179245220062512 ; 5653; 0000000
7590.490900533977765 ; 6663; 0000000
7623.1191070278919142 ; 8795; 0000000
7655.181340469593124 ; 10366; 0000000
7600.2060460600823717 ; 7319; 0000000
7622.7869044088693045 ; 8782; 0000000
7654.7872324679910889 ; 10217; 0000000
7675.4822506725813582 ; 10897; 0000000
7686.2283395182903405 ; 11233; 0000000
8031.1917417853128427 ; 19564; 0000000
7544.8149097571076709 ; 829; 0000000
7694.1670648193621673 ; 11830; 0000000
7740.8390948722890244 ; 13192; 0000000
7785.662007249367889 ; 14435; 0000000
7927.1447443135075446 ; 17602; 0000000
13847.222873673772483 ; 41476; 0000000
7708.906906351951875 ; 11951; 0000000
13618.918151987159945 ; 41305; 0000000
7630.3532493733755473 ; 9379; 0000000
7650.7249718363254942 ; 10059; 0000000
13746.310295272742223 ; 41414; 0000000
13419.006889941936606 ; 41121; 0000000
13508.765515491037149 ; 41183; 0000000
10343.923862836119952 ; 36736; 0000000
7668.7172447360071601 ; 10843; 0000000
7555.2174490745319417 ; 3225; 0000000
7573.7650796861971685 ; 5237; 0000000
7582.8926059514960798 ; 5935; 0000000
7552.4923960031092065 ; 3140; 0000000
7813.3463898171830806 ; 15072; 0000000
14592.742879298190019 ; 41486; 0000000
7594.3137937575138494 ; 6887; 0000000
7600.3475780223670881 ; 7754; 0000000
7609.65967494879078 ; 8452; 0000000
7629.7560256865181145 ; 9132; 0000000
7641.038376576410883 ; 9874; 0000000
7661.5474535095863757 ; 10554; 0000000
7676.7247794637623883 ; 11218; 0000000
7697.7254470932939512 ; 11898; 0000000
7732.0685663305685011 ; 12971; 0000000
7742.6407680647016605 ; 13669; 0000000
7764.5280089793113802 ; 14349; 0000000
7794.5448826503788951 ; 14991; 0000000
7819.5194738499722007 ; 15571; 0000000
7843.6109691317142278 ; 16222; 0000000
7874.3685598970605497 ; 16864; 0000000
7901.1599942529228429 ; 17566; 0000000
7932.7218737377534126 ; 18208; 0000000
7964.8233845569493496 ; 18750; 0000000
7997.2690695819719622 ; 19392; 0000000
8032.9809703061418986 ; 19942; 0000000
9514.9165111760339641 ; 34095; 0000000
9605.9215633863550465 ; 34493; 0000000
9700.0799051909834816 ; 34749; 0000000
9796.1216024199657113 ; 35278; 0000000
9846.0947898605027149 ; 35463; 0000000
9928.6685375978722732 ; 35552; 0000000
9979.2984489336049592 ; 35978; 0000000
10067.395708382069643 ; 36265; 0000000
10146.330687989704529 ; 36502; 0000000
10213.224276027443921 ; 36730; 0000000
10345.676030891909249 ; 36955; 0000000
10381.503415470819164 ; 37363; 0000000
10432.839157664346203 ; 37472; 0000000
10530.67081086435428 ; 37656; 0000000
10584.167181333803455 ; 37765; 0000000
10670.726493708854832 ; 37983; 0000000
10777.485652294441024 ; 38167; 0000000
10869.100410328117505 ; 38350; 0000000
10962.7982538657634 ; 38568; 0000000
11146.538875769374499 ; 38960; 0000000
11263.656840653035033 ; 39144; 0000000
11369.604053259608918 ; 39327; 0000000
11486.205847915403865 ; 39545; 0000000
11625.629615857102181 ; 39716; 0000000
11750.444469795924306 ; 39884; 0000000
11837.863294137927369 ; 40009; 0000000
11971.767586473482879 ; 40177; 0000000
12122.413895655001397 ; 40347; 0000000
12209.738147978316192 ; 40456; 0000000
12296.272324431785819 ; 40566; 0000000
12363.390644495060769 ; 40640; 0000000
12447.210639912187617 ; 40686; 0000000
12558.797157484301351 ; 40859; 0000000
12716.259841449420492 ; 40979; 0000000
12821.989570868219744 ; 41014; 0000000
13013.974042116915371 ; 41072; 0000000
7719.5162555347587841 ; 12549; 0000000
7620.6230990844278494 ; 8562; 0000000
7675.8834032793465667 ; 11046; 0000000
7597.4609380847259672 ; 7128; 0000000
7650.6180789758000174 ; 9940; 0000000
7548.9334243802968558 ; 2623; 0000000
8024.7887275988750844 ; 19404; 0000000
8034.9939212225781375 ; 20086; 0000000
8057.9775205875166648 ; 20953; 0000000
8092.3291429976943618 ; 21530; 0000000
8137.7589129561165464 ; 22527; 0000000
8153.8922573141117027 ; 23103; 0000000
8192.5876680142646364 ; 23820; 0000000
8225.1102687733782659 ; 24333; 0000000
8302.4022949001664529 ; 25335; 0000000
8358.1513945294736914 ; 25947; 0000000
8380.7137656817521929 ; 26221; 0000000
8462.5857554913509375 ; 27449; 0000000
8508.4313254133121518 ; 27931; 0000000
8600.5520088577359274 ; 28918; 0000000
8657.6664050717026839 ; 29309; 0000000
8720.5580850707774516 ; 29569; 0000000
8780.5806665684522159 ; 30286; 0000000
8864.0881116058026237 ; 30706; 0000000
8928.1252018574741669 ; 31280; 0000000
9055.4883579961551732 ; 31888; 0000000
9119.3507852838883991 ; 32338; 0000000
9171.918957998706901 ; 32677; 0000000
9253.9313313473485323 ; 32987; 0000000
9410.6506106993711001 ; 33614; 0000000
9473.0680969089189603 ; 34045; 0000000
9567.0656248867071554 ; 34338; 0000000
9655.4115000594920275 ; 34739; 0000000
9731.1885556598499534 ; 34976; 0000000
9962.2373257278231904 ; 35661; 0000000
7557.5575121119900359 ; 3556; 0000000
7545.5700367779036242 ; 1104; 0000000
7709.3703265706008096 ; 11965; 0000000
7654.4531619039153156 ; 10061; 0000000
