Pareto (Travel Time; Profit; IsValid)

7544.3659000000006927 ; 0; 0000000
8304.7431609316226968 ; 38778; 0000000
8446.9959270265608211 ; 41074; 0000000
9142.4177028330977919 ; 50770; 0000000
8083.8475579690875747 ; 34183; 0000000
8040.3085318333451141 ; 33003; 0000000
9410.0174315722524625 ; 54022; 0000000
7994.9418753542513514 ; 31897; 0000000
7937.4927294003309726 ; 29892; 0000000
8168.2755831840458995 ; 36214; 0000000
8300.4803276002294297 ; 38757; 0000000
7973.3996409712972309 ; 30929; 0000000
8354.3408757076958864 ; 39692; 0000000
8269.3411630127666285 ; 37920; 0000000
7911.9227546006959528 ; 28866; 0000000
7644.3951096082137155 ; 15310; 0000000
12740.976898390357746 ; 67521; 0000000
12870.738183755971477 ; 67697; 0000000
13024.224084743171261 ; 68157; 0000000
13421.394177340103852 ; 68761; 0000000
13524.477125084958971 ; 68927; 0000000
13624.513174494491977 ; 69062; 0000000
13972.91326450280576 ; 69531; 0000000
7582.7881583230791875 ; 8946; 0000000
8727.114443940045021 ; 44892; 0000000
8825.4503311448406748 ; 46167; 0000000
8265.1094466204212949 ; 37808; 0000000
7545.0648309652133321 ; 1827; 0000000
8870.2977917322823487 ; 46891; 0000000
8893.2518128928513761 ; 47820; 0000000
8952.9776091544918017 ; 48790; 0000000
9032.2753414594171772 ; 49767; 0000000
9099.1025502230932034 ; 50371; 0000000
9182.5708609594003065 ; 51221; 0000000
9220.6048567985963018 ; 51944; 0000000
9324.2242666000856843 ; 52892; 0000000
7544.9021201039076914 ; 1708; 0000000
7545.8801027910667472 ; 2623; 0000000
7549.7732368543292978 ; 2899; 0000000
7575.3845694002757227 ; 8260; 0000000
7564.2085339771947474 ; 6779; 0000000
7554.1826662739367748 ; 4374; 0000000
7727.7768411624856526 ; 21069; 0000000
8007.7083892996179202 ; 32317; 0000000
7922.3630599111902484 ; 29396; 0000000
7986.0500496367667438 ; 31349; 0000000
7544.3981051960254263 ; 119; 0000000
8062.1226287619801951 ; 33512; 0000000
8102.2061276387894395 ; 34509; 0000000
8205.5971553451454383 ; 36721; 0000000
8255.2225510952375771 ; 37691; 0000000
8542.2788126130690216 ; 42157; 0000000
7549.2946877606391354 ; 2752; 0000000
8268.959149707106917 ; 37855; 0000000
8338.6467752686985477 ; 39059; 0000000
8494.7879073452168086 ; 41545; 0000000
8676.3314177456977632 ; 43971; 0000000
7712.5712795638410171 ; 20570; 0000000
7732.0030393974702747 ; 21538; 0000000
7824.3646185860125115 ; 25856; 0000000
7861.3122359257786229 ; 27115; 0000000
7882.050937306636115 ; 28239; 0000000
7988.3397180237780049 ; 31356; 0000000
8019.5291900342963345 ; 32345; 0000000
8142.0521529038442168 ; 35373; 0000000
8185.0669903677171533 ; 36491; 0000000
8222.0367780635515373 ; 37208; 0000000
8285.2103375360329665 ; 38185; 0000000
8448.9817337172371481 ; 41174; 0000000
8500.1631186351150973 ; 42054; 0000000
8543.5304394443701312 ; 42771; 0000000
8680.9397774987119192 ; 44360; 0000000
8742.1329473089481326 ; 45175; 0000000
8814.9397949348331167 ; 46126; 0000000
7651.2157528009793168 ; 15640; 0000000
7730.2097238725718853 ; 21124; 0000000
7866.8253080400818362 ; 27577; 0000000
7914.004192311935185 ; 29136; 0000000
7949.2578905310328992 ; 30550; 0000000
8027.56256231007319 ; 32536; 0000000
8053.5639444891039602 ; 33388; 0000000
8099.9602103852748769 ; 34358; 0000000
8140.3630565912235397 ; 35355; 0000000
9405.9163884320314537 ; 53926; 0000000
9448.8647896839283931 ; 54776; 0000000
9531.2127884863948566 ; 55494; 0000000
9579.5587776796437538 ; 56344; 0000000
9690.1678227842203341 ; 57049; 0000000
9773.8772219527181733 ; 57603; 0000000
9857.7128438886102231 ; 57984; 0000000
9965.9147499316713947 ; 58647; 0000000
10060.339053509198493 ; 59151; 0000000
10155.671571656257584 ; 59705; 0000000
10268.532038213161286 ; 60166; 0000000
10417.929211749798924 ; 60845; 0000000
10537.611622236001494 ; 61446; 0000000
10656.311568864110086 ; 61932; 0000000
10773.357926949114699 ; 62486; 0000000
10864.60658928274097 ; 62746; 0000000
10975.935211217636606 ; 63122; 0000000
11094.578672123629076 ; 63441; 0000000
11223.268475582970495 ; 63874; 0000000
11270.900640207612014 ; 64146; 0000000
11414.883129534438922 ; 64700; 0000000
11521.890560969917715 ; 64960; 0000000
11651.758346416969289 ; 65336; 0000000
11764.505275615125356 ; 65596; 0000000
11864.346580392357282 ; 65780; 0000000
11950.008062178714681 ; 66088; 0000000
12050.205934633318975 ; 66200; 0000000
12128.995540193702254 ; 66472; 0000000
12228.895781097209692 ; 66625; 0000000
12347.882425897465509 ; 66858; 0000000
12463.389701230633364 ; 67087; 0000000
12575.381189966969032 ; 67377; 0000000
12688.971946841595127 ; 67489; 0000000
12796.331195677197684 ; 67655; 0000000
12925.829776147898883 ; 67981; 0000000
13163.837540913717021 ; 68259; 0000000
13323.817446625957018 ; 68609; 0000000
13489.732433924124052 ; 68869; 0000000
13600.453600616361655 ; 69011; 0000000
13926.27381765068094 ; 69473; 0000000
14387.295109346334357 ; 69974; 0000000
7609.7416422539808991 ; 11988; 0000000
7630.2419596981408176 ; 14439; 0000000
7648.1211599504240439 ; 15623; 0000000
7654.286844437578111 ; 16963; 0000000
7665.4304622571053187 ; 18188; 0000000
7683.7412908148671704 ; 19372; 0000000
7763.3542940237311996 ; 23104; 0000000
7910.2355118654295438 ; 28523; 0000000
8125.0048883387235037 ; 34651; 0000000
7935.2317083140987961 ; 29583; 0000000
7559.1428019794311695 ; 4490; 0000000
7575.2315066676019342 ; 7633; 0000000
7579.1701289659285976 ; 8512; 0000000
7583.2302648502709417 ; 9919; 0000000
7585.9658630296262345 ; 10495; 0000000
7596.8388513998488634 ; 11720; 0000000
7611.9304906279639908 ; 13802; 0000000
7632.6008060100994044 ; 15224; 0000000
7651.2990660605673838 ; 16379; 0000000
7662.1909662110629142 ; 17337; 0000000
7680.3062486915150657 ; 18312; 0000000
7718.7860692192289207 ; 20968; 0000000
7747.2236123827751726 ; 22571; 0000000
7768.1602428344895088 ; 23807; 0000000
7794.1442368022917435 ; 25372; 0000000
7836.6220026677319765 ; 26603; 0000000
7879.5014636868572779 ; 27752; 0000000
7994.6923812922195793 ; 31609; 0000000
8030.0560801309484305 ; 32551; 0000000
8069.2356663061027575 ; 33667; 0000000
8115.9399521088662368 ; 34637; 0000000
8146.531084997648577 ; 35378; 0000000
8236.744138297288373 ; 37321; 0000000
8281.0095184617948689 ; 38011; 0000000
8324.903663340381172 ; 39008; 0000000
8382.6293796730442409 ; 39971; 0000000
13278.020570204113028 ; 68350; 0000000
8156.6615543759880893 ; 35976; 0000000
7559.6900041801627594 ; 5459; 0000000
8758.4445578958129772 ; 45694; 0000000
8274.335319214982519 ; 37939; 0000000
8695.502250477018606 ; 44647; 0000000
8848.3333742961676762 ; 46622; 0000000
7788.3994518029558094 ; 24282; 0000000
8208.7803512992595643 ; 37124; 0000000
7570.8648293977339563 ; 7059; 0000000
8498.5067174672931287 ; 41904; 0000000
8426.6249171888684941 ; 40894; 0000000
7745.0248187377374052 ; 21637; 0000000
7544.4548381864578914 ; 156; 0000000
7553.8003551529127435 ; 2927; 0000000
7627.755263739955808 ; 13940; 0000000
7705.5355202687760539 ; 20095; 0000000
8216.1249328363264794 ; 37174; 0000000
8286.6797059594100574 ; 38267; 0000000
8599.9134844832442468 ; 42917; 0000000
8656.501555664875923 ; 43918; 0000000
8794.4259155846502836 ; 45816; 0000000
8830.9584552428150346 ; 46289; 0000000
12883.227831432617677 ; 67707; 0000000
13151.301058240351267 ; 68215; 0000000
13283.449627390626119 ; 68426; 0000000
13669.740466158526033 ; 69190; 0000000
13834.916842802200335 ; 69342; 0000000
13987.349816186917451 ; 69744; 0000000
14120.913669153953379 ; 69882; 0000000
14483.120903623310369 ; 70317; 0000000
14484.096600877692254 ; 70436; 0000000
8129.6123414749054064 ; 35109; 0000000
8204.4230869981511205 ; 36690; 0000000
8298.4246202621179691 ; 38745; 0000000
8340.7648265241077752 ; 39546; 0000000
8393.2229123952929513 ; 40516; 0000000
8453.3836791582380101 ; 41318; 0000000
8569.9682274754159153 ; 42854; 0000000
8617.4384220164283761 ; 43640; 0000000
8693.6146505018896278 ; 44459; 0000000
9097.3673728510693763 ; 49971; 0000000
9161.5515098025207408 ; 50941; 0000000
9198.9386989282229479 ; 51861; 0000000
9265.9222555630349234 ; 52831; 0000000
9356.1796290829388454 ; 53808; 0000000
9446.1917104577623832 ; 54554; 0000000
9460.3444132363874814 ; 54927; 0000000
9543.4827144165410573 ; 55531; 0000000
10135.653358946292428 ; 59169; 0000000
14359.935755517764846 ; 69891; 0000000
