Pareto (Travel Time; Profit; IsValid)

7544.3659000000006927 ; 0; 0000000
8601.3781961658332875 ; 36170; 0000000
8421.1530323907190905 ; 34047; 0000000
8485.1224442817292584 ; 34886; 0000000
8536.0827177822611702 ; 35369; 0000000
7544.4142091113026254 ; 119; 0000000
14146.815539785944566 ; 57648; 0000000
13588.406357451824078 ; 57094; 0000000
8412.0690042710866692 ; 33937; 0000000
12499.893970112521856 ; 55810; 0000000
13762.616489932906916 ; 57105; 0000000
13407.210778518050574 ; 56956; 0000000
11090.178087247697476 ; 53152; 0000000
12005.823256148256405 ; 55046; 0000000
11417.630990647354338 ; 54037; 0000000
8086.219408902651594 ; 28641; 0000000
8250.9731213226368709 ; 31568; 0000000
11567.09348067927931 ; 54199; 0000000
12137.990790249574275 ; 55296; 0000000
10556.08797704052995 ; 51589; 0000000
9843.1551314030493813 ; 48613; 0000000
11213.572228655386425 ; 53494; 0000000
10968.971784432103959 ; 52853; 0000000
10664.763508663174434 ; 52011; 0000000
12648.571168373162436 ; 56060; 0000000
12373.00888122178003 ; 55528; 0000000
10870.308975766110962 ; 52603; 0000000
10758.413032451016988 ; 52261; 0000000
9322.7143639279183844 ; 45031; 0000000
11306.649148271168087 ; 53787; 0000000
9257.8400509777547995 ; 44423; 0000000
12937.890757211303935 ; 56402; 0000000
12255.838541009088658 ; 55506; 0000000
10134.918932657439655 ; 49887; 0000000
9201.5092345462599042 ; 43787; 0000000
10453.352221080209347 ; 51247; 0000000
9683.3166969901976699 ; 47780; 0000000
9762.059056492846139 ; 48108; 0000000
9948.2970610451866378 ; 49040; 0000000
10223.418122145641973 ; 50452; 0000000
13299.644813923592665 ; 56787; 0000000
14094.972112602545167 ; 57494; 0000000
9609.8999181178005529 ; 47206; 0000000
12842.013185506702939 ; 56233; 0000000
13083.23127943190957 ; 56413; 0000000
9382.7188758191696252 ; 45667; 0000000
13935.690783225918494 ; 57398; 0000000
10366.737383849438629 ; 50997; 0000000
12743.793531337789318 ; 56117; 0000000
11721.17979014102275 ; 54551; 0000000
13887.511518157907631 ; 57363; 0000000
10293.735930095601361 ; 50704; 0000000
8594.4755436152809125 ; 35997; 0000000
11668.462116561573566 ; 54492; 0000000
11873.017611811133975 ; 54836; 0000000
8288.22781571951964 ; 32357; 0000000
11843.624319029329854 ; 54801; 0000000
10055.651776994602187 ; 49637; 0000000
13189.130576008221396 ; 56671; 0000000
10014.288188195978364 ; 49333; 0000000
9525.6514185178893968 ; 46667; 0000000
9456.1910180443337595 ; 46229; 0000000
7671.8837955766011873 ; 15356; 0000000
7634.3785572974438765 ; 13433; 0000000
7572.5657283338105117 ; 7612; 0000000
7554.1471880596063784 ; 3584; 0000000
7581.9020676928575995 ; 9023; 0000000
7839.1302961757191952 ; 22156; 0000000
7873.0998083277063415 ; 23246; 0000000
7779.7584750423020523 ; 20216; 0000000
7729.1952819371681471 ; 18326; 0000000
7751.1381763433128071 ; 19241; 0000000
7565.103939288118454 ; 6439; 0000000
7618.2076165249436599 ; 12475; 0000000
7611.1114220972895055 ; 11588; 0000000
7558.7152607491107119 ; 4838; 0000000
7597.8652266046665318 ; 9981; 0000000
7599.0258875331073796 ; 10601; 0000000
7562.0845231136008806 ; 5435; 0000000
7562.5055548055006511 ; 5701; 0000000
7680.6115766447965143 ; 15597; 0000000
7699.6615096921168515 ; 16613; 0000000
7723.2624285952115315 ; 17528; 0000000
7821.1425108627336158 ; 21344; 0000000
8157.7294658194969088 ; 29922; 0000000
8277.810338750579831 ; 32076; 0000000
9185.7092191951833229 ; 43549; 0000000
9317.9484788773406763 ; 44850; 0000000
9372.9516316532299243 ; 45143; 0000000
8110.6885109226313944 ; 29572; 0000000
8014.5039632288171561 ; 27271; 0000000
7799.3244358547754018 ; 20603; 0000000
7950.2703266060880196 ; 25882; 0000000
7853.183773355739504 ; 23036; 0000000
7902.9312277555000037 ; 24396; 0000000
7764.6541447674389929 ; 19674; 0000000
8443.8410025181019591 ; 34398; 0000000
7966.3885319003184122 ; 26524; 0000000
7884.0118339338650912 ; 24004; 0000000
8048.409044880518195 ; 28026; 0000000
7823.5331241060721368 ; 21876; 0000000
8096.1384845155444054 ; 29151; 0000000
7823.7128782809522818 ; 22032; 0000000
7546.6403052905952791 ; 2623; 0000000
9241.240632594041017 ; 44055; 0000000
9178.5441924018523423 ; 43440; 0000000
12427.597479255597136 ; 55541; 0000000
9054.5230147323909478 ; 42139; 0000000
9087.1020915718636388 ; 42761; 0000000
7793.5561606457858943 ; 20556; 0000000
7844.3691404463916115 ; 22381; 0000000
7881.4629122751139221 ; 23613; 0000000
7912.6289460714260713 ; 24581; 0000000
8256.0857716683221952 ; 31653; 0000000
8302.0764031477938261 ; 32490; 0000000
8361.2264508512180328 ; 33207; 0000000
8552.2021689670636988 ; 35565; 0000000
8024.7305060499957108 ; 27568; 0000000
8055.0105544647485658 ; 28299; 0000000
8125.0122970400962004 ; 29810; 0000000
8179.2822743477836411 ; 30683; 0000000
8227.151115923834368 ; 31537; 0000000
8283.7427022455358383 ; 32254; 0000000
8319.2405564273540222 ; 32838; 0000000
8423.4556880540476413 ; 34262; 0000000
8469.1561779712847056 ; 34766; 0000000
8527.2108377568765718 ; 35239; 0000000
8568.3934977853277815 ; 35856; 0000000
7544.4993109174602068 ; 156; 0000000
7545.3040570959728939 ; 1864; 0000000
7547.0181111903702913 ; 2898; 0000000
7596.7975731402666497 ; 9581; 0000000
7598.8558981525602576 ; 10227; 0000000
7658.5103899198520594 ; 14389; 0000000
7679.3531197467982565 ; 15433; 0000000
7752.7145871719067145 ; 19395; 0000000
7782.8887369036228847 ; 20485; 0000000
7803.0827427102321963 ; 21342; 0000000
7831.7013155141466996 ; 22038; 0000000
7852.4110247452808835 ; 22895; 0000000
7940.6523731904344459 ; 25776; 0000000
7977.5968504098600533 ; 26714; 0000000
8039.5726512948822347 ; 27847; 0000000
8158.586597605116367 ; 30138; 0000000
8196.6972383802840341 ; 30919; 0000000
8314.4481859850056935 ; 32653; 0000000
8364.701859764962137 ; 33521; 0000000
8479.3498766373686522 ; 34833; 0000000
8543.7240330984241155 ; 35512; 0000000
9038.2926464575721184 ; 41847; 0000000
7563.7787912014700851 ; 6202; 0000000
7796.191314444071395 ; 20566; 0000000
7870.4983824940172781 ; 23203; 0000000
8446.3087253960784437 ; 34436; 0000000
8508.5873050204663741 ; 35207; 0000000
8273.7907081610537716 ; 31885; 0000000
8503.7013303275980434 ; 35021; 0000000
7747.5025141050591628 ; 18498; 0000000
8466.065268614276647 ; 34571; 0000000
8026.3749224502189463 ; 27579; 0000000
8061.8299980079355009 ; 28301; 0000000
8212.5499017987458501 ; 31093; 0000000
8396.3528557914960402 ; 33790; 0000000
8178.784849258144277 ; 30308; 0000000
7960.4257306312283617 ; 25996; 0000000
7992.5987959737931305 ; 26964; 0000000
8068.8512879674290161 ; 28523; 0000000
8457.7272607497470744 ; 34507; 0000000
8034.7144592060021751 ; 27787; 0000000
9925.0261963409466262 ; 48721; 0000000
8748.7126871392174507 ; 39161; 0000000
11075.935343195791575 ; 52896; 0000000
8621.97625452650027 ; 37461; 0000000
11210.022039319603209 ; 53186; 0000000
8665.3343920412826265 ; 38191; 0000000
9056.0649170380693249 ; 42573; 0000000
10657.932108562754365 ; 51606; 0000000
8808.1379236203083565 ; 40182; 0000000
9195.1376515894207841 ; 43754; 0000000
10182.072517878559665 ; 49919; 0000000
9272.958390388139378 ; 44481; 0000000
9130.9898558231889183 ; 43139; 0000000
8889.8083208608059067 ; 40542; 0000000
8970.4093360526185279 ; 41776; 0000000
9455.0197937846169225 ; 45791; 0000000
8921.521989518596456 ; 41483; 0000000
7545.1899297812333316 ; 998; 0000000
8209.604816682269302 ; 31006; 0000000
8315.7064721132446721 ; 32733; 0000000
8393.2904878063927754 ; 33703; 0000000
8538.5979943496477063 ; 35395; 0000000
14906.837741636174542 ; 57655; 0000000
8611.4301607048801088 ; 36220; 0000000
7735.5180944517678654 ; 18497; 0000000
8488.8968224068285053 ; 34985; 0000000
8226.9259320126002422 ; 31186; 0000000
7707.1751986834751733 ; 17313; 0000000
7688.0162960426850987 ; 16456; 0000000
7551.6409099128077287 ; 3154; 0000000
8552.5157945362807368 ; 35702; 0000000
7724.5516744523856687 ; 17812; 0000000
7652.5094247968572745 ; 13988; 0000000
8338.0098882909405802 ; 32957; 0000000
7629.4915440953591315 ; 12793; 0000000
8158.7801628427205287 ; 30260; 0000000
7704.5435453410127593 ; 16677; 0000000
7608.7711294188093234 ; 10607; 0000000
7596.4081016686059229 ; 9059; 0000000
7895.6444220276143824 ; 24217; 0000000
7926.9795096127963916 ; 25185; 0000000
7995.2743371114875117 ; 27031; 0000000
8046.3839977061070385 ; 27895; 0000000
8094.268171959506617 ; 28884; 0000000
7560.3762469463872549 ; 4949; 0000000
7580.0484449617024438 ; 7639; 0000000
7651.6328076499848976 ; 13827; 0000000
8420.7982484640124312 ; 33987; 0000000
10211.141022837078708 ; 49966; 0000000
7554.092280600990307 ; 3481; 0000000
7571.3267058852015907 ; 6545; 0000000
7648.1646288921938321 ; 13800; 0000000
7661.7776976185441526 ; 14547; 0000000
7774.483142493178093 ; 19753; 0000000
7875.0379704913329988 ; 23380; 0000000
7925.3818855843901474 ; 24995; 0000000
7554.0545147301882025 ; 3249; 0000000
8571.4567997094254679 ; 35939; 0000000
13847.777888668133528 ; 57210; 0000000
7556.562295667973558 ; 4173; 0000000
