Travel Time: 4344.8484599877210712; Profit: 54087; TSP Distance : 2772.8092600000004495; Weight: 19547 / 25437; 0000000
TSP Tour = 1 2 3 279 278 277 276 275 274 273 272 271 270 269 268 267 266 265 264 263 262 261 260 259 258 257 256 255 254 253 252 251 250 249 248 247 246 245 244 243 242 241 240 239 238 237 236 235 234 233 232 231 230 229 228 227 226 225 224 223 222 221 220 219 218 217 216 215 214 213 212 211 210 209 208 207 206 205 204 203 202 201 200 199 198 197 196 195 194 193 192 191 190 189 188 187 186 185 184 183 182 181 180 179 150 149 148 147 146 145 144 143 142 141 140 139 138 137 136 135 134 133 132 131 130 129 128 127 126 125 124 123 122 121 154 155 153 156 152 151 178 177 176 175 161 162 163 164 165 166 167 168 169 170 171 172 173 174 160 159 158 157 119 120 118 117 116 115 114 113 112 111 110 109 108 107 106 105 104 103 102 101 100 99 98 97 96 95 94 93 92 91 90 89 88 87 86 85 84 83 82 81 80 79 78 77 76 75 74 73 72 71 70 69 68 67 66 65 64 63 62 61 60 59 58 57 56 55 54 53 52 51 50 49 48 47 46 45 44 43 42 41 40 39 38 37 36 35 34 33 32 31 30 29 28 27 26 22 25 24 23 21 20 19 18 17 16 15 14 13 12 11 10 9 8 7 6 5 4 280 1
Knapsack Array = 1 0 1 0 0 0 1 1 0 1 0 1 0 0 1 0 1 1 0 0 1 0 1 0 0 0 1 0 1 1 0 0 1 0 0 1 0 0 0 0 1 1 0 0 1 0 0 1 0 0 1 0 1 1 0 0 0 0 1 0 0 0 1 0 1 0 0 0 0 0 1 0 1 1 1 0 1 0 0 0 0 0 1 0 0 0 1 1 0 0 0 0 0 0 0 0 0 0 0 0 0 0 0 0 0 0 0 0 0 1 0 0 0 1 0 0 1 0 0 0 0 0 0 0 1 1 1 0 0 0 0 0 0 0 0 0 0 0 0 0 0 0 0 0 0 0 0 0 0 0 0 1 1 0 0 1 0 1 0 1 1 0 0 1 0 1 0 1 0 0 1 1 1 1 0 1 0 0 0 1 1 1 0 0 0 1 0 0 0 0 0 1 1 0 0 0 0 1 1 0 0 0 0 0 1 1 0 1 1 1 0 0 0 0 0 0 0 1 1 0 0 0 0 1 0 0 1 0 0 0 0 1 0 0 0 0 0 0 0 0 1 0 0 0 0 1 0 0 0 1 0 1 0 0 1 0 1 0 0 0 1 1 0 0 0 0 0 0 0 0 1 0 1 0 1 1 1 0 1 
Picked Items (item,city) = (1 , 2) (3 , 4) (7 , 8) (8 , 9) (10 , 11) (12 , 13) (15 , 16) (17 , 18) (18 , 19) (21 , 22) (23 , 24) (27 , 28) (29 , 30) (30 , 31) (33 , 34) (36 , 37) (41 , 42) (42 , 43) (45 , 46) (48 , 49) (51 , 52) (53 , 54) (54 , 55) (59 , 60) (63 , 64) (65 , 66) (71 , 72) (73 , 74) (74 , 75) (75 , 76) (77 , 78) (83 , 84) (87 , 88) (88 , 89) (110 , 111) (114 , 115) (117 , 118) (125 , 126) (126 , 127) (127 , 128) (152 , 153) (153 , 154) (156 , 157) (158 , 159) (160 , 161) (161 , 162) (164 , 165) (166 , 167) (168 , 169) (171 , 172) (172 , 173) (173 , 174) (174 , 175) (176 , 177) (180 , 181) (181 , 182) (182 , 183) (186 , 187) (192 , 193) (193 , 194) (198 , 199) (199 , 200) (205 , 206) (206 , 207) (208 , 209) (209 , 210) (210 , 211) (218 , 219) (219 , 220) (224 , 225) (227 , 228) (232 , 233) (241 , 242) (246 , 247) (250 , 251) (252 , 253) (255 , 256) (257 , 258) (261 , 262) (262 , 263) (271 , 272) (273 , 274) (275 , 276) (276 , 277) (277 , 278) (279 , 280) 

Travel Time: 3538.3897269162621342; Profit: 43408; TSP Distance : 2807.1538600000003498; Weight: 14672 / 25437; 0000000
TSP Tour = 1 3 279 278 277 276 275 274 273 272 271 270 269 268 267 266 265 264 263 262 261 260 259 258 257 256 255 254 253 252 251 250 249 248 247 246 245 244 243 242 241 240 239 238 237 236 235 234 233 232 231 230 229 228 227 226 225 224 223 222 221 220 219 218 217 216 215 214 213 212 211 210 209 208 207 206 205 204 203 202 201 200 199 198 197 196 195 194 193 192 191 190 189 188 187 186 185 184 183 182 181 180 179 178 177 176 175 161 162 163 164 165 166 167 168 169 170 171 172 173 174 160 159 158 157 156 155 154 153 152 151 150 149 148 147 146 145 144 143 142 141 140 139 138 137 136 135 134 133 132 131 130 129 128 127 126 125 124 123 122 121 120 119 118 117 116 115 114 113 112 111 110 109 108 107 106 105 104 103 102 101 100 99 98 97 96 95 94 93 92 91 90 89 88 87 86 85 84 83 82 81 80 79 78 77 76 75 74 73 72 71 70 69 68 67 66 65 64 63 62 61 60 59 58 57 56 55 54 53 52 51 50 49 48 47 46 45 44 43 42 41 40 39 38 37 36 35 34 33 32 31 30 29 28 27 26 22 23 24 25 21 20 19 18 17 16 15 14 13 12 11 10 9 8 7 6 5 4 280 2 1
Knapsack Array = 1 0 1 0 0 0 1 1 0 1 0 1 0 0 1 0 1 1 0 0 1 0 1 0 0 0 1 0 1 1 0 0 1 0 0 1 0 0 0 0 1 1 0 0 1 0 0 1 0 0 1 0 1 1 0 0 0 0 1 0 0 0 1 0 1 0 0 0 0 0 1 0 1 1 1 0 1 0 0 0 0 0 1 0 0 0 1 1 0 0 0 0 0 0 0 0 1 0 0 1 0 1 0 1 0 1 0 1 0 1 0 0 1 1 0 0 1 0 0 1 0 0 0 1 1 1 0 0 0 0 0 0 0 0 0 0 0 0 0 0 0 0 0 0 0 0 0 0 0 0 0 0 0 0 0 0 0 0 0 0 1 0 0 0 0 0 0 0 0 0 1 0 0 0 0 0 0 0 0 0 1 0 0 0 0 0 0 0 0 0 0 1 0 0 0 0 0 0 1 0 0 0 0 0 1 1 0 0 1 1 0 0 0 0 0 0 0 1 1 0 0 0 0 1 0 0 1 0 0 0 0 1 0 0 0 0 0 0 0 0 0 0 0 0 0 0 0 0 0 1 0 0 0 0 0 0 0 0 0 0 1 1 0 0 0 0 0 0 0 0 0 0 1 0 1 1 1 0 1 
Picked Items (item,city) = (1 , 2) (3 , 4) (7 , 8) (8 , 9) (10 , 11) (12 , 13) (15 , 16) (17 , 18) (18 , 19) (21 , 22) (23 , 24) (27 , 28) (29 , 30) (30 , 31) (33 , 34) (36 , 37) (41 , 42) (42 , 43) (45 , 46) (48 , 49) (51 , 52) (53 , 54) (54 , 55) (59 , 60) (63 , 64) (65 , 66) (71 , 72) (73 , 74) (74 , 75) (75 , 76) (77 , 78) (83 , 84) (87 , 88) (88 , 89) (97 , 98) (100 , 101) (102 , 103) (104 , 105) (106 , 107) (108 , 109) (110 , 111) (113 , 114) (114 , 115) (117 , 118) (120 , 121) (124 , 125) (125 , 126) (126 , 127) (161 , 162) (171 , 172) (181 , 182) (192 , 193) (199 , 200) (205 , 206) (206 , 207) (209 , 210) (210 , 211) (218 , 219) (219 , 220) (224 , 225) (227 , 228) (232 , 233) (250 , 251) (261 , 262) (262 , 263) (273 , 274) (275 , 276) (276 , 277) (277 , 278) (279 , 280) 

Travel Time: 6247.1192130754061509; Profit: 63755; TSP Distance : 2587.9299300000006951; Weight: 25412 / 25437; 0000000
TSP Tour = 1 2 242 243 241 240 239 238 237 236 235 234 233 232 231 246 245 244 247 250 251 230 229 228 227 226 225 224 223 222 221 220 219 218 217 216 215 214 213 212 211 210 207 206 205 204 203 202 201 198 197 196 195 194 193 192 191 190 189 188 187 186 185 184 183 182 181 176 180 179 150 178 177 151 152 156 153 155 154 129 128 127 126 30 125 124 123 122 121 120 119 157 158 159 160 175 161 162 163 164 165 166 167 168 169 170 172 171 173 174 107 106 105 104 103 102 101 100 99 98 97 96 95 94 93 92 91 90 89 109 108 110 111 114 113 112 88 87 84 83 82 81 80 79 78 77 75 76 74 73 72 71 70 67 69 68 58 57 56 55 54 53 52 51 50 49 48 47 46 45 44 59 63 64 65 66 85 86 116 115 117 118 62 61 60 43 42 41 40 39 38 37 36 35 34 33 32 31 29 28 27 26 22 25 23 24 14 15 13 12 11 10 9 8 7 6 5 4 277 276 275 274 273 272 271 16 17 18 19 20 21 130 131 132 133 134 270 269 135 136 268 267 137 138 139 149 148 147 146 145 199 200 144 143 142 141 140 266 265 264 263 262 261 260 259 258 257 254 253 208 209 252 255 256 249 248 278 279 3 280 1
Knapsack Array = 1 0 1 0 0 0 1 1 0 1 0 1 0 0 1 0 1 1 0 0 1 0 1 0 0 0 1 0 1 1 0 0 1 0 0 1 0 0 0 0 1 1 0 0 1 0 0 1 0 0 1 0 1 1 0 0 0 0 1 0 0 0 1 0 1 0 0 0 0 0 1 0 1 1 1 0 1 0 0 0 0 0 1 0 0 0 1 1 0 0 0 0 0 0 0 0 1 0 0 1 0 1 0 1 0 1 0 1 0 1 0 0 1 1 0 0 1 0 0 1 0 0 0 1 1 1 0 0 1 0 0 1 0 0 1 1 0 1 0 1 1 1 0 0 1 0 0 0 0 0 0 1 1 0 0 1 0 1 0 1 1 0 0 1 0 1 0 1 0 0 1 1 1 1 0 1 0 0 0 1 1 1 0 0 0 1 0 0 0 0 0 1 1 0 0 0 0 1 1 0 0 0 0 0 1 1 0 1 1 1 0 0 0 0 0 0 0 1 1 0 0 0 0 1 0 0 1 0 0 0 0 1 0 0 0 0 0 0 0 0 1 0 0 0 0 1 0 0 0 1 0 1 0 0 1 0 1 0 0 0 1 1 0 0 0 0 0 0 0 0 1 0 1 0 1 1 1 0 1 
Picked Items (item,city) = (1 , 2) (3 , 4) (7 , 8) (8 , 9) (10 , 11) (12 , 13) (15 , 16) (17 , 18) (18 , 19) (21 , 22) (23 , 24) (27 , 28) (29 , 30) (30 , 31) (33 , 34) (36 , 37) (41 , 42) (42 , 43) (45 , 46) (48 , 49) (51 , 52) (53 , 54) (54 , 55) (59 , 60) (63 , 64) (65 , 66) (71 , 72) (73 , 74) (74 , 75) (75 , 76) (77 , 78) (83 , 84) (87 , 88) (88 , 89) (97 , 98) (100 , 101) (102 , 103) (104 , 105) (106 , 107) (108 , 109) (110 , 111) (113 , 114) (114 , 115) (117 , 118) (120 , 121) (124 , 125) (125 , 126) (126 , 127) (129 , 130) (132 , 133) (135 , 136) (136 , 137) (138 , 139) (140 , 141) (141 , 142) (142 , 143) (145 , 146) (152 , 153) (153 , 154) (156 , 157) (158 , 159) (160 , 161) (161 , 162) (164 , 165) (166 , 167) (168 , 169) (171 , 172) (172 , 173) (173 , 174) (174 , 175) (176 , 177) (180 , 181) (181 , 182) (182 , 183) (186 , 187) (192 , 193) (193 , 194) (198 , 199) (199 , 200) (205 , 206) (206 , 207) (208 , 209) (209 , 210) (210 , 211) (218 , 219) (219 , 220) (224 , 225) (227 , 228) (232 , 233) (241 , 242) (246 , 247) (250 , 251) (252 , 253) (255 , 256) (257 , 258) (261 , 262) (262 , 263) (271 , 272) (273 , 274) (275 , 276) (276 , 277) (277 , 278) (279 , 280) 

Travel Time: 3818.8019731638837584; Profit: 47111; TSP Distance : 2587.9299300000006951; Weight: 17935 / 25437; 0000000
TSP Tour = 1 2 242 243 241 240 239 238 237 236 235 234 233 232 231 246 245 244 247 250 251 230 229 228 227 226 225 224 223 222 221 220 219 218 217 216 215 214 213 212 211 210 207 206 205 204 203 202 201 198 197 196 195 194 193 192 191 190 189 188 187 186 185 184 183 182 181 176 180 179 150 178 177 151 152 156 153 155 154 129 128 127 126 30 125 124 123 122 121 120 119 157 158 159 160 175 161 162 163 164 165 166 167 168 169 170 172 171 173 174 107 106 105 104 103 102 101 100 99 98 97 96 95 94 93 92 91 90 89 109 108 110 111 114 113 112 88 87 84 83 82 81 80 79 78 77 75 76 74 73 72 71 70 67 69 68 58 57 56 55 54 53 52 51 50 49 48 47 46 45 44 59 63 64 65 66 85 86 116 115 117 118 62 61 60 43 42 41 40 39 38 37 36 35 34 33 32 31 29 28 27 26 22 25 23 24 14 15 13 12 11 10 9 8 7 6 5 4 277 276 275 274 273 272 271 16 17 18 19 20 21 130 131 132 133 134 270 269 135 136 268 267 137 138 139 149 148 147 146 145 199 200 144 143 142 141 140 266 265 264 263 262 261 260 259 258 257 254 253 208 209 252 255 256 249 248 278 279 3 280 1
Knapsack Array = 1 0 1 0 0 0 1 1 0 1 0 1 0 0 1 0 1 1 0 0 1 0 1 0 0 0 1 0 1 1 0 0 1 0 0 1 0 0 0 0 1 1 0 0 1 0 0 1 0 0 1 0 1 1 0 0 0 0 1 0 0 0 1 0 1 0 0 0 0 0 1 0 1 1 1 0 1 0 0 0 0 0 1 0 0 0 1 1 0 0 0 0 0 0 0 0 1 0 0 1 0 1 0 1 0 1 0 1 0 1 0 0 1 1 0 0 1 0 0 1 0 0 0 1 1 1 0 0 1 0 0 1 0 0 1 1 0 1 0 0 0 0 0 0 0 0 0 0 0 0 0 0 0 0 0 0 0 0 0 0 0 0 0 0 0 0 0 0 0 0 0 0 0 0 0 0 0 0 0 0 0 0 0 0 0 0 0 0 0 0 0 0 0 0 0 0 0 0 0 0 0 0 0 0 1 1 0 1 1 1 0 0 0 0 0 0 0 1 1 0 0 0 0 1 0 0 1 0 0 0 0 1 0 0 0 0 0 0 0 0 1 0 0 0 0 1 0 0 0 1 0 1 0 0 1 0 1 0 0 0 1 1 0 0 0 0 0 0 0 0 1 0 1 0 1 1 1 0 1 
Picked Items (item,city) = (1 , 2) (3 , 4) (7 , 8) (8 , 9) (10 , 11) (12 , 13) (15 , 16) (17 , 18) (18 , 19) (21 , 22) (23 , 24) (27 , 28) (29 , 30) (30 , 31) (33 , 34) (36 , 37) (41 , 42) (42 , 43) (45 , 46) (48 , 49) (51 , 52) (53 , 54) (54 , 55) (59 , 60) (63 , 64) (65 , 66) (71 , 72) (73 , 74) (74 , 75) (75 , 76) (77 , 78) (83 , 84) (87 , 88) (88 , 89) (97 , 98) (100 , 101) (102 , 103) (104 , 105) (106 , 107) (108 , 109) (110 , 111) (113 , 114) (114 , 115) (117 , 118) (120 , 121) (124 , 125) (125 , 126) (126 , 127) (129 , 130) (132 , 133) (135 , 136) (136 , 137) (138 , 139) (205 , 206) (206 , 207) (208 , 209) (209 , 210) (210 , 211) (218 , 219) (219 , 220) (224 , 225) (227 , 228) (232 , 233) (241 , 242) (246 , 247) (250 , 251) (252 , 253) (255 , 256) (257 , 258) (261 , 262) (262 , 263) (271 , 272) (273 , 274) (275 , 276) (276 , 277) (277 , 278) (279 , 280) 

Travel Time: 3682.9523499744359469; Profit: 46690; TSP Distance : 2790.9983600000005026; Weight: 15617 / 25437; 0000000
TSP Tour = 1 2 280 3 279 278 277 276 275 274 273 272 271 270 269 268 267 266 265 264 263 262 261 260 259 258 257 256 255 254 253 252 251 250 249 248 247 246 245 244 243 242 241 240 239 238 237 236 235 234 233 232 231 230 229 228 227 226 225 224 223 222 221 220 219 218 217 216 215 214 213 212 211 210 209 208 207 206 205 204 203 202 201 200 199 198 197 196 195 194 193 192 191 190 189 188 187 186 185 184 183 182 181 180 179 178 177 176 175 161 162 163 164 165 166 167 168 169 170 171 172 173 174 160 159 158 157 155 154 153 156 152 151 150 149 148 147 146 145 144 143 142 141 140 139 138 137 136 135 134 133 132 131 130 129 128 127 126 125 124 123 122 121 120 119 118 117 116 115 114 113 112 111 110 109 108 107 106 105 104 103 102 101 100 99 98 97 96 95 94 93 92 91 90 89 88 87 86 85 84 83 82 81 80 79 78 77 76 75 74 73 72 71 70 69 68 67 66 65 64 63 62 61 60 59 58 57 56 55 54 53 52 51 50 49 48 47 46 45 44 43 42 41 40 39 38 37 36 35 34 33 32 31 30 29 28 27 26 22 25 23 24 21 20 19 18 17 16 15 14 13 12 11 10 9 8 7 6 5 4 1
Knapsack Array = 1 0 1 0 0 0 1 1 0 1 0 1 0 0 1 0 1 1 0 0 1 0 1 0 0 0 1 0 1 1 0 0 1 0 0 1 0 0 0 0 1 1 0 0 1 0 0 1 0 0 1 0 1 1 0 0 0 0 1 0 0 0 1 0 1 0 0 0 0 0 1 0 1 1 1 0 1 0 0 0 0 0 1 0 0 0 1 1 0 0 0 0 0 0 0 0 1 0 0 1 0 1 0 1 0 1 0 1 0 1 0 0 1 1 0 0 1 0 0 1 0 0 0 1 1 1 0 0 0 0 0 0 0 0 0 0 0 0 0 0 0 0 0 0 0 0 0 0 0 0 0 1 0 0 0 0 0 0 0 1 1 0 0 0 0 0 0 0 0 0 1 0 1 0 0 0 0 0 0 0 1 0 0 0 0 1 0 0 0 0 0 1 0 0 1 0 0 0 0 0 0 0 0 0 0 0 0 0 0 0 0 0 0 0 0 0 0 1 1 0 0 0 0 1 0 0 1 0 0 0 0 1 0 0 0 0 0 0 0 0 1 0 0 0 0 1 0 0 0 1 0 1 0 0 1 0 1 0 0 0 1 1 0 0 0 0 0 0 0 0 1 0 1 0 1 1 1 0 1 
Picked Items (item,city) = (1 , 2) (3 , 4) (7 , 8) (8 , 9) (10 , 11) (12 , 13) (15 , 16) (17 , 18) (18 , 19) (21 , 22) (23 , 24) (27 , 28) (29 , 30) (30 , 31) (33 , 34) (36 , 37) (41 , 42) (42 , 43) (45 , 46) (48 , 49) (51 , 52) (53 , 54) (54 , 55) (59 , 60) (63 , 64) (65 , 66) (71 , 72) (73 , 74) (74 , 75) (75 , 76) (77 , 78) (83 , 84) (87 , 88) (88 , 89) (97 , 98) (100 , 101) (102 , 103) (104 , 105) (106 , 107) (108 , 109) (110 , 111) (113 , 114) (114 , 115) (117 , 118) (120 , 121) (124 , 125) (125 , 126) (126 , 127) (152 , 153) (160 , 161) (161 , 162) (171 , 172) (173 , 174) (181 , 182) (186 , 187) (192 , 193) (195 , 196) (218 , 219) (219 , 220) (224 , 225) (227 , 228) (232 , 233) (241 , 242) (246 , 247) (250 , 251) (252 , 253) (255 , 256) (257 , 258) (261 , 262) (262 , 263) (271 , 272) (273 , 274) (275 , 276) (276 , 277) (277 , 278) (279 , 280) 

Travel Time: 4118.8379934135027725; Profit: 51740; TSP Distance : 2805.0875600000003942; Weight: 18606 / 25437; 0000000
TSP Tour = 1 277 276 275 274 273 272 271 270 269 268 267 266 265 264 263 262 261 260 259 258 257 256 255 254 253 252 251 250 249 248 247 246 245 244 243 242 241 240 239 238 237 236 235 234 233 232 231 230 229 228 227 226 225 224 223 222 221 220 219 218 217 216 215 214 213 212 211 210 209 208 207 206 205 204 203 202 201 200 199 198 197 196 195 194 193 192 191 190 189 188 187 186 185 184 183 182 181 180 179 178 177 176 175 161 162 163 164 165 166 167 168 169 170 171 172 173 174 160 159 158 157 156 155 154 153 152 151 150 149 148 147 146 145 144 143 142 141 140 139 138 137 136 135 134 133 132 131 130 129 128 127 126 125 124 123 122 121 120 119 118 117 116 115 114 113 112 111 110 109 108 107 106 105 104 103 102 101 100 99 98 97 96 95 94 93 92 91 90 89 88 87 86 85 84 83 82 81 80 79 78 77 76 75 74 73 72 71 70 69 68 67 66 65 64 63 62 61 60 59 58 57 56 55 54 53 52 51 50 49 48 47 46 45 44 43 42 41 40 39 38 37 36 35 34 33 32 31 30 29 28 27 26 22 25 23 24 21 20 19 18 17 16 15 14 13 12 11 10 9 8 7 6 5 4 278 279 3 280 2 1
Knapsack Array = 1 0 1 0 0 0 1 1 0 1 0 1 0 0 1 0 1 1 0 0 1 0 1 0 0 0 1 0 0 1 0 0 1 0 0 1 0 0 0 0 1 1 0 0 1 0 0 1 0 0 1 0 1 1 0 0 0 0 1 0 0 0 1 0 1 0 0 0 0 0 1 0 1 1 1 0 1 0 0 0 0 0 1 0 0 0 1 1 0 0 0 0 0 0 0 0 1 0 0 1 0 1 0 1 0 1 0 1 0 1 0 0 1 1 0 0 1 0 0 0 0 0 0 0 1 1 0 0 0 0 1 0 0 0 0 1 0 0 0 0 0 0 0 0 0 0 0 0 0 0 0 1 0 0 0 0 0 0 0 1 1 0 0 1 0 1 0 1 0 0 1 1 1 1 0 0 0 0 0 0 0 0 0 0 0 1 0 0 0 0 0 1 1 0 0 0 0 1 1 0 0 0 0 0 1 1 0 1 1 1 0 0 0 0 0 0 0 1 1 0 0 0 0 1 0 0 1 0 0 0 0 1 0 0 0 0 0 0 0 0 1 0 0 0 0 0 0 0 0 0 0 0 0 0 0 0 0 0 0 0 1 1 0 0 0 0 0 0 0 0 1 0 1 0 1 1 1 0 1 
Picked Items (item,city) = (1 , 2) (3 , 4) (7 , 8) (8 , 9) (10 , 11) (12 , 13) (15 , 16) (17 , 18) (18 , 19) (21 , 22) (23 , 24) (27 , 28) (30 , 31) (33 , 34) (36 , 37) (41 , 42) (42 , 43) (45 , 46) (48 , 49) (51 , 52) (53 , 54) (54 , 55) (59 , 60) (63 , 64) (65 , 66) (71 , 72) (73 , 74) (74 , 75) (75 , 76) (77 , 78) (83 , 84) (87 , 88) (88 , 89) (97 , 98) (100 , 101) (102 , 103) (104 , 105) (106 , 107) (108 , 109) (110 , 111) (113 , 114) (114 , 115) (117 , 118) (125 , 126) (126 , 127) (131 , 132) (136 , 137) (152 , 153) (160 , 161) (161 , 162) (164 , 165) (166 , 167) (168 , 169) (171 , 172) (172 , 173) (173 , 174) (174 , 175) (186 , 187) (192 , 193) (193 , 194) (198 , 199) (199 , 200) (205 , 206) (206 , 207) (208 , 209) (209 , 210) (210 , 211) (218 , 219) (219 , 220) (224 , 225) (227 , 228) (232 , 233) (241 , 242) (261 , 262) (262 , 263) (271 , 272) (273 , 274) (275 , 276) (276 , 277) (277 , 278) (279 , 280) 

Travel Time: 4126.8679162648386409; Profit: 51839; TSP Distance : 2805.0875600000003942; Weight: 18707 / 25437; 0000000
TSP Tour = 1 277 276 275 274 273 272 271 270 269 268 267 266 265 264 263 262 261 260 259 258 257 256 255 254 253 252 251 250 249 248 247 246 245 244 243 242 241 240 239 238 237 236 235 234 233 232 231 230 229 228 227 226 225 224 223 222 221 220 219 218 217 216 215 214 213 212 211 210 209 208 207 206 205 204 203 202 201 200 199 198 197 196 195 194 193 192 191 190 189 188 187 186 185 184 183 182 181 180 179 178 177 176 175 161 162 163 164 165 166 167 168 169 170 171 172 173 174 160 159 158 157 156 155 154 153 152 151 150 149 148 147 146 145 144 143 142 141 140 139 138 137 136 135 134 133 132 131 130 129 128 127 126 125 124 123 122 121 120 119 118 117 116 115 114 113 112 111 110 109 108 107 106 105 104 103 102 101 100 99 98 97 96 95 94 93 92 91 90 89 88 87 86 85 84 83 82 81 80 79 78 77 76 75 74 73 72 71 70 69 68 67 66 65 64 63 62 61 60 59 58 57 56 55 54 53 52 51 50 49 48 47 46 45 44 43 42 41 40 39 38 37 36 35 34 33 32 31 30 29 28 27 26 22 25 23 24 21 20 19 18 17 16 15 14 13 12 11 10 9 8 7 6 5 4 278 279 3 280 2 1
Knapsack Array = 1 0 1 0 0 0 1 1 0 1 0 1 0 0 1 0 1 1 0 0 1 0 1 0 0 0 1 0 1 1 0 0 1 0 0 1 0 0 0 0 1 1 0 0 1 0 0 1 0 0 1 0 1 1 0 0 0 0 1 0 0 0 1 0 1 0 0 0 0 0 1 0 1 1 1 0 1 0 0 0 0 0 1 0 0 0 1 1 0 0 0 0 0 0 0 0 1 0 0 1 0 1 0 1 0 1 0 1 0 1 0 0 1 1 0 0 1 0 0 0 0 0 0 0 1 1 0 0 0 0 1 0 0 0 0 1 0 0 0 0 0 0 0 0 0 0 0 0 0 0 0 1 0 0 0 0 0 0 0 1 1 0 0 1 0 1 0 1 0 0 1 1 1 1 0 0 0 0 0 0 0 0 0 0 0 1 0 0 0 0 0 1 1 0 0 0 0 1 1 0 0 0 0 0 1 1 0 1 1 1 0 0 0 0 0 0 0 1 1 0 0 0 0 1 0 0 1 0 0 0 0 1 0 0 0 0 0 0 0 0 1 0 0 0 0 0 0 0 0 0 0 0 0 0 0 0 0 0 0 0 1 1 0 0 0 0 0 0 0 0 1 0 1 0 1 1 1 0 1 
Picked Items (item,city) = (1 , 2) (3 , 4) (7 , 8) (8 , 9) (10 , 11) (12 , 13) (15 , 16) (17 , 18) (18 , 19) (21 , 22) (23 , 24) (27 , 28) (29 , 30) (30 , 31) (33 , 34) (36 , 37) (41 , 42) (42 , 43) (45 , 46) (48 , 49) (51 , 52) (53 , 54) (54 , 55) (59 , 60) (63 , 64) (65 , 66) (71 , 72) (73 , 74) (74 , 75) (75 , 76) (77 , 78) (83 , 84) (87 , 88) (88 , 89) (97 , 98) (100 , 101) (102 , 103) (104 , 105) (106 , 107) (108 , 109) (110 , 111) (113 , 114) (114 , 115) (117 , 118) (125 , 126) (126 , 127) (131 , 132) (136 , 137) (152 , 153) (160 , 161) (161 , 162) (164 , 165) (166 , 167) (168 , 169) (171 , 172) (172 , 173) (173 , 174) (174 , 175) (186 , 187) (192 , 193) (193 , 194) (198 , 199) (199 , 200) (205 , 206) (206 , 207) (208 , 209) (209 , 210) (210 , 211) (218 , 219) (219 , 220) (224 , 225) (227 , 228) (232 , 233) (241 , 242) (261 , 262) (262 , 263) (271 , 272) (273 , 274) (275 , 276) (276 , 277) (277 , 278) (279 , 280) 

Travel Time: 2933.860002042861197; Profit: 23607; TSP Distance : 2761.1714300000003277; Weight: 8533 / 25437; 0000000
TSP Tour = 1 2 280 3 279 278 277 276 275 274 273 272 271 270 269 268 267 266 265 264 263 262 261 260 259 258 257 256 255 254 253 252 251 250 249 248 247 246 245 244 243 242 241 240 239 238 237 236 235 234 233 232 231 230 229 228 227 226 225 224 223 222 221 220 219 218 217 216 215 214 213 212 211 210 209 208 207 206 205 204 203 202 201 200 199 198 197 196 195 194 193 192 191 190 189 188 187 186 185 184 183 182 181 180 179 150 149 148 147 146 145 144 143 142 141 140 139 138 137 136 135 134 133 132 131 130 129 128 127 126 125 124 123 122 121 154 155 153 156 152 151 178 177 176 175 161 162 163 164 165 166 167 168 169 170 171 172 173 174 160 159 158 157 119 120 118 117 116 115 114 113 112 111 110 109 108 107 106 105 104 103 102 101 100 99 98 97 96 95 94 93 92 91 90 89 88 87 86 85 84 83 82 81 80 79 78 77 76 75 74 73 72 71 70 69 68 67 66 65 64 63 62 61 60 59 58 57 56 55 54 53 52 51 50 49 48 47 46 45 44 43 42 41 40 39 38 37 36 35 34 33 32 31 30 29 28 27 26 22 25 23 24 21 20 19 18 17 16 15 14 13 12 11 10 9 8 7 6 5 4 1
Knapsack Array = 1 0 1 0 0 0 1 1 0 1 0 1 0 0 1 0 1 1 0 0 1 0 1 0 0 0 1 0 1 1 0 0 1 0 0 1 0 0 0 0 1 1 0 0 1 0 0 1 0 0 1 0 1 1 0 0 0 0 1 0 0 0 1 0 0 0 0 0 0 0 1 0 1 1 1 0 1 0 0 0 0 0 0 0 0 1 0 0 0 0 0 0 0 0 0 0 0 0 0 0 0 0 0 0 0 0 0 0 0 0 0 0 0 0 0 0 0 0 0 0 0 0 0 0 0 0 0 0 0 0 0 0 0 0 0 0 0 0 0 0 0 0 0 0 0 0 0 0 0 0 0 1 0 0 0 0 0 0 0 1 1 0 0 0 0 0 0 0 0 0 0 0 0 0 0 0 0 0 0 0 0 0 0 0 0 0 0 0 0 0 0 0 0 0 0 0 0 0 0 0 0 0 0 0 0 0 0 0 0 0 0 0 0 0 0 0 0 0 0 0 0 0 0 0 0 0 1 0 0 0 0 0 0 0 0 0 0 0 0 0 0 0 0 0 0 0 0 0 0 1 0 0 0 0 0 0 0 0 0 0 0 0 0 0 0 0 0 0 0 0 0 0 0 0 0 0 0 0 0 
Picked Items (item,city) = (1 , 2) (3 , 4) (7 , 8) (8 , 9) (10 , 11) (12 , 13) (15 , 16) (17 , 18) (18 , 19) (21 , 22) (23 , 24) (27 , 28) (29 , 30) (30 , 31) (33 , 34) (36 , 37) (41 , 42) (42 , 43) (45 , 46) (48 , 49) (51 , 52) (53 , 54) (54 , 55) (59 , 60) (63 , 64) (71 , 72) (73 , 74) (74 , 75) (75 , 76) (77 , 78) (86 , 87) (152 , 153) (160 , 161) (161 , 162) (227 , 228) (250 , 251) 

Travel Time: 2587.9299300000006951; Profit: 0; TSP Distance : 2587.9299300000006951; Weight: 0 / 25437; 0000000
TSP Tour = 1 2 242 243 241 240 239 238 237 236 235 234 233 232 231 246 245 244 247 250 251 230 229 228 227 226 225 224 223 222 221 220 219 218 217 216 215 214 213 212 211 210 207 206 205 204 203 202 201 198 197 196 195 194 193 192 191 190 189 188 187 186 185 184 183 182 181 176 180 179 150 178 177 151 152 156 153 155 154 129 128 127 126 30 125 124 123 122 121 120 119 157 158 159 160 175 161 162 163 164 165 166 167 168 169 170 172 171 173 174 107 106 105 104 103 102 101 100 99 98 97 96 95 94 93 92 91 90 89 109 108 110 111 114 113 112 88 87 84 83 82 81 80 79 78 77 75 76 74 73 72 71 70 67 69 68 58 57 56 55 54 53 52 51 50 49 48 47 46 45 44 59 63 64 65 66 85 86 116 115 117 118 62 61 60 43 42 41 40 39 38 37 36 35 34 33 32 31 29 28 27 26 22 25 23 24 14 15 13 12 11 10 9 8 7 6 5 4 277 276 275 274 273 272 271 16 17 18 19 20 21 130 131 132 133 134 270 269 135 136 268 267 137 138 139 149 148 147 146 145 199 200 144 143 142 141 140 266 265 264 263 262 261 260 259 258 257 254 253 208 209 252 255 256 249 248 278 279 3 280 1
Knapsack Array = 0 0 0 0 0 0 0 0 0 0 0 0 0 0 0 0 0 0 0 0 0 0 0 0 0 0 0 0 0 0 0 0 0 0 0 0 0 0 0 0 0 0 0 0 0 0 0 0 0 0 0 0 0 0 0 0 0 0 0 0 0 0 0 0 0 0 0 0 0 0 0 0 0 0 0 0 0 0 0 0 0 0 0 0 0 0 0 0 0 0 0 0 0 0 0 0 0 0 0 0 0 0 0 0 0 0 0 0 0 0 0 0 0 0 0 0 0 0 0 0 0 0 0 0 0 0 0 0 0 0 0 0 0 0 0 0 0 0 0 0 0 0 0 0 0 0 0 0 0 0 0 0 0 0 0 0 0 0 0 0 0 0 0 0 0 0 0 0 0 0 0 0 0 0 0 0 0 0 0 0 0 0 0 0 0 0 0 0 0 0 0 0 0 0 0 0 0 0 0 0 0 0 0 0 0 0 0 0 0 0 0 0 0 0 0 0 0 0 0 0 0 0 0 0 0 0 0 0 0 0 0 0 0 0 0 0 0 0 0 0 0 0 0 0 0 0 0 0 0 0 0 0 0 0 0 0 0 0 0 0 0 0 0 0 0 0 0 0 0 0 0 0 0 0 0 0 0 0 0 
Picked Items (item,city) = 

Travel Time: 3026.5534094668564649; Profit: 29460; TSP Distance : 2761.1714300000003277; Weight: 10313 / 25437; 0000000
TSP Tour = 1 2 280 3 279 278 277 276 275 274 273 272 271 270 269 268 267 266 265 264 263 262 261 260 259 258 257 256 255 254 253 252 251 250 249 248 247 246 245 244 243 242 241 240 239 238 237 236 235 234 233 232 231 230 229 228 227 226 225 224 223 222 221 220 219 218 217 216 215 214 213 212 211 210 209 208 207 206 205 204 203 202 201 200 199 198 197 196 195 194 193 192 191 190 189 188 187 186 185 184 183 182 181 180 179 150 149 148 147 146 145 144 143 142 141 140 139 138 137 136 135 134 133 132 131 130 129 128 127 126 125 124 123 122 121 154 155 153 156 152 151 178 177 176 175 161 162 163 164 165 166 167 168 169 170 171 172 173 174 160 159 158 157 119 120 118 117 116 115 114 113 112 111 110 109 108 107 106 105 104 103 102 101 100 99 98 97 96 95 94 93 92 91 90 89 88 87 86 85 84 83 82 81 80 79 78 77 76 75 74 73 72 71 70 69 68 67 66 65 64 63 62 61 60 59 58 57 56 55 54 53 52 51 50 49 48 47 46 45 44 43 42 41 40 39 38 37 36 35 34 33 32 31 30 29 28 27 26 22 25 23 24 21 20 19 18 17 16 15 14 13 12 11 10 9 8 7 6 5 4 1
Knapsack Array = 1 0 1 0 0 0 1 1 0 1 0 1 0 0 1 0 1 1 0 0 1 0 1 0 0 0 1 0 1 1 0 0 1 0 0 1 0 0 0 0 1 1 0 0 1 0 0 1 0 0 1 0 1 1 0 0 0 0 1 0 0 0 1 0 1 0 0 0 0 0 1 0 1 1 1 0 1 0 0 0 0 0 1 0 0 0 1 1 0 0 0 0 0 0 0 0 1 0 0 1 0 1 0 1 0 1 0 1 0 1 0 0 0 0 0 0 0 0 0 0 0 0 0 0 0 0 0 0 0 0 0 0 0 0 0 0 0 0 0 0 0 0 0 0 0 0 0 0 0 0 0 1 0 0 0 0 0 0 0 1 1 0 0 0 0 0 0 0 0 0 1 0 1 0 0 0 0 0 0 0 1 0 0 0 0 0 0 0 0 0 0 0 0 0 0 0 0 0 0 0 0 0 0 0 0 0 0 0 0 0 0 0 0 0 0 0 0 0 0 0 0 0 0 0 0 0 0 0 0 0 0 0 0 0 0 0 0 0 0 0 0 0 0 0 0 0 0 0 0 0 0 0 0 0 0 0 0 0 0 0 0 0 0 0 0 0 0 0 0 0 0 0 0 0 0 0 0 0 0 
Picked Items (item,city) = (1 , 2) (3 , 4) (7 , 8) (8 , 9) (10 , 11) (12 , 13) (15 , 16) (17 , 18) (18 , 19) (21 , 22) (23 , 24) (27 , 28) (29 , 30) (30 , 31) (33 , 34) (36 , 37) (41 , 42) (42 , 43) (45 , 46) (48 , 49) (51 , 52) (53 , 54) (54 , 55) (59 , 60) (63 , 64) (65 , 66) (71 , 72) (73 , 74) (74 , 75) (75 , 76) (77 , 78) (83 , 84) (87 , 88) (88 , 89) (97 , 98) (100 , 101) (102 , 103) (104 , 105) (106 , 107) (108 , 109) (110 , 111) (152 , 153) (160 , 161) (161 , 162) (171 , 172) (173 , 174) (181 , 182) 

Travel Time: 2930.7054494503013302; Profit: 22455; TSP Distance : 2761.1714300000003277; Weight: 8613 / 25437; 0000000
TSP Tour = 1 2 280 3 279 278 277 276 275 274 273 272 271 270 269 268 267 266 265 264 263 262 261 260 259 258 257 256 255 254 253 252 251 250 249 248 247 246 245 244 243 242 241 240 239 238 237 236 235 234 233 232 231 230 229 228 227 226 225 224 223 222 221 220 219 218 217 216 215 214 213 212 211 210 209 208 207 206 205 204 203 202 201 200 199 198 197 196 195 194 193 192 191 190 189 188 187 186 185 184 183 182 181 180 179 150 149 148 147 146 145 144 143 142 141 140 139 138 137 136 135 134 133 132 131 130 129 128 127 126 125 124 123 122 121 154 155 153 156 152 151 178 177 176 175 161 162 163 164 165 166 167 168 169 170 171 172 173 174 160 159 158 157 119 120 118 117 116 115 114 113 112 111 110 109 108 107 106 105 104 103 102 101 100 99 98 97 96 95 94 93 92 91 90 89 88 87 86 85 84 83 82 81 80 79 78 77 76 75 74 73 72 71 70 69 68 67 66 65 64 63 62 61 60 59 58 57 56 55 54 53 52 51 50 49 48 47 46 45 44 43 42 41 40 39 38 37 36 35 34 33 32 31 30 29 28 27 26 22 25 23 24 21 20 19 18 17 16 15 14 13 12 11 10 9 8 7 6 5 4 1
Knapsack Array = 1 0 1 0 0 0 1 1 0 1 0 1 0 0 1 0 1 1 0 0 1 0 1 0 0 0 1 0 1 1 0 0 1 0 0 1 0 0 0 0 1 1 0 0 1 0 0 1 0 0 1 0 1 1 0 0 0 0 1 0 0 0 1 0 1 0 0 0 0 0 1 0 1 1 1 0 1 0 0 0 0 0 1 0 0 0 1 1 0 0 0 0 0 0 0 0 0 0 0 0 0 0 0 0 0 0 0 0 0 0 0 0 0 0 0 0 0 0 0 0 0 0 0 0 0 0 0 0 0 0 0 0 0 0 0 0 0 0 0 0 0 0 0 0 0 0 0 0 0 0 0 0 0 0 0 0 0 0 0 0 0 0 0 0 0 0 0 0 0 0 0 0 0 0 0 0 0 0 0 0 0 0 0 0 0 0 0 0 0 0 0 0 0 0 0 0 0 0 0 0 0 0 0 0 0 0 0 0 0 0 0 0 0 0 0 0 0 0 0 0 0 0 0 0 0 0 0 0 0 0 0 0 0 0 0 0 0 0 0 0 0 0 0 0 0 0 0 0 0 1 0 0 0 0 0 0 0 0 0 0 0 0 0 0 0 0 0 0 0 0 0 0 0 0 0 0 0 0 0 
Picked Items (item,city) = (1 , 2) (3 , 4) (7 , 8) (8 , 9) (10 , 11) (12 , 13) (15 , 16) (17 , 18) (18 , 19) (21 , 22) (23 , 24) (27 , 28) (29 , 30) (30 , 31) (33 , 34) (36 , 37) (41 , 42) (42 , 43) (45 , 46) (48 , 49) (51 , 52) (53 , 54) (54 , 55) (59 , 60) (63 , 64) (65 , 66) (71 , 72) (73 , 74) (74 , 75) (75 , 76) (77 , 78) (83 , 84) (87 , 88) (88 , 89) (250 , 251) 

Travel Time: 2932.0638913343759668; Profit: 23334; TSP Distance : 2761.1714300000003277; Weight: 8635 / 25437; 0000000
TSP Tour = 1 2 280 3 279 278 277 276 275 274 273 272 271 270 269 268 267 266 265 264 263 262 261 260 259 258 257 256 255 254 253 252 251 250 249 248 247 246 245 244 243 242 241 240 239 238 237 236 235 234 233 232 231 230 229 228 227 226 225 224 223 222 221 220 219 218 217 216 215 214 213 212 211 210 209 208 207 206 205 204 203 202 201 200 199 198 197 196 195 194 193 192 191 190 189 188 187 186 185 184 183 182 181 180 179 150 149 148 147 146 145 144 143 142 141 140 139 138 137 136 135 134 133 132 131 130 129 128 127 126 125 124 123 122 121 154 155 153 156 152 151 178 177 176 175 161 162 163 164 165 166 167 168 169 170 171 172 173 174 160 159 158 157 119 120 118 117 116 115 114 113 112 111 110 109 108 107 106 105 104 103 102 101 100 99 98 97 96 95 94 93 92 91 90 89 88 87 86 85 84 83 82 81 80 79 78 77 76 75 74 73 72 71 70 69 68 67 66 65 64 63 62 61 60 59 58 57 56 55 54 53 52 51 50 49 48 47 46 45 44 43 42 41 40 39 38 37 36 35 34 33 32 31 30 29 28 27 26 22 25 23 24 21 20 19 18 17 16 15 14 13 12 11 10 9 8 7 6 5 4 1
Knapsack Array = 1 0 1 0 0 0 1 1 0 1 0 1 0 0 1 0 1 1 0 0 1 0 1 0 0 0 1 0 1 1 0 0 1 0 0 1 0 0 0 0 1 1 0 0 1 0 0 1 0 0 1 0 1 1 0 0 0 0 1 0 0 0 1 0 1 0 0 0 0 0 1 0 1 1 1 0 1 0 0 0 0 0 1 0 0 0 1 1 0 0 0 0 0 0 0 0 0 0 0 0 0 0 0 0 0 0 0 0 0 0 0 0 0 0 0 0 0 0 0 0 0 0 0 0 0 0 0 0 0 0 0 0 0 0 0 0 0 0 0 0 0 0 0 0 0 0 0 0 0 0 0 0 0 0 0 0 0 0 0 0 1 0 0 0 0 0 0 0 0 0 0 0 0 0 0 0 0 0 0 0 0 0 0 0 0 0 0 0 0 0 0 0 0 0 0 0 0 0 0 0 0 0 0 0 0 0 0 0 0 0 0 0 0 0 0 0 0 0 0 0 0 0 0 0 0 0 0 0 0 0 0 0 0 0 0 0 0 0 0 0 0 0 0 0 0 0 0 0 0 1 0 0 0 0 0 0 0 0 0 0 0 0 0 0 0 0 0 0 0 0 0 0 0 0 0 0 0 0 0 
Picked Items (item,city) = (1 , 2) (3 , 4) (7 , 8) (8 , 9) (10 , 11) (12 , 13) (15 , 16) (17 , 18) (18 , 19) (21 , 22) (23 , 24) (27 , 28) (29 , 30) (30 , 31) (33 , 34) (36 , 37) (41 , 42) (42 , 43) (45 , 46) (48 , 49) (51 , 52) (53 , 54) (54 , 55) (59 , 60) (63 , 64) (65 , 66) (71 , 72) (73 , 74) (74 , 75) (75 , 76) (77 , 78) (83 , 84) (87 , 88) (88 , 89) (161 , 162) (250 , 251) 

Travel Time: 3389.5304859202842636; Profit: 39237; TSP Distance : 2761.1714300000003277; Weight: 13957 / 25437; 0000000
TSP Tour = 1 2 280 3 279 278 277 276 275 274 273 272 271 270 269 268 267 266 265 264 263 262 261 260 259 258 257 256 255 254 253 252 251 250 249 248 247 246 245 244 243 242 241 240 239 238 237 236 235 234 233 232 231 230 229 228 227 226 225 224 223 222 221 220 219 218 217 216 215 214 213 212 211 210 209 208 207 206 205 204 203 202 201 200 199 198 197 196 195 194 193 192 191 190 189 188 187 186 185 184 183 182 181 180 179 150 149 148 147 146 145 144 143 142 141 140 139 138 137 136 135 134 133 132 131 130 129 128 127 126 125 124 123 122 121 154 155 153 156 152 151 178 177 176 175 161 162 163 164 165 166 167 168 169 170 171 172 173 174 160 159 158 157 119 120 118 117 116 115 114 113 112 111 110 109 108 107 106 105 104 103 102 101 100 99 98 97 96 95 94 93 92 91 90 89 88 87 86 85 84 83 82 81 80 79 78 77 76 75 74 73 72 71 70 69 68 67 66 65 64 63 62 61 60 59 58 57 56 55 54 53 52 51 50 49 48 47 46 45 44 43 42 41 40 39 38 37 36 35 34 33 32 31 30 29 28 27 26 22 25 23 24 21 20 19 18 17 16 15 14 13 12 11 10 9 8 7 6 5 4 1
Knapsack Array = 1 0 1 0 0 0 1 1 0 1 0 1 0 0 1 0 1 1 0 0 1 0 1 0 0 0 1 0 1 1 0 0 1 0 0 1 0 0 0 0 1 1 0 0 1 0 0 1 0 0 1 0 1 1 0 0 0 0 1 0 0 0 1 0 1 0 0 0 0 0 1 0 1 1 1 0 1 0 0 0 0 0 1 0 0 0 1 1 0 0 0 0 0 0 0 0 1 0 0 1 0 1 0 1 0 1 0 1 0 1 0 0 1 1 0 0 1 0 0 1 0 0 0 0 0 0 0 0 0 0 0 0 0 0 0 0 0 0 0 0 0 0 0 0 0 0 0 0 0 0 0 0 0 0 0 0 0 0 0 1 1 0 0 0 0 0 0 0 0 0 1 0 1 0 0 0 0 1 0 0 0 0 0 0 0 0 0 0 0 0 0 1 0 0 0 0 0 1 1 0 0 0 0 0 1 1 0 1 1 1 0 0 0 0 0 0 0 1 1 0 0 0 0 1 0 0 1 0 0 0 0 1 0 0 0 0 0 0 0 0 0 0 0 0 0 0 0 0 0 1 0 0 0 0 0 0 0 0 0 0 0 0 0 0 0 0 0 0 0 0 0 0 0 0 0 0 0 0 0 
Picked Items (item,city) = (1 , 2) (3 , 4) (7 , 8) (8 , 9) (10 , 11) (12 , 13) (15 , 16) (17 , 18) (18 , 19) (21 , 22) (23 , 24) (27 , 28) (29 , 30) (30 , 31) (33 , 34) (36 , 37) (41 , 42) (42 , 43) (45 , 46) (48 , 49) (51 , 52) (53 , 54) (54 , 55) (59 , 60) (63 , 64) (65 , 66) (71 , 72) (73 , 74) (74 , 75) (75 , 76) (77 , 78) (83 , 84) (87 , 88) (88 , 89) (97 , 98) (100 , 101) (102 , 103) (104 , 105) (106 , 107) (108 , 109) (110 , 111) (113 , 114) (114 , 115) (117 , 118) (120 , 121) (160 , 161) (161 , 162) (171 , 172) (173 , 174) (178 , 179) (192 , 193) (198 , 199) (199 , 200) (205 , 206) (206 , 207) (208 , 209) (209 , 210) (210 , 211) (218 , 219) (219 , 220) (224 , 225) (227 , 228) (232 , 233) (250 , 251) 

Travel Time: 3660.2605576288933662; Profit: 45578; TSP Distance : 2761.1714300000003277; Weight: 15673 / 25437; 0000000
TSP Tour = 1 2 280 3 279 278 277 276 275 274 273 272 271 270 269 268 267 266 265 264 263 262 261 260 259 258 257 256 255 254 253 252 251 250 249 248 247 246 245 244 243 242 241 240 239 238 237 236 235 234 233 232 231 230 229 228 227 226 225 224 223 222 221 220 219 218 217 216 215 214 213 212 211 210 209 208 207 206 205 204 203 202 201 200 199 198 197 196 195 194 193 192 191 190 189 188 187 186 185 184 183 182 181 180 179 150 149 148 147 146 145 144 143 142 141 140 139 138 137 136 135 134 133 132 131 130 129 128 127 126 125 124 123 122 121 154 155 153 156 152 151 178 177 176 175 161 162 163 164 165 166 167 168 169 170 171 172 173 174 160 159 158 157 119 120 118 117 116 115 114 113 112 111 110 109 108 107 106 105 104 103 102 101 100 99 98 97 96 95 94 93 92 91 90 89 88 87 86 85 84 83 82 81 80 79 78 77 76 75 74 73 72 71 70 69 68 67 66 65 64 63 62 61 60 59 58 57 56 55 54 53 52 51 50 49 48 47 46 45 44 43 42 41 40 39 38 37 36 35 34 33 32 31 30 29 28 27 26 22 25 23 24 21 20 19 18 17 16 15 14 13 12 11 10 9 8 7 6 5 4 1
Knapsack Array = 1 0 1 0 0 0 1 1 0 1 0 1 0 0 1 0 1 1 0 0 1 0 1 0 0 0 1 0 1 1 0 0 1 0 0 1 0 0 0 0 1 1 0 0 1 0 0 1 0 0 1 0 1 1 0 0 0 0 1 0 0 0 1 0 1 0 0 0 0 0 1 0 1 1 1 0 1 0 0 0 0 0 1 0 0 0 1 1 0 0 0 0 0 0 0 0 1 0 0 1 0 1 0 1 0 1 0 1 0 1 0 0 1 1 0 0 1 0 0 1 0 0 0 0 0 0 0 0 0 0 0 0 0 0 0 0 0 0 0 0 0 0 0 0 0 0 0 0 0 0 0 0 0 0 0 0 0 0 0 1 1 0 0 0 0 0 0 0 0 0 1 0 1 0 0 0 0 1 0 0 0 0 0 0 0 0 0 0 0 0 0 1 0 0 0 0 0 1 1 0 0 0 0 0 1 1 0 1 1 1 0 0 0 0 0 0 0 1 1 0 0 0 0 1 0 0 1 0 0 0 0 1 0 0 0 0 0 0 0 0 1 0 0 0 0 1 0 0 0 1 0 1 0 0 1 0 1 0 0 0 1 1 0 0 0 0 0 0 0 0 1 0 1 0 1 1 0 0 0 
Picked Items (item,city) = (1 , 2) (3 , 4) (7 , 8) (8 , 9) (10 , 11) (12 , 13) (15 , 16) (17 , 18) (18 , 19) (21 , 22) (23 , 24) (27 , 28) (29 , 30) (30 , 31) (33 , 34) (36 , 37) (41 , 42) (42 , 43) (45 , 46) (48 , 49) (51 , 52) (53 , 54) (54 , 55) (59 , 60) (63 , 64) (65 , 66) (71 , 72) (73 , 74) (74 , 75) (75 , 76) (77 , 78) (83 , 84) (87 , 88) (88 , 89) (97 , 98) (100 , 101) (102 , 103) (104 , 105) (106 , 107) (108 , 109) (110 , 111) (113 , 114) (114 , 115) (117 , 118) (120 , 121) (160 , 161) (161 , 162) (171 , 172) (173 , 174) (178 , 179) (192 , 193) (198 , 199) (199 , 200) (205 , 206) (206 , 207) (208 , 209) (209 , 210) (210 , 211) (218 , 219) (219 , 220) (224 , 225) (227 , 228) (232 , 233) (241 , 242) (246 , 247) (250 , 251) (252 , 253) (255 , 256) (257 , 258) (261 , 262) (262 , 263) (271 , 272) (273 , 274) (275 , 276) (276 , 277) 

Travel Time: 2595.5878001328119353; Profit: 1116; TSP Distance : 2587.9299300000006951; Weight: 368 / 25437; 0000000
TSP Tour = 1 2 242 243 241 240 239 238 237 236 235 234 233 232 231 246 245 244 247 250 251 230 229 228 227 226 225 224 223 222 221 220 219 218 217 216 215 214 213 212 211 210 207 206 205 204 203 202 201 198 197 196 195 194 193 192 191 190 189 188 187 186 185 184 183 182 181 176 180 179 150 178 177 151 152 156 153 155 154 129 128 127 126 30 125 124 123 122 121 120 119 157 158 159 160 175 161 162 163 164 165 166 167 168 169 170 172 171 173 174 107 106 105 104 103 102 101 100 99 98 97 96 95 94 93 92 91 90 89 109 108 110 111 114 113 112 88 87 84 83 82 81 80 79 78 77 75 76 74 73 72 71 70 67 69 68 58 57 56 55 54 53 52 51 50 49 48 47 46 45 44 59 63 64 65 66 85 86 116 115 117 118 62 61 60 43 42 41 40 39 38 37 36 35 34 33 32 31 29 28 27 26 22 25 23 24 14 15 13 12 11 10 9 8 7 6 5 4 277 276 275 274 273 272 271 16 17 18 19 20 21 130 131 132 133 134 270 269 135 136 268 267 137 138 139 149 148 147 146 145 199 200 144 143 142 141 140 266 265 264 263 262 261 260 259 258 257 254 253 208 209 252 255 256 249 248 278 279 3 280 1
Knapsack Array = 1 0 1 0 0 0 0 0 0 0 0 0 0 0 0 0 0 0 0 0 0 0 0 0 0 0 0 0 0 0 0 0 0 0 0 0 0 0 0 0 0 0 0 0 0 0 0 0 0 0 0 0 0 0 0 0 0 0 0 0 0 0 0 0 0 0 0 0 0 0 0 0 0 0 0 0 0 0 0 0 0 0 0 0 0 0 0 0 0 0 0 0 0 0 0 0 0 0 0 0 0 0 0 0 0 0 0 0 0 0 0 0 0 0 0 0 0 0 0 0 0 0 0 0 0 0 0 0 0 0 0 0 0 0 0 0 0 0 0 0 0 0 0 0 0 0 0 0 0 0 0 0 0 0 0 0 0 0 0 0 0 0 0 0 0 0 0 0 0 0 0 0 0 0 0 0 0 0 0 0 0 0 0 0 0 0 0 0 0 0 0 0 0 0 0 0 0 0 0 0 0 0 0 0 0 0 0 0 0 0 0 0 0 0 0 0 0 0 0 0 0 0 0 0 0 0 0 0 0 0 0 0 0 0 0 0 0 0 0 0 0 0 0 0 0 0 0 0 0 0 0 0 0 0 0 0 0 0 0 0 0 0 0 0 0 0 0 0 0 0 0 0 0 0 0 0 0 0 0 
Picked Items (item,city) = (1 , 2) (3 , 4) 

Travel Time: 2742.3352496308853006; Profit: 17812; TSP Distance : 2587.9299300000006951; Weight: 5950 / 25437; 0000000
TSP Tour = 1 2 242 243 241 240 239 238 237 236 235 234 233 232 231 246 245 244 247 250 251 230 229 228 227 226 225 224 223 222 221 220 219 218 217 216 215 214 213 212 211 210 207 206 205 204 203 202 201 198 197 196 195 194 193 192 191 190 189 188 187 186 185 184 183 182 181 176 180 179 150 178 177 151 152 156 153 155 154 129 128 127 126 30 125 124 123 122 121 120 119 157 158 159 160 175 161 162 163 164 165 166 167 168 169 170 172 171 173 174 107 106 105 104 103 102 101 100 99 98 97 96 95 94 93 92 91 90 89 109 108 110 111 114 113 112 88 87 84 83 82 81 80 79 78 77 75 76 74 73 72 71 70 67 69 68 58 57 56 55 54 53 52 51 50 49 48 47 46 45 44 59 63 64 65 66 85 86 116 115 117 118 62 61 60 43 42 41 40 39 38 37 36 35 34 33 32 31 29 28 27 26 22 25 23 24 14 15 13 12 11 10 9 8 7 6 5 4 277 276 275 274 273 272 271 16 17 18 19 20 21 130 131 132 133 134 270 269 135 136 268 267 137 138 139 149 148 147 146 145 199 200 144 143 142 141 140 266 265 264 263 262 261 260 259 258 257 254 253 208 209 252 255 256 249 248 278 279 3 280 1
Knapsack Array = 1 0 1 0 0 0 1 1 0 1 0 1 0 0 1 0 1 1 0 0 1 0 1 0 0 0 1 0 1 1 0 0 1 0 0 1 0 0 0 0 1 0 0 0 0 0 0 0 0 0 0 0 0 0 0 0 0 0 0 0 0 0 0 0 0 0 0 0 0 0 0 0 0 0 0 0 0 0 0 0 0 0 0 0 0 0 0 0 0 0 0 0 0 0 0 0 0 0 0 0 0 0 0 0 0 0 0 0 0 0 0 0 0 0 0 0 0 0 0 0 0 0 0 0 0 0 0 0 0 0 0 0 0 0 0 0 0 0 0 0 0 0 0 0 0 0 0 0 0 0 0 0 0 0 0 0 0 0 0 0 0 0 0 0 0 0 0 0 0 0 0 0 0 0 0 0 0 0 0 0 0 0 0 0 0 0 0 0 0 0 0 0 0 0 0 0 0 0 0 0 0 0 0 0 0 0 0 0 0 0 0 0 0 0 0 0 0 0 0 0 0 0 0 0 0 0 0 0 0 0 0 0 0 0 0 0 0 0 0 0 0 0 0 0 0 1 0 0 0 1 0 1 0 0 1 0 1 0 0 0 1 1 0 0 0 0 0 0 0 0 1 0 1 0 1 1 1 0 0 
Picked Items (item,city) = (1 , 2) (3 , 4) (7 , 8) (8 , 9) (10 , 11) (12 , 13) (15 , 16) (17 , 18) (18 , 19) (21 , 22) (23 , 24) (27 , 28) (29 , 30) (30 , 31) (33 , 34) (36 , 37) (41 , 42) (246 , 247) (250 , 251) (252 , 253) (255 , 256) (257 , 258) (261 , 262) (262 , 263) (271 , 272) (273 , 274) (275 , 276) (276 , 277) (277 , 278) 

Travel Time: 3102.310239500426178; Profit: 31391; TSP Distance : 2587.9299300000006951; Weight: 10822 / 25437; 0000000
TSP Tour = 1 2 242 243 241 240 239 238 237 236 235 234 233 232 231 246 245 244 247 250 251 230 229 228 227 226 225 224 223 222 221 220 219 218 217 216 215 214 213 212 211 210 207 206 205 204 203 202 201 198 197 196 195 194 193 192 191 190 189 188 187 186 185 184 183 182 181 176 180 179 150 178 177 151 152 156 153 155 154 129 128 127 126 30 125 124 123 122 121 120 119 157 158 159 160 175 161 162 163 164 165 166 167 168 169 170 172 171 173 174 107 106 105 104 103 102 101 100 99 98 97 96 95 94 93 92 91 90 89 109 108 110 111 114 113 112 88 87 84 83 82 81 80 79 78 77 75 76 74 73 72 71 70 67 69 68 58 57 56 55 54 53 52 51 50 49 48 47 46 45 44 59 63 64 65 66 85 86 116 115 117 118 62 61 60 43 42 41 40 39 38 37 36 35 34 33 32 31 29 28 27 26 22 25 23 24 14 15 13 12 11 10 9 8 7 6 5 4 277 276 275 274 273 272 271 16 17 18 19 20 21 130 131 132 133 134 270 269 135 136 268 267 137 138 139 149 148 147 146 145 199 200 144 143 142 141 140 266 265 264 263 262 261 260 259 258 257 254 253 208 209 252 255 256 249 248 278 279 3 280 1
Knapsack Array = 1 0 1 0 0 0 1 1 0 1 0 1 0 0 1 0 1 1 0 0 1 0 1 0 0 0 1 0 1 1 0 0 1 0 0 1 0 0 0 0 1 0 0 0 0 0 0 0 0 0 0 0 0 0 0 0 0 0 0 0 0 0 0 0 0 0 0 0 0 0 0 0 0 0 0 0 0 0 0 0 0 0 0 0 0 0 0 0 0 0 0 0 0 0 0 0 0 0 0 0 0 0 0 0 0 0 0 0 0 0 0 0 0 0 0 0 0 0 0 0 0 0 0 0 0 0 0 0 0 0 0 0 0 0 0 0 0 0 0 0 0 0 0 0 0 0 1 0 0 0 0 1 0 0 0 0 0 0 0 1 1 0 0 1 0 1 1 1 0 0 1 0 0 0 0 0 0 0 0 0 1 1 0 0 0 0 0 0 0 0 0 0 0 0 0 0 0 1 1 0 0 0 0 0 1 1 0 1 1 1 0 0 0 0 0 0 0 1 1 0 0 0 0 1 0 0 1 0 0 0 0 1 0 0 0 0 0 0 0 0 0 0 0 0 0 1 0 0 0 1 0 1 0 0 1 0 1 0 0 0 1 1 0 0 0 0 0 0 0 0 1 0 1 0 1 1 1 0 0 
Picked Items (item,city) = (1 , 2) (3 , 4) (7 , 8) (8 , 9) (10 , 11) (12 , 13) (15 , 16) (17 , 18) (18 , 19) (21 , 22) (23 , 24) (27 , 28) (29 , 30) (30 , 31) (33 , 34) (36 , 37) (41 , 42) (147 , 148) (152 , 153) (160 , 161) (161 , 162) (164 , 165) (166 , 167) (167 , 168) (168 , 169) (171 , 172) (181 , 182) (182 , 183) (198 , 199) (199 , 200) (205 , 206) (206 , 207) (208 , 209) (209 , 210) (210 , 211) (218 , 219) (219 , 220) (224 , 225) (227 , 228) (232 , 233) (246 , 247) (250 , 251) (252 , 253) (255 , 256) (257 , 258) (261 , 262) (262 , 263) (271 , 272) (273 , 274) (275 , 276) (276 , 277) (277 , 278) 

Travel Time: 2615.6850964155210022; Profit: 6551; TSP Distance : 2587.9299300000006951; Weight: 1826 / 25437; 0000000
TSP Tour = 1 2 242 243 241 240 239 238 237 236 235 234 233 232 231 246 245 244 247 250 251 230 229 228 227 226 225 224 223 222 221 220 219 218 217 216 215 214 213 212 211 210 207 206 205 204 203 202 201 198 197 196 195 194 193 192 191 190 189 188 187 186 185 184 183 182 181 176 180 179 150 178 177 151 152 156 153 155 154 129 128 127 126 30 125 124 123 122 121 120 119 157 158 159 160 175 161 162 163 164 165 166 167 168 169 170 172 171 173 174 107 106 105 104 103 102 101 100 99 98 97 96 95 94 93 92 91 90 89 109 108 110 111 114 113 112 88 87 84 83 82 81 80 79 78 77 75 76 74 73 72 71 70 67 69 68 58 57 56 55 54 53 52 51 50 49 48 47 46 45 44 59 63 64 65 66 85 86 116 115 117 118 62 61 60 43 42 41 40 39 38 37 36 35 34 33 32 31 29 28 27 26 22 25 23 24 14 15 13 12 11 10 9 8 7 6 5 4 277 276 275 274 273 272 271 16 17 18 19 20 21 130 131 132 133 134 270 269 135 136 268 267 137 138 139 149 148 147 146 145 199 200 144 143 142 141 140 266 265 264 263 262 261 260 259 258 257 254 253 208 209 252 255 256 249 248 278 279 3 280 1
Knapsack Array = 0 0 0 0 0 0 0 0 0 0 0 0 0 0 0 0 0 0 0 0 0 0 0 0 0 0 0 0 0 0 0 0 0 0 0 0 0 0 0 0 0 0 0 0 0 0 0 0 0 0 0 0 0 0 0 0 0 0 0 0 0 0 0 0 0 0 0 0 0 0 0 0 0 0 0 0 0 0 0 0 0 0 0 0 0 0 0 0 0 0 0 0 0 0 0 0 0 0 0 0 0 0 0 0 0 0 0 0 0 0 0 0 0 0 0 0 0 0 0 0 0 0 0 0 0 0 0 0 0 0 0 0 0 0 0 0 0 0 0 0 0 0 0 0 0 0 0 0 0 0 0 0 0 0 0 0 0 0 0 0 0 0 0 0 0 0 0 0 0 0 0 0 0 0 0 0 0 0 0 0 0 0 0 0 0 0 0 0 0 0 0 0 0 0 0 0 0 0 0 0 0 0 0 0 0 0 0 0 0 0 0 0 0 0 0 0 0 0 0 0 0 0 0 0 0 0 0 0 0 0 0 0 0 0 0 0 0 0 0 0 0 0 0 0 0 1 0 0 0 1 0 1 0 0 1 0 1 0 0 0 1 1 0 0 0 0 0 0 0 0 1 0 1 0 1 1 1 0 0 
Picked Items (item,city) = (246 , 247) (250 , 251) (252 , 253) (255 , 256) (257 , 258) (261 , 262) (262 , 263) (271 , 272) (273 , 274) (275 , 276) (276 , 277) (277 , 278) 

Travel Time: 2765.9311609993051206; Profit: 19456; TSP Distance : 2587.9299300000011499; Weight: 6433 / 25437; 0000000
TSP Tour = 1 280 3 279 278 248 249 256 255 252 209 208 253 254 257 258 259 260 261 262 263 264 265 266 140 141 142 143 144 200 199 145 146 147 148 149 139 138 137 267 268 136 135 269 270 134 133 132 131 130 21 20 19 18 17 16 271 272 273 274 275 276 277 4 5 6 7 8 9 10 11 12 13 15 14 24 23 25 22 26 27 28 29 31 32 33 34 35 36 37 38 39 40 41 42 43 60 61 62 118 117 115 116 86 85 66 65 64 63 59 44 45 46 47 48 49 50 51 52 53 54 55 56 57 58 68 69 67 70 71 72 73 74 76 75 77 78 79 80 81 82 83 84 87 88 112 113 114 111 110 108 109 89 90 91 92 93 94 95 96 97 98 99 100 101 102 103 104 105 106 107 174 173 171 172 170 169 168 167 166 165 164 163 162 161 175 160 159 158 157 119 120 121 122 123 124 125 30 126 127 128 129 154 155 153 156 152 151 177 178 150 179 180 176 181 182 183 184 185 186 187 188 189 190 191 192 193 194 195 196 197 198 201 202 203 204 205 206 207 210 211 212 213 214 215 216 217 218 219 220 221 222 223 224 225 226 227 228 229 230 251 250 247 244 245 246 231 232 233 234 235 236 237 238 239 240 241 243 242 2 1
Knapsack Array = 0 0 0 0 0 0 0 0 0 0 0 0 0 0 0 0 0 0 0 0 0 0 0 0 0 0 0 0 0 0 0 0 0 0 0 0 0 0 0 0 0 0 0 0 0 0 0 0 0 0 0 0 0 0 0 0 0 0 0 0 0 0 0 0 0 0 0 0 0 0 0 0 0 0 1 0 1 0 0 0 0 0 0 0 0 0 1 1 0 0 0 0 0 0 0 0 0 0 0 0 0 1 0 0 0 0 0 0 0 1 0 0 0 1 0 0 1 0 0 0 0 0 0 0 1 1 0 0 0 0 0 0 0 0 0 0 0 0 0 0 0 0 0 0 0 0 0 0 0 0 0 1 1 0 0 0 0 1 0 1 1 0 0 1 0 1 0 0 0 0 1 0 1 0 0 0 0 0 0 1 1 0 0 0 0 0 0 0 0 0 0 0 0 0 0 0 0 0 0 0 0 0 0 0 1 1 0 1 1 1 0 0 0 1 0 1 0 1 1 1 0 0 1 1 0 0 0 0 0 0 0 0 0 0 0 0 0 0 0 0 0 0 0 0 0 0 0 0 0 0 0 0 0 0 0 0 0 0 0 0 0 0 0 0 0 0 0 0 0 0 0 0 0 0 0 0 0 0 0 
Picked Items (item,city) = (75 , 76) (77 , 78) (87 , 88) (88 , 89) (102 , 103) (110 , 111) (114 , 115) (117 , 118) (125 , 126) (126 , 127) (152 , 153) (153 , 154) (158 , 159) (160 , 161) (161 , 162) (164 , 165) (166 , 167) (171 , 172) (173 , 174) (180 , 181) (181 , 182) (205 , 206) (206 , 207) (208 , 209) (209 , 210) (210 , 211) (214 , 215) (216 , 217) (218 , 219) (219 , 220) (220 , 221) (223 , 224) (224 , 225) 

Travel Time: 2669.799039854466173; Profit: 9083; TSP Distance : 2587.9299300000006951; Weight: 3189 / 25437; 0000000
TSP Tour = 1 2 242 243 241 240 239 238 237 236 235 234 233 232 231 246 245 244 247 250 251 230 229 228 227 226 225 224 223 222 221 220 219 218 217 216 215 214 213 212 211 210 207 206 205 204 203 202 201 198 197 196 195 194 193 192 191 190 189 188 187 186 185 184 183 182 181 176 180 179 150 178 177 151 152 156 153 155 154 129 128 127 126 30 125 124 123 122 121 120 119 157 158 159 160 175 161 162 163 164 165 166 167 168 169 170 172 171 173 174 107 106 105 104 103 102 101 100 99 98 97 96 95 94 93 92 91 90 89 109 108 110 111 114 113 112 88 87 84 83 82 81 80 79 78 77 75 76 74 73 72 71 70 67 69 68 58 57 56 55 54 53 52 51 50 49 48 47 46 45 44 59 63 64 65 66 85 86 116 115 117 118 62 61 60 43 42 41 40 39 38 37 36 35 34 33 32 31 29 28 27 26 22 25 23 24 14 15 13 12 11 10 9 8 7 6 5 4 277 276 275 274 273 272 271 16 17 18 19 20 21 130 131 132 133 134 270 269 135 136 268 267 137 138 139 149 148 147 146 145 199 200 144 143 142 141 140 266 265 264 263 262 261 260 259 258 257 254 253 208 209 252 255 256 249 248 278 279 3 280 1
Knapsack Array = 1 0 1 0 0 0 1 1 0 1 0 1 0 0 1 0 1 1 0 0 1 0 1 0 0 0 1 0 0 0 0 0 0 0 0 0 0 0 0 0 0 0 0 0 0 0 0 0 0 0 0 0 0 0 0 0 0 0 0 0 0 0 0 0 0 0 0 0 0 0 0 0 0 0 0 0 0 0 0 0 0 0 0 0 0 0 0 0 0 0 0 0 0 0 0 0 0 0 0 0 0 0 0 0 0 0 0 0 0 0 0 0 0 0 0 0 1 0 0 0 0 0 0 0 0 0 0 0 0 0 0 0 0 0 0 0 0 0 0 0 0 0 0 0 0 0 0 0 0 0 0 0 0 0 0 0 0 0 0 0 0 0 0 0 0 0 0 0 0 0 0 0 0 0 0 0 0 0 0 0 0 0 0 0 0 0 0 0 0 0 0 0 0 0 0 0 0 0 0 0 0 0 0 0 0 0 0 0 0 0 0 0 0 0 0 0 0 0 0 0 0 0 0 0 0 0 0 0 0 0 0 0 0 0 0 0 0 0 0 0 0 0 0 0 0 0 0 0 0 0 0 0 0 0 0 0 0 0 0 0 0 0 0 0 0 0 0 0 0 0 0 0 0 0 0 0 0 0 0 
Picked Items (item,city) = (1 , 2) (3 , 4) (7 , 8) (8 , 9) (10 , 11) (12 , 13) (15 , 16) (17 , 18) (18 , 19) (21 , 22) (23 , 24) (27 , 28) (117 , 118) 

Travel Time: 2664.8489775009738878; Profit: 8096; TSP Distance : 2587.9299300000006951; Weight: 3061 / 25437; 0000000
TSP Tour = 1 2 242 243 241 240 239 238 237 236 235 234 233 232 231 246 245 244 247 250 251 230 229 228 227 226 225 224 223 222 221 220 219 218 217 216 215 214 213 212 211 210 207 206 205 204 203 202 201 198 197 196 195 194 193 192 191 190 189 188 187 186 185 184 183 182 181 176 180 179 150 178 177 151 152 156 153 155 154 129 128 127 126 30 125 124 123 122 121 120 119 157 158 159 160 175 161 162 163 164 165 166 167 168 169 170 172 171 173 174 107 106 105 104 103 102 101 100 99 98 97 96 95 94 93 92 91 90 89 109 108 110 111 114 113 112 88 87 84 83 82 81 80 79 78 77 75 76 74 73 72 71 70 67 69 68 58 57 56 55 54 53 52 51 50 49 48 47 46 45 44 59 63 64 65 66 85 86 116 115 117 118 62 61 60 43 42 41 40 39 38 37 36 35 34 33 32 31 29 28 27 26 22 25 23 24 14 15 13 12 11 10 9 8 7 6 5 4 277 276 275 274 273 272 271 16 17 18 19 20 21 130 131 132 133 134 270 269 135 136 268 267 137 138 139 149 148 147 146 145 199 200 144 143 142 141 140 266 265 264 263 262 261 260 259 258 257 254 253 208 209 252 255 256 249 248 278 279 3 280 1
Knapsack Array = 1 0 1 0 0 0 1 1 0 1 0 1 0 0 1 0 1 1 0 0 1 0 1 0 0 0 1 0 0 0 0 0 0 0 0 0 0 0 0 0 0 0 0 0 0 0 0 0 0 0 0 0 0 0 0 0 0 0 0 0 0 0 0 0 0 0 0 0 0 0 0 0 0 0 0 0 0 0 0 0 0 0 0 0 0 0 0 0 0 0 0 0 0 0 0 0 0 0 0 0 0 0 0 0 0 0 0 0 0 0 0 0 0 0 0 0 0 0 0 0 0 0 0 0 0 0 0 0 0 0 0 0 0 0 0 0 0 0 0 0 0 0 0 0 0 0 0 0 0 0 0 0 0 0 0 0 0 0 0 0 0 0 0 0 0 0 0 0 0 0 0 0 0 0 0 0 0 0 0 0 0 0 0 0 0 0 0 0 0 0 0 0 0 0 0 0 0 0 0 0 0 0 0 0 0 0 0 0 0 0 0 0 0 0 0 0 0 0 0 0 0 0 0 0 0 0 0 0 0 0 0 0 0 0 0 0 0 0 0 0 0 0 0 0 0 0 0 0 0 0 0 0 0 0 0 0 0 0 0 0 0 0 0 0 0 0 0 0 0 0 0 0 0 0 0 0 0 0 0 
Picked Items (item,city) = (1 , 2) (3 , 4) (7 , 8) (8 , 9) (10 , 11) (12 , 13) (15 , 16) (17 , 18) (18 , 19) (21 , 22) (23 , 24) (27 , 28) 

Travel Time: 3282.1229166307371088; Profit: 33883; TSP Distance : 2790.9983600000005026; Weight: 13226 / 25437; 0000000
TSP Tour = 1 2 280 3 279 278 277 276 275 274 273 272 271 270 269 268 267 266 265 264 263 262 261 260 259 258 257 256 255 254 253 252 251 250 249 248 247 246 245 244 243 242 241 240 239 238 237 236 235 234 233 232 231 230 229 228 227 226 225 224 223 222 221 220 219 218 217 216 215 214 213 212 211 210 209 208 207 206 205 204 203 202 201 200 199 198 197 196 195 194 193 192 191 190 189 188 187 186 185 184 183 182 181 180 179 178 177 176 175 161 162 163 164 165 166 167 168 169 170 171 172 173 174 160 159 158 157 155 154 153 156 152 151 150 149 148 147 146 145 144 143 142 141 140 139 138 137 136 135 134 133 132 131 130 129 128 127 126 125 124 123 122 121 120 119 118 117 116 115 114 113 112 111 110 109 108 107 106 105 104 103 102 101 100 99 98 97 96 95 94 93 92 91 90 89 88 87 86 85 84 83 82 81 80 79 78 77 76 75 74 73 72 71 70 69 68 67 66 65 64 63 62 61 60 59 58 57 56 55 54 53 52 51 50 49 48 47 46 45 44 43 42 41 40 39 38 37 36 35 34 33 32 31 30 29 28 27 26 22 25 23 24 21 20 19 18 17 16 15 14 13 12 11 10 9 8 7 6 5 4 1
Knapsack Array = 1 0 1 0 0 0 1 1 0 1 0 1 0 0 1 0 1 1 0 0 1 0 1 0 0 0 1 0 1 1 0 0 1 0 0 1 0 0 0 0 1 1 0 0 1 0 0 1 0 0 1 0 1 1 0 0 0 0 1 0 0 0 1 0 1 0 0 0 0 0 1 0 1 1 1 0 1 0 0 0 0 0 1 0 0 0 1 1 0 0 0 0 0 0 0 0 1 0 0 1 0 1 0 1 0 1 0 1 0 1 0 0 1 1 0 0 1 0 0 1 0 0 0 1 1 1 0 0 1 0 0 0 0 0 0 0 0 0 0 0 0 0 0 0 0 0 0 0 0 0 0 0 0 0 0 0 0 1 0 1 1 0 0 1 0 1 0 0 0 0 0 0 0 0 0 0 0 0 0 0 0 0 0 0 0 0 0 0 0 0 0 0 0 0 0 0 0 0 0 0 0 0 0 0 0 0 0 0 0 0 0 0 0 0 0 0 0 0 0 0 0 0 0 0 0 0 0 0 0 0 0 0 0 0 0 0 0 0 0 0 0 0 0 0 0 0 0 0 0 1 0 0 0 0 0 0 0 0 0 0 0 0 0 0 0 0 0 0 0 0 0 0 0 0 0 0 0 0 0 
Picked Items (item,city) = (1 , 2) (3 , 4) (7 , 8) (8 , 9) (10 , 11) (12 , 13) (15 , 16) (17 , 18) (18 , 19) (21 , 22) (23 , 24) (27 , 28) (29 , 30) (30 , 31) (33 , 34) (36 , 37) (41 , 42) (42 , 43) (45 , 46) (48 , 49) (51 , 52) (53 , 54) (54 , 55) (59 , 60) (63 , 64) (65 , 66) (71 , 72) (73 , 74) (74 , 75) (75 , 76) (77 , 78) (83 , 84) (87 , 88) (88 , 89) (97 , 98) (100 , 101) (102 , 103) (104 , 105) (106 , 107) (108 , 109) (110 , 111) (113 , 114) (114 , 115) (117 , 118) (120 , 121) (124 , 125) (125 , 126) (126 , 127) (129 , 130) (158 , 159) (160 , 161) (161 , 162) (164 , 165) (166 , 167) (250 , 251) 

Travel Time: 3906.2211268552127876; Profit: 47647; TSP Distance : 2790.9983600000005026; Weight: 17218 / 25437; 0000000
TSP Tour = 1 2 280 3 279 278 277 276 275 274 273 272 271 270 269 268 267 266 265 264 263 262 261 260 259 258 257 256 255 254 253 252 251 250 249 248 247 246 245 244 243 242 241 240 239 238 237 236 235 234 233 232 231 230 229 228 227 226 225 224 223 222 221 220 219 218 217 216 215 214 213 212 211 210 209 208 207 206 205 204 203 202 201 200 199 198 197 196 195 194 193 192 191 190 189 188 187 186 185 184 183 182 181 180 179 178 177 176 175 161 162 163 164 165 166 167 168 169 170 171 172 173 174 160 159 158 157 155 154 153 156 152 151 150 149 148 147 146 145 144 143 142 141 140 139 138 137 136 135 134 133 132 131 130 129 128 127 126 125 124 123 122 121 120 119 118 117 116 115 114 113 112 111 110 109 108 107 106 105 104 103 102 101 100 99 98 97 96 95 94 93 92 91 90 89 88 87 86 85 84 83 82 81 80 79 78 77 76 75 74 73 72 71 70 69 68 67 66 65 64 63 62 61 60 59 58 57 56 55 54 53 52 51 50 49 48 47 46 45 44 43 42 41 40 39 38 37 36 35 34 33 32 31 30 29 28 27 26 22 25 23 24 21 20 19 18 17 16 15 14 13 12 11 10 9 8 7 6 5 4 1
Knapsack Array = 1 0 1 0 0 0 1 1 0 1 0 1 0 0 1 0 1 1 0 0 1 0 1 0 0 0 1 0 1 1 0 0 1 0 0 1 0 0 0 0 1 1 0 0 1 0 0 1 0 0 1 0 1 1 0 0 0 0 1 0 0 0 1 0 1 0 0 0 0 0 1 0 1 1 1 0 1 0 0 0 0 0 1 0 0 0 1 1 0 0 0 0 0 0 0 0 1 0 0 1 0 1 0 1 0 1 0 1 0 1 0 0 1 1 0 0 1 0 0 1 0 0 0 1 1 1 0 0 1 0 0 0 0 0 0 0 0 0 0 0 0 0 0 0 0 0 0 0 0 0 0 0 0 0 0 0 0 1 0 1 1 0 0 1 0 1 0 0 0 0 0 0 0 0 0 0 0 0 0 0 0 0 0 0 0 0 0 0 0 0 0 0 0 0 0 0 0 1 1 0 0 0 0 0 1 1 0 1 1 1 0 0 0 0 0 0 0 1 1 0 0 0 0 1 0 0 1 0 0 0 0 1 0 0 0 0 0 0 0 0 0 0 0 0 0 0 0 0 0 1 0 1 0 0 1 0 1 0 0 0 1 1 0 0 0 0 0 0 0 0 1 0 1 0 1 1 1 0 1 
Picked Items (item,city) = (1 , 2) (3 , 4) (7 , 8) (8 , 9) (10 , 11) (12 , 13) (15 , 16) (17 , 18) (18 , 19) (21 , 22) (23 , 24) (27 , 28) (29 , 30) (30 , 31) (33 , 34) (36 , 37) (41 , 42) (42 , 43) (45 , 46) (48 , 49) (51 , 52) (53 , 54) (54 , 55) (59 , 60) (63 , 64) (65 , 66) (71 , 72) (73 , 74) (74 , 75) (75 , 76) (77 , 78) (83 , 84) (87 , 88) (88 , 89) (97 , 98) (100 , 101) (102 , 103) (104 , 105) (106 , 107) (108 , 109) (110 , 111) (113 , 114) (114 , 115) (117 , 118) (120 , 121) (124 , 125) (125 , 126) (126 , 127) (129 , 130) (158 , 159) (160 , 161) (161 , 162) (164 , 165) (166 , 167) (198 , 199) (199 , 200) (205 , 206) (206 , 207) (208 , 209) (209 , 210) (210 , 211) (218 , 219) (219 , 220) (224 , 225) (227 , 228) (232 , 233) (250 , 251) (252 , 253) (255 , 256) (257 , 258) (261 , 262) (262 , 263) (271 , 272) (273 , 274) (275 , 276) (276 , 277) (277 , 278) (279 , 280) 

Travel Time: 3479.9349914319809614; Profit: 40543; TSP Distance : 2587.9299300000006951; Weight: 14648 / 25437; 0000000
TSP Tour = 1 2 242 243 241 240 239 238 237 236 235 234 233 232 231 246 245 244 247 250 251 230 229 228 227 226 225 224 223 222 221 220 219 218 217 216 215 214 213 212 211 210 207 206 205 204 203 202 201 198 197 196 195 194 193 192 191 190 189 188 187 186 185 184 183 182 181 176 180 179 150 178 177 151 152 156 153 155 154 129 128 127 126 30 125 124 123 122 121 120 119 157 158 159 160 175 161 162 163 164 165 166 167 168 169 170 172 171 173 174 107 106 105 104 103 102 101 100 99 98 97 96 95 94 93 92 91 90 89 109 108 110 111 114 113 112 88 87 84 83 82 81 80 79 78 77 75 76 74 73 72 71 70 67 69 68 58 57 56 55 54 53 52 51 50 49 48 47 46 45 44 59 63 64 65 66 85 86 116 115 117 118 62 61 60 43 42 41 40 39 38 37 36 35 34 33 32 31 29 28 27 26 22 25 23 24 14 15 13 12 11 10 9 8 7 6 5 4 277 276 275 274 273 272 271 16 17 18 19 20 21 130 131 132 133 134 270 269 135 136 268 267 137 138 139 149 148 147 146 145 199 200 144 143 142 141 140 266 265 264 263 262 261 260 259 258 257 254 253 208 209 252 255 256 249 248 278 279 3 280 1
Knapsack Array = 1 0 1 0 0 0 1 1 0 1 0 1 0 0 1 0 1 1 0 0 1 0 1 0 0 0 1 0 1 1 0 0 1 0 0 1 0 0 0 0 1 1 0 0 1 0 0 1 0 0 1 0 1 1 0 0 0 0 1 0 0 0 1 0 1 0 0 0 0 0 1 0 1 1 1 0 1 0 0 0 0 0 1 0 0 0 1 1 0 0 0 0 0 0 0 0 1 0 0 1 0 1 0 1 0 1 0 1 0 1 0 0 1 1 0 0 1 0 0 1 0 0 0 0 0 0 0 0 0 0 0 0 0 0 0 0 0 0 0 0 0 0 0 0 0 0 0 0 0 0 0 0 0 0 0 0 0 0 0 1 1 0 0 1 0 1 0 1 0 0 0 0 0 0 0 0 0 0 0 0 0 0 0 0 0 0 0 0 0 0 0 0 0 0 0 0 0 0 0 0 0 0 0 0 0 0 0 0 0 0 0 0 0 0 0 0 0 0 0 0 0 0 0 1 0 0 1 0 0 0 0 1 0 0 0 0 0 0 0 0 1 0 0 0 0 1 0 0 0 1 0 1 0 0 1 0 1 0 0 0 1 1 0 0 0 0 0 0 0 0 1 0 1 0 1 1 1 0 1 
Picked Items (item,city) = (1 , 2) (3 , 4) (7 , 8) (8 , 9) (10 , 11) (12 , 13) (15 , 16) (17 , 18) (18 , 19) (21 , 22) (23 , 24) (27 , 28) (29 , 30) (30 , 31) (33 , 34) (36 , 37) (41 , 42) (42 , 43) (45 , 46) (48 , 49) (51 , 52) (53 , 54) (54 , 55) (59 , 60) (63 , 64) (65 , 66) (71 , 72) (73 , 74) (74 , 75) (75 , 76) (77 , 78) (83 , 84) (87 , 88) (88 , 89) (97 , 98) (100 , 101) (102 , 103) (104 , 105) (106 , 107) (108 , 109) (110 , 111) (113 , 114) (114 , 115) (117 , 118) (120 , 121) (160 , 161) (161 , 162) (164 , 165) (166 , 167) (168 , 169) (224 , 225) (227 , 228) (232 , 233) (241 , 242) (246 , 247) (250 , 251) (252 , 253) (255 , 256) (257 , 258) (261 , 262) (262 , 263) (271 , 272) (273 , 274) (275 , 276) (276 , 277) (277 , 278) (279 , 280) 

Travel Time: 2971.1821318704478472; Profit: 27934; TSP Distance : 2587.9299300000006951; Weight: 11178 / 25437; 0000000
TSP Tour = 1 2 242 243 241 240 239 238 237 236 235 234 233 232 231 246 245 244 247 250 251 230 229 228 227 226 225 224 223 222 221 220 219 218 217 216 215 214 213 212 211 210 207 206 205 204 203 202 201 198 197 196 195 194 193 192 191 190 189 188 187 186 185 184 183 182 181 176 180 179 150 178 177 151 152 156 153 155 154 129 128 127 126 30 125 124 123 122 121 120 119 157 158 159 160 175 161 162 163 164 165 166 167 168 169 170 172 171 173 174 107 106 105 104 103 102 101 100 99 98 97 96 95 94 93 92 91 90 89 109 108 110 111 114 113 112 88 87 84 83 82 81 80 79 78 77 75 76 74 73 72 71 70 67 69 68 58 57 56 55 54 53 52 51 50 49 48 47 46 45 44 59 63 64 65 66 85 86 116 115 117 118 62 61 60 43 42 41 40 39 38 37 36 35 34 33 32 31 29 28 27 26 22 25 23 24 14 15 13 12 11 10 9 8 7 6 5 4 277 276 275 274 273 272 271 16 17 18 19 20 21 130 131 132 133 134 270 269 135 136 268 267 137 138 139 149 148 147 146 145 199 200 144 143 142 141 140 266 265 264 263 262 261 260 259 258 257 254 253 208 209 252 255 256 249 248 278 279 3 280 1
Knapsack Array = 1 0 1 0 0 0 1 1 0 1 0 1 0 0 1 0 1 1 0 0 1 0 1 0 0 0 1 0 1 1 0 0 1 0 0 1 0 0 0 0 1 1 0 0 1 0 0 1 0 0 1 0 1 1 0 0 0 0 1 0 0 0 1 0 1 0 0 0 0 0 0 0 0 0 0 0 0 0 0 0 0 0 0 0 0 0 0 0 0 0 0 0 0 0 0 0 0 0 0 0 0 0 0 0 0 0 0 0 0 0 0 0 0 0 0 0 0 0 0 0 0 0 0 0 0 0 0 0 1 0 0 1 0 0 1 1 0 1 0 1 1 1 0 0 1 0 0 0 0 0 0 1 1 0 0 0 0 0 0 0 0 0 0 0 0 0 0 0 0 0 0 0 0 0 0 0 0 0 0 0 0 0 0 0 0 0 0 0 0 0 0 0 0 0 0 0 0 0 0 0 0 0 0 0 0 0 0 0 0 0 0 0 0 0 0 0 0 0 0 0 0 0 0 0 0 0 0 0 0 0 0 0 0 0 0 0 0 0 0 0 0 0 0 0 0 0 0 0 0 1 0 0 0 0 1 0 0 0 0 0 1 1 0 0 0 0 0 0 0 0 0 0 1 0 0 1 0 0 0 
Picked Items (item,city) = (1 , 2) (3 , 4) (7 , 8) (8 , 9) (10 , 11) (12 , 13) (15 , 16) (17 , 18) (18 , 19) (21 , 22) (23 , 24) (27 , 28) (29 , 30) (30 , 31) (33 , 34) (36 , 37) (41 , 42) (42 , 43) (45 , 46) (48 , 49) (51 , 52) (53 , 54) (54 , 55) (59 , 60) (63 , 64) (65 , 66) (129 , 130) (132 , 133) (135 , 136) (136 , 137) (138 , 139) (140 , 141) (141 , 142) (142 , 143) (145 , 146) (152 , 153) (153 , 154) (250 , 251) (255 , 256) (261 , 262) (262 , 263) (273 , 274) (276 , 277) 

Travel Time: 2947.2864528367249477; Profit: 26177; TSP Distance : 2761.1714300000003277; Weight: 8600 / 25437; 0000000
TSP Tour = 1 2 280 3 279 278 277 276 275 274 273 272 271 270 269 268 267 266 265 264 263 262 261 260 259 258 257 256 255 254 253 252 251 250 249 248 247 246 245 244 243 242 241 240 239 238 237 236 235 234 233 232 231 230 229 228 227 226 225 224 223 222 221 220 219 218 217 216 215 214 213 212 211 210 209 208 207 206 205 204 203 202 201 200 199 198 197 196 195 194 193 192 191 190 189 188 187 186 185 184 183 182 181 180 179 150 149 148 147 146 145 144 143 142 141 140 139 138 137 136 135 134 133 132 131 130 129 128 127 126 125 124 123 122 121 154 155 153 156 152 151 178 177 176 175 161 162 163 164 165 166 167 168 169 170 171 172 173 174 160 159 158 157 119 120 118 117 116 115 114 113 112 111 110 109 108 107 106 105 104 103 102 101 100 99 98 97 96 95 94 93 92 91 90 89 88 87 86 85 84 83 82 81 80 79 78 77 76 75 74 73 72 71 70 69 68 67 66 65 64 63 62 61 60 59 58 57 56 55 54 53 52 51 50 49 48 47 46 45 44 43 42 41 40 39 38 37 36 35 34 33 32 31 30 29 28 27 26 22 25 23 24 21 20 19 18 17 16 15 14 13 12 11 10 9 8 7 6 5 4 1
Knapsack Array = 1 0 1 0 0 0 1 1 0 1 0 1 0 0 1 0 1 1 0 0 1 0 1 0 0 0 1 0 1 1 0 0 1 0 0 1 0 0 0 0 1 1 0 0 1 0 0 1 0 0 1 0 1 1 0 0 0 0 1 0 0 0 1 0 1 0 0 0 0 0 1 0 1 1 1 0 1 0 0 0 0 0 0 0 0 0 0 0 0 0 0 0 0 0 0 0 0 0 0 0 0 0 0 0 0 0 0 0 0 0 0 0 0 0 0 0 0 0 0 0 0 0 0 0 0 0 0 0 0 0 0 0 0 0 0 0 0 0 0 0 0 0 0 0 0 0 0 0 0 0 0 1 0 0 0 0 0 0 0 1 1 0 0 0 0 0 0 0 0 0 1 0 1 0 0 1 0 0 0 0 1 0 0 0 0 0 0 0 0 0 0 1 0 0 0 0 0 0 1 0 0 0 0 0 0 0 0 0 0 0 0 0 0 0 0 0 0 0 0 0 0 0 0 0 0 0 0 0 0 0 0 0 0 0 0 0 0 0 0 0 0 0 0 0 0 0 0 0 0 0 0 0 0 0 0 0 0 0 0 0 0 0 0 0 0 0 0 0 0 0 0 0 0 0 0 0 0 0 0 
Picked Items (item,city) = (1 , 2) (3 , 4) (7 , 8) (8 , 9) (10 , 11) (12 , 13) (15 , 16) (17 , 18) (18 , 19) (21 , 22) (23 , 24) (27 , 28) (29 , 30) (30 , 31) (33 , 34) (36 , 37) (41 , 42) (42 , 43) (45 , 46) (48 , 49) (51 , 52) (53 , 54) (54 , 55) (59 , 60) (63 , 64) (65 , 66) (71 , 72) (73 , 74) (74 , 75) (75 , 76) (77 , 78) (152 , 153) (160 , 161) (161 , 162) (171 , 172) (173 , 174) (176 , 177) (181 , 182) (192 , 193) (199 , 200) 

Travel Time: 4822.8904257976537338; Profit: 57410; TSP Distance : 2810.4149600000005194; Weight: 21099 / 25437; 0000000
TSP Tour = 1 3 279 278 277 276 275 274 273 272 271 270 269 268 267 266 265 264 263 262 261 260 259 258 257 256 255 254 253 252 251 250 249 248 247 246 245 244 243 242 241 240 239 238 237 236 235 234 233 232 231 230 229 228 227 226 225 224 223 222 221 220 219 218 217 216 215 214 213 212 211 210 209 208 207 206 205 204 203 202 201 200 199 198 197 196 195 194 193 192 191 190 189 188 187 186 185 184 183 182 181 180 179 178 177 176 175 174 173 172 171 170 169 168 167 166 165 164 163 162 161 160 159 158 157 156 155 154 153 152 151 150 149 148 147 146 145 144 143 142 141 140 139 138 137 136 135 134 133 132 131 130 129 128 127 126 125 124 123 122 121 120 119 118 117 116 115 114 113 112 111 110 109 108 107 106 105 104 103 102 101 100 99 98 97 96 95 94 93 92 91 90 89 88 87 86 85 84 83 82 81 80 79 78 77 76 75 74 73 72 71 70 69 68 67 66 65 64 63 62 61 60 59 58 57 56 55 54 53 52 51 50 49 48 47 46 45 44 43 42 41 40 39 38 37 36 35 34 33 32 31 30 29 28 27 26 22 23 24 25 21 20 19 18 17 16 15 14 13 12 11 10 9 8 7 6 5 4 280 2 1
Knapsack Array = 1 0 1 0 0 0 1 1 0 1 0 1 0 0 1 0 1 1 0 0 1 0 1 0 0 0 1 0 1 1 0 0 1 0 0 1 0 0 0 0 1 1 0 0 1 0 0 1 0 0 1 0 1 1 0 0 0 0 1 0 0 0 1 0 1 0 0 0 0 0 1 0 1 1 1 0 1 0 0 0 0 0 1 0 0 0 1 1 0 0 0 0 0 0 0 0 1 0 0 1 0 1 0 1 0 1 0 1 0 1 0 0 1 0 0 0 1 0 0 0 0 0 0 0 1 1 0 0 0 0 0 0 0 0 0 1 0 0 0 1 0 0 0 0 0 0 0 0 0 0 0 1 1 0 0 1 0 1 0 1 1 0 0 1 0 1 0 1 0 0 1 1 1 1 0 1 0 0 0 1 1 1 0 0 0 1 0 0 0 0 0 1 1 0 0 0 0 1 0 0 0 0 0 0 1 1 0 1 1 1 0 0 0 0 0 0 0 1 1 0 0 0 0 1 0 0 1 0 0 0 0 1 0 0 0 0 0 0 0 0 1 0 0 0 0 1 0 0 0 1 0 1 0 0 1 0 1 0 0 0 1 1 0 0 0 0 0 0 0 0 1 0 1 0 1 1 1 0 1 
Picked Items (item,city) = (1 , 2) (3 , 4) (7 , 8) (8 , 9) (10 , 11) (12 , 13) (15 , 16) (17 , 18) (18 , 19) (21 , 22) (23 , 24) (27 , 28) (29 , 30) (30 , 31) (33 , 34) (36 , 37) (41 , 42) (42 , 43) (45 , 46) (48 , 49) (51 , 52) (53 , 54) (54 , 55) (59 , 60) (63 , 64) (65 , 66) (71 , 72) (73 , 74) (74 , 75) (75 , 76) (77 , 78) (83 , 84) (87 , 88) (88 , 89) (97 , 98) (100 , 101) (102 , 103) (104 , 105) (106 , 107) (108 , 109) (110 , 111) (113 , 114) (117 , 118) (125 , 126) (126 , 127) (136 , 137) (140 , 141) (152 , 153) (153 , 154) (156 , 157) (158 , 159) (160 , 161) (161 , 162) (164 , 165) (166 , 167) (168 , 169) (171 , 172) (172 , 173) (173 , 174) (174 , 175) (176 , 177) (180 , 181) (181 , 182) (182 , 183) (186 , 187) (192 , 193) (193 , 194) (198 , 199) (205 , 206) (206 , 207) (208 , 209) (209 , 210) (210 , 211) (218 , 219) (219 , 220) (224 , 225) (227 , 228) (232 , 233) (241 , 242) (246 , 247) (250 , 251) (252 , 253) (255 , 256) (257 , 258) (261 , 262) (262 , 263) (271 , 272) (273 , 274) (275 , 276) (276 , 277) (277 , 278) (279 , 280) 

Travel Time: 3532.7163474870817481; Profit: 41964; TSP Distance : 2749.7833300000006602; Weight: 14840 / 25437; 0000000
TSP Tour = 1 2 280 3 279 278 277 276 275 274 273 272 271 270 269 268 267 266 265 264 263 262 261 260 259 258 257 256 255 254 253 252 251 250 249 248 247 246 245 244 243 242 241 240 239 238 237 236 235 234 233 232 231 230 229 228 227 226 225 224 223 222 221 220 219 218 217 216 215 214 213 212 211 210 209 208 207 206 205 204 203 202 201 200 199 198 197 196 195 194 193 192 191 190 189 188 187 186 185 184 183 182 181 180 179 150 149 148 147 146 145 144 143 142 141 140 139 138 137 136 135 134 133 132 131 19 20 21 130 129 128 127 126 125 124 123 122 121 154 155 153 156 152 151 178 177 176 175 161 162 163 164 165 166 167 168 169 170 171 172 173 174 160 159 158 157 119 120 118 117 116 115 114 113 112 111 110 109 108 107 106 105 104 103 102 101 100 99 98 97 96 95 94 93 92 91 90 89 88 87 86 85 84 83 82 81 80 79 78 77 76 75 74 73 72 71 70 69 68 67 66 65 64 63 62 61 60 59 58 57 56 55 54 53 52 51 50 49 48 47 46 45 44 43 42 41 40 39 38 37 36 35 34 33 32 31 30 29 28 27 26 22 25 23 24 18 17 16 15 14 13 12 11 10 9 8 7 6 5 4 1
Knapsack Array = 1 0 1 0 0 0 1 1 0 1 0 1 0 0 1 0 1 1 0 0 1 0 1 0 0 0 1 0 1 1 0 0 1 0 0 1 0 0 0 0 1 1 0 0 1 0 0 1 0 0 1 0 1 1 0 0 0 0 1 0 0 0 1 0 1 0 0 0 0 0 0 0 1 1 1 0 1 0 0 0 0 0 1 0 0 0 1 1 0 0 0 0 0 0 0 0 1 0 0 1 0 1 0 1 0 1 0 1 0 1 0 0 1 1 0 0 1 0 0 1 0 0 0 1 1 1 0 0 0 0 0 0 0 0 0 0 0 0 0 0 0 0 0 0 0 0 0 0 0 0 0 0 0 0 0 0 0 0 0 0 0 0 0 0 0 0 0 0 0 0 0 0 0 0 0 0 0 0 0 0 0 0 0 0 0 0 0 0 0 0 0 1 1 0 0 0 0 1 1 0 0 0 0 0 1 1 0 1 1 1 0 0 0 0 0 0 0 1 1 0 0 0 0 1 0 0 1 0 0 0 0 1 0 0 0 0 0 0 0 0 1 0 0 0 0 1 0 0 0 1 0 1 0 0 1 0 1 0 0 0 1 1 0 0 0 0 0 0 0 0 0 0 0 0 0 0 0 0 0 
Picked Items (item,city) = (1 , 2) (3 , 4) (7 , 8) (8 , 9) (10 , 11) (12 , 13) (15 , 16) (17 , 18) (18 , 19) (21 , 22) (23 , 24) (27 , 28) (29 , 30) (30 , 31) (33 , 34) (36 , 37) (41 , 42) (42 , 43) (45 , 46) (48 , 49) (51 , 52) (53 , 54) (54 , 55) (59 , 60) (63 , 64) (65 , 66) (73 , 74) (74 , 75) (75 , 76) (77 , 78) (83 , 84) (87 , 88) (88 , 89) (97 , 98) (100 , 101) (102 , 103) (104 , 105) (106 , 107) (108 , 109) (110 , 111) (113 , 114) (114 , 115) (117 , 118) (120 , 121) (124 , 125) (125 , 126) (126 , 127) (192 , 193) (193 , 194) (198 , 199) (199 , 200) (205 , 206) (206 , 207) (208 , 209) (209 , 210) (210 , 211) (218 , 219) (219 , 220) (224 , 225) (227 , 228) (232 , 233) (241 , 242) (246 , 247) (250 , 251) (252 , 253) (255 , 256) (257 , 258) (261 , 262) (262 , 263) 

Travel Time: 4316.9125715070995284; Profit: 53046; TSP Distance : 2749.7833300000006602; Weight: 19957 / 25437; 0000000
TSP Tour = 1 2 280 3 279 278 277 276 275 274 273 272 271 270 269 268 267 266 265 264 263 262 261 260 259 258 257 256 255 254 253 252 251 250 249 248 247 246 245 244 243 242 241 240 239 238 237 236 235 234 233 232 231 230 229 228 227 226 225 224 223 222 221 220 219 218 217 216 215 214 213 212 211 210 209 208 207 206 205 204 203 202 201 200 199 198 197 196 195 194 193 192 191 190 189 188 187 186 185 184 183 182 181 180 179 150 149 148 147 146 145 144 143 142 141 140 139 138 137 136 135 134 133 132 131 19 20 21 130 129 128 127 126 125 124 123 122 121 154 155 153 156 152 151 178 177 176 175 161 162 163 164 165 166 167 168 169 170 171 172 173 174 160 159 158 157 119 120 118 117 116 115 114 113 112 111 110 109 108 107 106 105 104 103 102 101 100 99 98 97 96 95 94 93 92 91 90 89 88 87 86 85 84 83 82 81 80 79 78 77 76 75 74 73 72 71 70 69 68 67 66 65 64 63 62 61 60 59 58 57 56 55 54 53 52 51 50 49 48 47 46 45 44 43 42 41 40 39 38 37 36 35 34 33 32 31 30 29 28 27 26 22 25 23 24 18 17 16 15 14 13 12 11 10 9 8 7 6 5 4 1
Knapsack Array = 1 0 1 0 0 0 1 1 0 1 0 1 0 0 1 0 1 1 0 0 1 0 1 0 0 0 1 0 1 1 0 0 1 0 0 1 0 0 0 0 1 1 0 0 1 0 0 1 0 0 1 0 1 1 0 0 0 0 1 0 0 0 1 0 1 0 0 0 0 0 0 0 1 1 1 0 1 0 0 0 0 0 1 0 0 0 1 1 0 0 0 0 0 0 0 0 1 0 0 1 0 1 0 1 0 1 0 1 0 1 0 0 1 1 0 0 1 0 0 1 0 0 0 1 1 1 0 0 1 0 0 0 0 0 0 0 0 0 0 0 0 0 0 0 0 0 0 0 0 0 0 0 0 0 0 1 0 1 0 1 1 0 0 1 0 1 0 1 0 0 1 1 1 1 0 1 0 0 0 1 1 1 0 0 0 1 0 0 0 0 0 1 1 0 0 0 0 1 1 0 0 0 0 0 1 1 0 1 1 1 0 0 0 0 0 0 0 1 1 0 0 0 0 1 0 0 1 0 0 0 0 1 0 0 0 0 0 0 0 0 1 0 0 0 0 1 0 0 0 1 0 1 0 0 1 0 1 0 0 0 1 1 0 0 0 0 0 0 0 0 0 0 0 0 0 0 0 0 0 
Picked Items (item,city) = (1 , 2) (3 , 4) (7 , 8) (8 , 9) (10 , 11) (12 , 13) (15 , 16) (17 , 18) (18 , 19) (21 , 22) (23 , 24) (27 , 28) (29 , 30) (30 , 31) (33 , 34) (36 , 37) (41 , 42) (42 , 43) (45 , 46) (48 , 49) (51 , 52) (53 , 54) (54 , 55) (59 , 60) (63 , 64) (65 , 66) (73 , 74) (74 , 75) (75 , 76) (77 , 78) (83 , 84) (87 , 88) (88 , 89) (97 , 98) (100 , 101) (102 , 103) (104 , 105) (106 , 107) (108 , 109) (110 , 111) (113 , 114) (114 , 115) (117 , 118) (120 , 121) (124 , 125) (125 , 126) (126 , 127) (129 , 130) (156 , 157) (158 , 159) (160 , 161) (161 , 162) (164 , 165) (166 , 167) (168 , 169) (171 , 172) (172 , 173) (173 , 174) (174 , 175) (176 , 177) (180 , 181) (181 , 182) (182 , 183) (186 , 187) (192 , 193) (193 , 194) (198 , 199) (199 , 200) (205 , 206) (206 , 207) (208 , 209) (209 , 210) (210 , 211) (218 , 219) (219 , 220) (224 , 225) (227 , 228) (232 , 233) (241 , 242) (246 , 247) (250 , 251) (252 , 253) (255 , 256) (257 , 258) (261 , 262) (262 , 263) 

Travel Time: 3194.6721237461001692; Profit: 33366; TSP Distance : 2836.7555600000005143; Weight: 11477 / 25437; 0000000
TSP Tour = 1 3 4 5 6 7 8 275 274 273 272 271 270 269 268 267 266 265 264 263 262 261 260 259 258 257 256 255 254 253 252 251 250 249 248 247 246 245 244 243 242 241 240 239 238 237 236 235 234 233 232 231 230 229 228 227 226 225 224 223 222 221 220 219 218 217 216 215 214 213 212 211 210 209 208 207 206 205 204 203 202 201 200 199 198 197 196 195 194 193 192 191 190 189 188 187 186 185 184 183 182 181 180 179 178 177 176 175 174 173 172 171 170 169 168 167 166 165 164 163 162 161 160 159 158 157 156 155 154 153 152 151 150 149 148 147 146 145 144 143 142 141 140 139 138 137 136 135 134 133 132 131 130 129 128 127 126 125 124 123 122 121 120 119 118 117 116 115 114 113 112 111 110 109 108 107 106 105 104 103 102 101 100 99 98 97 96 95 94 93 92 91 90 89 88 87 86 85 84 83 82 81 80 79 78 77 76 75 74 73 72 71 70 69 68 67 66 65 64 63 62 61 60 59 58 57 56 55 54 53 52 51 50 49 48 47 46 45 44 43 42 41 40 39 38 37 36 35 34 33 32 31 30 29 28 27 26 22 23 24 25 21 20 19 18 17 16 15 14 13 12 11 10 9 276 277 278 279 280 2 1
Knapsack Array = 0 0 0 0 0 0 1 1 0 1 0 1 0 0 1 0 1 1 0 0 1 0 1 0 0 0 1 0 1 1 0 0 1 0 0 1 0 0 0 0 1 1 0 0 1 0 0 1 0 0 1 0 1 1 0 0 0 0 1 0 0 0 1 0 1 0 0 0 0 0 1 0 1 1 1 0 1 0 0 0 0 0 1 0 0 0 1 1 0 0 0 0 0 0 0 0 1 0 0 1 0 1 0 0 0 1 0 1 0 1 0 0 0 1 0 0 1 0 0 0 0 0 0 0 0 0 0 0 0 0 0 0 0 0 0 0 0 0 0 0 0 0 0 0 0 0 0 0 0 0 0 0 0 0 0 0 0 0 0 0 1 0 0 0 0 0 0 0 0 0 1 0 0 0 0 0 0 0 0 0 0 0 0 0 0 0 0 0 0 0 0 0 0 0 0 0 0 0 0 0 0 0 0 0 0 0 0 0 0 0 0 0 0 0 0 0 0 0 0 0 0 0 0 0 0 0 1 0 0 0 0 0 0 0 0 0 0 0 0 0 0 0 0 0 0 0 0 0 0 1 0 0 0 0 1 0 1 0 0 0 1 1 0 0 0 0 0 0 0 0 1 0 1 0 1 1 1 0 1 
Picked Items (item,city) = (7 , 8) (8 , 9) (10 , 11) (12 , 13) (15 , 16) (17 , 18) (18 , 19) (21 , 22) (23 , 24) (27 , 28) (29 , 30) (30 , 31) (33 , 34) (36 , 37) (41 , 42) (42 , 43) (45 , 46) (48 , 49) (51 , 52) (53 , 54) (54 , 55) (59 , 60) (63 , 64) (65 , 66) (71 , 72) (73 , 74) (74 , 75) (75 , 76) (77 , 78) (83 , 84) (87 , 88) (88 , 89) (97 , 98) (100 , 101) (102 , 103) (106 , 107) (108 , 109) (110 , 111) (114 , 115) (117 , 118) (161 , 162) (171 , 172) (227 , 228) (250 , 251) (255 , 256) (257 , 258) (261 , 262) (262 , 263) (271 , 272) (273 , 274) (275 , 276) (276 , 277) (277 , 278) (279 , 280) 

Travel Time: 4662.7841218032399411; Profit: 54747; TSP Distance : 2790.9983600000005026; Weight: 22693 / 25437; 0000000
TSP Tour = 1 2 280 3 279 278 277 276 275 274 273 272 271 270 269 268 267 266 265 264 263 262 261 260 259 258 257 256 255 254 253 252 251 250 249 248 247 246 245 244 243 242 241 240 239 238 237 236 235 234 233 232 231 230 229 228 227 226 225 224 223 222 221 220 219 218 217 216 215 214 213 212 211 210 209 208 207 206 205 204 203 202 201 200 199 198 197 196 195 194 193 192 191 190 189 188 187 186 185 184 183 182 181 180 179 178 177 176 175 161 162 163 164 165 166 167 168 169 170 171 172 173 174 160 159 158 157 155 154 153 156 152 151 150 149 148 147 146 145 144 143 142 141 140 139 138 137 136 135 134 133 132 131 130 129 128 127 126 125 124 123 122 121 120 119 118 117 116 115 114 113 112 111 110 109 108 107 106 105 104 103 102 101 100 99 98 97 96 95 94 93 92 91 90 89 88 87 86 85 84 83 82 81 80 79 78 77 76 75 74 73 72 71 70 69 68 67 66 65 64 63 62 61 60 59 58 57 56 55 54 53 52 51 50 49 48 47 46 45 44 43 42 41 40 39 38 37 36 35 34 33 32 31 30 29 28 27 26 22 25 23 24 21 20 19 18 17 16 15 14 13 12 11 10 9 8 7 6 5 4 1
Knapsack Array = 1 0 1 0 0 0 1 1 0 1 1 1 1 1 1 0 1 1 0 0 1 0 1 0 0 0 1 0 1 1 0 0 1 0 0 1 0 0 0 0 1 1 0 0 1 0 0 1 0 0 1 0 1 1 0 0 0 0 1 0 0 0 1 0 1 0 0 0 0 0 1 0 1 1 1 0 1 0 0 0 0 0 1 0 0 0 1 1 0 0 0 0 0 0 0 0 1 0 0 1 0 1 0 1 0 1 0 1 0 1 0 0 1 1 0 0 1 0 0 1 0 0 0 1 1 1 0 0 1 0 0 0 0 0 0 0 0 0 0 0 0 0 0 0 0 0 0 0 0 0 0 0 0 0 0 1 0 1 0 1 1 0 0 1 0 1 0 1 0 0 1 1 1 1 0 1 0 0 0 1 1 1 0 0 0 1 0 0 0 0 0 1 1 0 0 0 0 1 1 0 0 0 0 0 1 1 0 1 1 1 0 0 0 0 0 0 0 1 1 0 0 0 0 1 0 0 1 0 0 0 0 1 0 0 0 0 0 0 0 0 1 0 0 0 0 1 0 0 0 1 0 1 0 0 1 0 0 0 0 0 1 1 0 0 0 0 0 0 0 0 0 0 0 0 0 0 0 0 0 
Picked Items (item,city) = (1 , 2) (3 , 4) (7 , 8) (8 , 9) (10 , 11) (11 , 12) (12 , 13) (13 , 14) (14 , 15) (15 , 16) (17 , 18) (18 , 19) (21 , 22) (23 , 24) (27 , 28) (29 , 30) (30 , 31) (33 , 34) (36 , 37) (41 , 42) (42 , 43) (45 , 46) (48 , 49) (51 , 52) (53 , 54) (54 , 55) (59 , 60) (63 , 64) (65 , 66) (71 , 72) (73 , 74) (74 , 75) (75 , 76) (77 , 78) (83 , 84) (87 , 88) (88 , 89) (97 , 98) (100 , 101) (102 , 103) (104 , 105) (106 , 107) (108 , 109) (110 , 111) (113 , 114) (114 , 115) (117 , 118) (120 , 121) (124 , 125) (125 , 126) (126 , 127) (129 , 130) (156 , 157) (158 , 159) (160 , 161) (161 , 162) (164 , 165) (166 , 167) (168 , 169) (171 , 172) (172 , 173) (173 , 174) (174 , 175) (176 , 177) (180 , 181) (181 , 182) (182 , 183) (186 , 187) (192 , 193) (193 , 194) (198 , 199) (199 , 200) (205 , 206) (206 , 207) (208 , 209) (209 , 210) (210 , 211) (218 , 219) (219 , 220) (224 , 225) (227 , 228) (232 , 233) (241 , 242) (246 , 247) (250 , 251) (252 , 253) (255 , 256) (261 , 262) (262 , 263) 


Pareto (Travel Time; Profit; IsValid)

4344.8484599877210712 ; 54087; 0000000
3538.3897269162621342 ; 43408; 0000000
6247.1192130754061509 ; 63755; 0000000
3818.8019731638837584 ; 47111; 0000000
3682.9523499744359469 ; 46690; 0000000
4118.8379934135027725 ; 51740; 0000000
4126.8679162648386409 ; 51839; 0000000
2933.860002042861197 ; 23607; 0000000
2587.9299300000006951 ; 0; 0000000
3026.5534094668564649 ; 29460; 0000000
2930.7054494503013302 ; 22455; 0000000
2932.0638913343759668 ; 23334; 0000000
3389.5304859202842636 ; 39237; 0000000
3660.2605576288933662 ; 45578; 0000000
2595.5878001328119353 ; 1116; 0000000
2742.3352496308853006 ; 17812; 0000000
3102.310239500426178 ; 31391; 0000000
2615.6850964155210022 ; 6551; 0000000
2765.9311609993051206 ; 19456; 0000000
2669.799039854466173 ; 9083; 0000000
2664.8489775009738878 ; 8096; 0000000
3282.1229166307371088 ; 33883; 0000000
3906.2211268552127876 ; 47647; 0000000
3479.9349914319809614 ; 40543; 0000000
2971.1821318704478472 ; 27934; 0000000
2947.2864528367249477 ; 26177; 0000000
4822.8904257976537338 ; 57410; 0000000
3532.7163474870817481 ; 41964; 0000000
4316.9125715070995284 ; 53046; 0000000
3194.6721237461001692 ; 33366; 0000000
4662.7841218032399411 ; 54747; 0000000
