Travel Time: 2587.9299300000006951; Profit: 0; TSP Distance : 2587.9299300000006951; Weight: 0 / 38156; 0000000
TSP Tour = 1 2 242 243 241 240 239 238 237 236 235 234 233 232 231 246 245 244 247 250 251 230 229 228 227 226 225 224 223 222 221 220 219 218 217 216 215 214 213 212 211 210 207 206 205 204 203 202 201 198 197 196 195 194 193 192 191 190 189 188 187 186 185 184 183 182 181 176 180 179 150 178 177 151 152 156 153 155 154 129 128 127 126 30 125 124 123 122 121 120 119 157 158 159 160 175 161 162 163 164 165 166 167 168 169 170 172 171 173 174 107 106 105 104 103 102 101 100 99 98 97 96 95 94 93 92 91 90 89 109 108 110 111 114 113 112 88 87 84 83 82 81 80 79 78 77 75 76 74 73 72 71 70 67 69 68 58 57 56 55 54 53 52 51 50 49 48 47 46 45 44 59 63 64 65 66 85 86 116 115 117 118 62 61 60 43 42 41 40 39 38 37 36 35 34 33 32 31 29 28 27 26 22 25 23 24 14 15 13 12 11 10 9 8 7 6 5 4 277 276 275 274 273 272 271 16 17 18 19 20 21 130 131 132 133 134 270 269 135 136 268 267 137 138 139 149 148 147 146 145 199 200 144 143 142 141 140 266 265 264 263 262 261 260 259 258 257 254 253 208 209 252 255 256 249 248 278 279 3 280 1
Knapsack Array = 0 0 0 0 0 0 0 0 0 0 0 0 0 0 0 0 0 0 0 0 0 0 0 0 0 0 0 0 0 0 0 0 0 0 0 0 0 0 0 0 0 0 0 0 0 0 0 0 0 0 0 0 0 0 0 0 0 0 0 0 0 0 0 0 0 0 0 0 0 0 0 0 0 0 0 0 0 0 0 0 0 0 0 0 0 0 0 0 0 0 0 0 0 0 0 0 0 0 0 0 0 0 0 0 0 0 0 0 0 0 0 0 0 0 0 0 0 0 0 0 0 0 0 0 0 0 0 0 0 0 0 0 0 0 0 0 0 0 0 0 0 0 0 0 0 0 0 0 0 0 0 0 0 0 0 0 0 0 0 0 0 0 0 0 0 0 0 0 0 0 0 0 0 0 0 0 0 0 0 0 0 0 0 0 0 0 0 0 0 0 0 0 0 0 0 0 0 0 0 0 0 0 0 0 0 0 0 0 0 0 0 0 0 0 0 0 0 0 0 0 0 0 0 0 0 0 0 0 0 0 0 0 0 0 0 0 0 0 0 0 0 0 0 0 0 0 0 0 0 0 0 0 0 0 0 0 0 0 0 0 0 0 0 0 0 0 0 0 0 0 0 0 0 0 0 0 0 0 0 
Picked Items (item,city) = 

Travel Time: 2952.3725635956143378; Profit: 27457; TSP Distance : 2768.0201300000003357; Weight: 13192 / 38156; 0000000
TSP Tour = 1 2 280 279 278 277 276 275 274 273 272 271 270 269 268 267 266 265 264 263 262 261 260 259 258 257 256 255 254 253 252 251 250 249 248 247 246 245 244 243 242 241 240 239 238 237 236 235 234 233 232 231 230 229 228 227 226 225 224 223 222 221 220 219 218 217 216 215 214 213 212 211 210 209 208 207 206 205 204 203 202 201 200 199 198 197 196 195 194 193 192 191 190 189 188 187 186 185 184 183 182 181 180 179 150 149 148 147 146 145 144 143 142 141 140 139 138 137 136 135 134 133 132 131 130 129 128 127 126 125 124 123 122 121 154 155 153 156 152 151 178 177 176 175 161 162 163 164 165 166 167 168 169 170 171 172 173 174 160 159 158 157 119 120 118 117 116 115 114 113 112 111 110 109 108 107 106 105 104 103 102 101 100 99 98 97 96 95 94 93 92 91 90 89 88 87 86 85 84 83 82 81 80 79 78 77 76 75 74 73 72 71 70 69 68 67 66 65 64 63 62 61 60 59 58 57 56 55 54 53 52 51 50 49 48 47 46 45 44 43 42 41 40 39 38 37 36 35 34 33 32 31 30 29 28 27 26 22 25 23 24 21 20 19 18 17 16 15 14 13 12 11 10 9 8 7 6 5 4 3 1
Knapsack Array = 1 0 1 0 0 0 1 1 0 1 1 1 0 0 1 0 1 1 0 0 1 0 1 1 1 0 1 0 0 1 1 0 1 0 0 1 0 0 0 0 1 1 0 0 1 0 0 1 0 0 1 0 1 1 0 0 0 0 1 0 0 0 1 0 1 0 0 0 0 0 1 1 1 1 1 0 1 0 0 1 0 0 1 0 0 1 1 0 0 0 0 0 0 0 0 0 0 0 0 0 0 0 0 0 0 0 0 0 0 0 0 0 0 0 0 0 0 0 0 0 0 0 0 0 0 0 0 0 0 0 0 0 0 0 0 0 0 0 0 0 0 0 0 0 0 0 0 0 0 0 0 0 0 0 0 0 0 0 0 0 0 0 0 0 0 0 0 0 0 0 0 0 0 0 0 0 0 0 0 0 0 0 0 0 0 0 0 0 0 0 0 0 0 0 0 0 0 0 0 0 0 0 0 0 0 0 0 0 0 0 0 0 0 0 0 0 0 0 0 0 0 0 0 0 0 0 1 0 0 0 0 0 0 0 0 0 0 0 0 0 0 0 0 0 0 0 0 0 0 1 0 0 0 0 0 0 0 0 0 0 0 0 0 0 0 0 0 0 0 0 0 0 0 0 0 0 0 0 0 
Picked Items (item,city) = (1 , 2) (3 , 4) (7 , 8) (8 , 9) (10 , 11) (11 , 12) (12 , 13) (15 , 16) (17 , 18) (18 , 19) (21 , 22) (23 , 24) (24 , 25) (25 , 26) (27 , 28) (30 , 31) (31 , 32) (33 , 34) (36 , 37) (41 , 42) (42 , 43) (45 , 46) (48 , 49) (51 , 52) (53 , 54) (54 , 55) (59 , 60) (63 , 64) (65 , 66) (71 , 72) (72 , 73) (73 , 74) (74 , 75) (75 , 76) (77 , 78) (80 , 81) (83 , 84) (86 , 87) (87 , 88) (227 , 228) (250 , 251) 

Travel Time: 2875.9526952127080222; Profit: 21611; TSP Distance : 2768.0201300000003357; Weight: 10338 / 38156; 0000000
TSP Tour = 1 2 280 279 278 277 276 275 274 273 272 271 270 269 268 267 266 265 264 263 262 261 260 259 258 257 256 255 254 253 252 251 250 249 248 247 246 245 244 243 242 241 240 239 238 237 236 235 234 233 232 231 230 229 228 227 226 225 224 223 222 221 220 219 218 217 216 215 214 213 212 211 210 209 208 207 206 205 204 203 202 201 200 199 198 197 196 195 194 193 192 191 190 189 188 187 186 185 184 183 182 181 180 179 150 149 148 147 146 145 144 143 142 141 140 139 138 137 136 135 134 133 132 131 130 129 128 127 126 125 124 123 122 121 154 155 153 156 152 151 178 177 176 175 161 162 163 164 165 166 167 168 169 170 171 172 173 174 160 159 158 157 119 120 118 117 116 115 114 113 112 111 110 109 108 107 106 105 104 103 102 101 100 99 98 97 96 95 94 93 92 91 90 89 88 87 86 85 84 83 82 81 80 79 78 77 76 75 74 73 72 71 70 69 68 67 66 65 64 63 62 61 60 59 58 57 56 55 54 53 52 51 50 49 48 47 46 45 44 43 42 41 40 39 38 37 36 35 34 33 32 31 30 29 28 27 26 22 25 23 24 21 20 19 18 17 16 15 14 13 12 11 10 9 8 7 6 5 4 3 1
Knapsack Array = 1 0 1 0 0 0 1 1 0 1 1 1 0 0 1 0 1 1 0 0 1 0 1 1 1 0 1 0 0 1 1 0 1 0 0 1 0 0 0 0 1 1 0 0 1 0 0 1 0 0 1 0 1 1 0 0 0 0 1 0 0 0 1 0 1 0 0 0 0 0 1 1 0 0 0 0 0 0 0 0 0 0 0 0 0 0 0 0 0 0 0 0 0 0 0 0 0 0 0 0 0 0 0 0 0 0 0 0 0 0 0 0 0 0 0 0 0 0 0 0 0 0 0 0 0 0 0 0 0 0 0 0 0 0 0 0 0 0 0 0 0 0 0 0 0 0 0 0 0 0 0 0 0 0 0 0 0 0 0 0 0 0 0 0 0 0 0 0 0 0 0 0 0 0 0 0 0 0 0 0 0 0 0 0 0 0 0 0 0 0 0 0 0 0 0 0 0 0 0 0 0 0 0 0 0 0 0 0 0 0 0 0 0 0 0 0 0 0 0 0 0 0 0 0 0 0 1 0 0 0 0 0 0 0 0 0 0 0 0 0 0 0 0 0 0 0 0 0 0 1 0 0 0 0 0 0 0 0 0 0 0 0 0 0 0 0 0 0 0 0 0 0 0 0 0 0 0 0 0 
Picked Items (item,city) = (1 , 2) (3 , 4) (7 , 8) (8 , 9) (10 , 11) (11 , 12) (12 , 13) (15 , 16) (17 , 18) (18 , 19) (21 , 22) (23 , 24) (24 , 25) (25 , 26) (27 , 28) (30 , 31) (31 , 32) (33 , 34) (36 , 37) (41 , 42) (42 , 43) (45 , 46) (48 , 49) (51 , 52) (53 , 54) (54 , 55) (59 , 60) (63 , 64) (65 , 66) (71 , 72) (72 , 73) (227 , 228) (250 , 251) 

Travel Time: 2722.2619941873049356; Profit: 14043; TSP Distance : 2587.9299300000006951; Weight: 6814 / 38156; 0000000
TSP Tour = 1 2 242 243 241 240 239 238 237 236 235 234 233 232 231 246 245 244 247 250 251 230 229 228 227 226 225 224 223 222 221 220 219 218 217 216 215 214 213 212 211 210 207 206 205 204 203 202 201 198 197 196 195 194 193 192 191 190 189 188 187 186 185 184 183 182 181 176 180 179 150 178 177 151 152 156 153 155 154 129 128 127 126 30 125 124 123 122 121 120 119 157 158 159 160 175 161 162 163 164 165 166 167 168 169 170 172 171 173 174 107 106 105 104 103 102 101 100 99 98 97 96 95 94 93 92 91 90 89 109 108 110 111 114 113 112 88 87 84 83 82 81 80 79 78 77 75 76 74 73 72 71 70 67 69 68 58 57 56 55 54 53 52 51 50 49 48 47 46 45 44 59 63 64 65 66 85 86 116 115 117 118 62 61 60 43 42 41 40 39 38 37 36 35 34 33 32 31 29 28 27 26 22 25 23 24 14 15 13 12 11 10 9 8 7 6 5 4 277 276 275 274 273 272 271 16 17 18 19 20 21 130 131 132 133 134 270 269 135 136 268 267 137 138 139 149 148 147 146 145 199 200 144 143 142 141 140 266 265 264 263 262 261 260 259 258 257 254 253 208 209 252 255 256 249 248 278 279 3 280 1
Knapsack Array = 0 0 0 0 0 0 0 0 0 0 0 0 0 0 0 0 0 0 0 0 0 0 0 0 0 0 0 0 0 0 0 0 0 0 0 0 0 0 0 0 0 0 0 0 0 0 0 0 0 0 0 0 0 0 0 0 0 0 0 0 0 0 0 0 0 0 0 0 0 0 0 0 0 0 0 0 0 0 0 0 0 0 0 0 0 0 0 0 0 0 0 0 0 0 0 0 0 0 0 0 0 0 0 0 0 0 0 0 0 0 0 0 0 0 0 0 0 0 0 0 0 0 0 0 0 0 0 0 0 0 0 0 0 0 0 0 0 0 0 0 0 0 0 0 0 0 0 0 0 0 0 0 0 0 0 0 0 0 0 0 0 0 0 0 0 0 0 0 0 0 0 0 0 0 0 0 0 0 0 0 0 0 0 0 0 0 0 0 0 0 0 0 0 0 0 0 0 0 0 0 0 0 0 0 0 0 0 0 0 0 0 0 0 0 0 0 0 0 0 0 0 0 0 1 0 0 1 0 0 1 0 1 0 0 0 0 0 0 0 0 1 0 0 0 0 1 0 0 0 1 0 1 0 0 1 0 1 0 1 1 1 1 1 1 0 0 0 0 0 0 1 0 1 1 1 1 1 0 1 
Picked Items (item,city) = (224 , 225) (227 , 228) (230 , 231) (232 , 233) (241 , 242) (246 , 247) (250 , 251) (252 , 253) (255 , 256) (257 , 258) (259 , 260) (260 , 261) (261 , 262) (262 , 263) (263 , 264) (264 , 265) (271 , 272) (273 , 274) (274 , 275) (275 , 276) (276 , 277) (277 , 278) (279 , 280) 

Travel Time: 3856.5220354209477591; Profit: 57090; TSP Distance : 2797.8470600000005106; Weight: 25767 / 38156; 0000000
TSP Tour = 1 2 280 279 278 277 276 275 274 273 272 271 270 269 268 267 266 265 264 263 262 261 260 259 258 257 256 255 254 253 252 251 250 249 248 247 246 245 244 243 242 241 240 239 238 237 236 235 234 233 232 231 230 229 228 227 226 225 224 223 222 221 220 219 218 217 216 215 214 213 212 211 210 209 208 207 206 205 204 203 202 201 200 199 198 197 196 195 194 193 192 191 190 189 188 187 186 185 184 183 182 181 180 179 178 177 176 175 161 162 163 164 165 166 167 168 169 170 171 172 173 174 160 159 158 157 155 154 153 156 152 151 150 149 148 147 146 145 144 143 142 141 140 139 138 137 136 135 134 133 132 131 130 129 128 127 126 125 124 123 122 121 120 119 118 117 116 115 114 113 112 111 110 109 108 107 106 105 104 103 102 101 100 99 98 97 96 95 94 93 92 91 90 89 88 87 86 85 84 83 82 81 80 79 78 77 76 75 74 73 72 71 70 69 68 67 66 65 64 63 62 61 60 59 58 57 56 55 54 53 52 51 50 49 48 47 46 45 44 43 42 41 40 39 38 37 36 35 34 33 32 31 30 29 28 27 26 22 25 23 24 21 20 19 18 17 16 15 14 13 12 11 10 9 8 7 6 5 4 3 1
Knapsack Array = 1 0 1 0 0 0 1 1 0 1 1 1 0 0 1 0 1 1 0 0 1 0 1 1 1 0 1 0 0 1 1 0 1 0 0 1 0 0 0 0 1 1 0 0 1 0 0 1 0 0 1 0 1 1 0 0 0 0 1 0 0 0 1 0 1 0 0 0 0 0 1 1 1 1 1 0 1 0 0 1 0 0 1 0 0 1 1 1 0 0 0 0 0 0 0 0 1 0 0 1 0 1 1 1 1 1 0 1 0 1 0 0 1 1 0 0 1 0 0 1 0 1 0 1 1 1 0 0 0 0 0 0 0 0 0 0 0 0 0 0 0 0 0 0 0 0 0 0 0 0 0 1 1 0 0 1 0 1 0 1 1 0 1 1 0 1 0 1 0 0 1 1 1 1 0 1 0 0 0 1 1 1 0 0 0 1 0 0 0 0 0 1 1 0 1 0 0 1 1 0 0 0 0 0 0 1 0 0 1 0 0 0 0 0 0 0 0 0 0 0 0 0 0 0 0 0 1 0 0 0 0 0 0 0 0 0 0 0 0 0 0 0 0 0 0 0 0 0 0 1 0 0 0 0 1 1 0 0 0 0 1 1 0 0 0 0 0 0 0 0 0 0 1 0 0 1 0 0 0 
Picked Items (item,city) = (1 , 2) (3 , 4) (7 , 8) (8 , 9) (10 , 11) (11 , 12) (12 , 13) (15 , 16) (17 , 18) (18 , 19) (21 , 22) (23 , 24) (24 , 25) (25 , 26) (27 , 28) (30 , 31) (31 , 32) (33 , 34) (36 , 37) (41 , 42) (42 , 43) (45 , 46) (48 , 49) (51 , 52) (53 , 54) (54 , 55) (59 , 60) (63 , 64) (65 , 66) (71 , 72) (72 , 73) (73 , 74) (74 , 75) (75 , 76) (77 , 78) (80 , 81) (83 , 84) (86 , 87) (87 , 88) (88 , 89) (97 , 98) (100 , 101) (102 , 103) (103 , 104) (104 , 105) (105 , 106) (106 , 107) (108 , 109) (110 , 111) (113 , 114) (114 , 115) (117 , 118) (120 , 121) (122 , 123) (124 , 125) (125 , 126) (126 , 127) (152 , 153) (153 , 154) (156 , 157) (158 , 159) (160 , 161) (161 , 162) (163 , 164) (164 , 165) (166 , 167) (168 , 169) (171 , 172) (172 , 173) (173 , 174) (174 , 175) (176 , 177) (180 , 181) (181 , 182) (182 , 183) (186 , 187) (192 , 193) (193 , 194) (195 , 196) (198 , 199) (199 , 200) (206 , 207) (209 , 210) (227 , 228) (250 , 251) (255 , 256) (256 , 257) (261 , 262) (262 , 263) (273 , 274) (276 , 277) 

Travel Time: 5183.5153162787391921; Profit: 70128; TSP Distance : 2790.9983600000005026; Weight: 33980 / 38156; 0000000
TSP Tour = 1 2 280 3 279 278 277 276 275 274 273 272 271 270 269 268 267 266 265 264 263 262 261 260 259 258 257 256 255 254 253 252 251 250 249 248 247 246 245 244 243 242 241 240 239 238 237 236 235 234 233 232 231 230 229 228 227 226 225 224 223 222 221 220 219 218 217 216 215 214 213 212 211 210 209 208 207 206 205 204 203 202 201 200 199 198 197 196 195 194 193 192 191 190 189 188 187 186 185 184 183 182 181 180 179 178 177 176 175 161 162 163 164 165 166 167 168 169 170 171 172 173 174 160 159 158 157 155 154 153 156 152 151 150 149 148 147 146 145 144 143 142 141 140 139 138 137 136 135 134 133 132 131 130 129 128 127 126 125 124 123 122 121 120 119 118 117 116 115 114 113 112 111 110 109 108 107 106 105 104 103 102 101 100 99 98 97 96 95 94 93 92 91 90 89 88 87 86 85 84 83 82 81 80 79 78 77 76 75 74 73 72 71 70 69 68 67 66 65 64 63 62 61 60 59 58 57 56 55 54 53 52 51 50 49 48 47 46 45 44 43 42 41 40 39 38 37 36 35 34 33 32 31 30 29 28 27 26 22 25 23 24 21 20 19 18 17 16 15 14 13 12 11 10 9 8 7 6 5 4 1
Knapsack Array = 1 0 1 0 0 0 1 1 0 1 1 1 0 0 1 0 1 1 0 0 1 0 1 1 1 0 1 0 0 1 1 0 1 0 0 1 0 0 0 0 1 1 0 0 1 0 0 1 0 0 1 0 1 1 0 0 0 0 1 0 0 0 1 0 1 0 0 0 0 0 1 1 1 1 1 0 1 0 0 1 0 0 1 0 0 1 1 1 0 0 0 0 0 0 0 0 1 0 0 1 0 1 1 1 1 1 0 1 0 1 0 0 1 1 0 0 1 0 0 1 0 1 0 1 1 1 0 0 1 0 0 1 0 1 1 1 1 1 0 1 1 1 0 0 1 0 0 0 0 0 0 1 1 0 0 1 0 1 0 1 1 0 1 1 0 1 0 1 0 0 1 1 1 1 0 1 0 0 0 1 1 1 0 0 0 1 0 0 0 0 0 1 1 1 1 0 0 1 1 0 0 0 0 0 1 1 0 1 1 1 0 0 0 0 0 0 0 1 1 0 0 0 0 1 0 0 1 0 0 1 0 0 0 0 0 0 0 0 0 0 0 0 0 0 0 0 0 0 1 1 0 0 0 0 1 0 0 0 0 0 1 1 0 1 0 0 0 0 0 0 0 0 0 0 0 1 0 0 0 
Picked Items (item,city) = (1 , 2) (3 , 4) (7 , 8) (8 , 9) (10 , 11) (11 , 12) (12 , 13) (15 , 16) (17 , 18) (18 , 19) (21 , 22) (23 , 24) (24 , 25) (25 , 26) (27 , 28) (30 , 31) (31 , 32) (33 , 34) (36 , 37) (41 , 42) (42 , 43) (45 , 46) (48 , 49) (51 , 52) (53 , 54) (54 , 55) (59 , 60) (63 , 64) (65 , 66) (71 , 72) (72 , 73) (73 , 74) (74 , 75) (75 , 76) (77 , 78) (80 , 81) (83 , 84) (86 , 87) (87 , 88) (88 , 89) (97 , 98) (100 , 101) (102 , 103) (103 , 104) (104 , 105) (105 , 106) (106 , 107) (108 , 109) (110 , 111) (113 , 114) (114 , 115) (117 , 118) (120 , 121) (122 , 123) (124 , 125) (125 , 126) (126 , 127) (129 , 130) (132 , 133) (134 , 135) (135 , 136) (136 , 137) (137 , 138) (138 , 139) (140 , 141) (141 , 142) (142 , 143) (145 , 146) (152 , 153) (153 , 154) (156 , 157) (158 , 159) (160 , 161) (161 , 162) (163 , 164) (164 , 165) (166 , 167) (168 , 169) (171 , 172) (172 , 173) (173 , 174) (174 , 175) (176 , 177) (180 , 181) (181 , 182) (182 , 183) (186 , 187) (192 , 193) (193 , 194) (194 , 195) (195 , 196) (198 , 199) (199 , 200) (205 , 206) (206 , 207) (208 , 209) (209 , 210) (210 , 211) (218 , 219) (219 , 220) (224 , 225) (227 , 228) (230 , 231) (249 , 250) (250 , 251) (255 , 256) (261 , 262) (262 , 263) (264 , 265) (276 , 277) 

Travel Time: 4220.0350743896515269; Profit: 62422; TSP Distance : 2790.9983600000005026; Weight: 28998 / 38156; 0000000
TSP Tour = 1 2 280 3 279 278 277 276 275 274 273 272 271 270 269 268 267 266 265 264 263 262 261 260 259 258 257 256 255 254 253 252 251 250 249 248 247 246 245 244 243 242 241 240 239 238 237 236 235 234 233 232 231 230 229 228 227 226 225 224 223 222 221 220 219 218 217 216 215 214 213 212 211 210 209 208 207 206 205 204 203 202 201 200 199 198 197 196 195 194 193 192 191 190 189 188 187 186 185 184 183 182 181 180 179 178 177 176 175 161 162 163 164 165 166 167 168 169 170 171 172 173 174 160 159 158 157 155 154 153 156 152 151 150 149 148 147 146 145 144 143 142 141 140 139 138 137 136 135 134 133 132 131 130 129 128 127 126 125 124 123 122 121 120 119 118 117 116 115 114 113 112 111 110 109 108 107 106 105 104 103 102 101 100 99 98 97 96 95 94 93 92 91 90 89 88 87 86 85 84 83 82 81 80 79 78 77 76 75 74 73 72 71 70 69 68 67 66 65 64 63 62 61 60 59 58 57 56 55 54 53 52 51 50 49 48 47 46 45 44 43 42 41 40 39 38 37 36 35 34 33 32 31 30 29 28 27 26 22 25 23 24 21 20 19 18 17 16 15 14 13 12 11 10 9 8 7 6 5 4 1
Knapsack Array = 1 0 1 0 0 0 1 1 0 1 1 1 0 0 1 0 1 1 0 0 1 0 1 1 1 0 1 0 0 1 1 0 1 0 0 1 0 0 0 0 1 1 0 0 1 0 0 1 0 0 1 0 1 1 0 0 0 0 1 0 0 0 1 0 1 0 0 0 0 0 1 1 1 1 1 0 1 0 0 1 0 0 1 0 0 1 1 1 0 0 0 0 0 0 0 0 1 0 0 1 0 1 1 1 1 1 0 1 0 1 0 0 1 1 0 0 1 0 0 1 0 1 0 1 1 1 0 0 1 0 0 1 0 1 1 1 1 1 0 1 1 1 0 0 1 0 0 0 0 0 0 0 0 0 0 0 0 0 0 1 1 0 0 1 0 0 0 0 0 0 1 0 1 0 0 1 0 0 0 1 1 1 0 0 0 1 0 0 0 0 0 1 1 1 1 0 0 1 1 0 0 0 0 0 1 1 0 1 1 1 0 0 0 0 0 0 0 1 1 0 0 0 0 1 0 0 1 0 0 0 0 0 0 0 0 0 0 0 0 0 0 0 0 0 0 0 0 0 1 1 0 0 0 0 1 0 0 0 0 0 1 1 0 1 0 0 0 0 0 0 0 0 0 0 0 1 0 0 0 
Picked Items (item,city) = (1 , 2) (3 , 4) (7 , 8) (8 , 9) (10 , 11) (11 , 12) (12 , 13) (15 , 16) (17 , 18) (18 , 19) (21 , 22) (23 , 24) (24 , 25) (25 , 26) (27 , 28) (30 , 31) (31 , 32) (33 , 34) (36 , 37) (41 , 42) (42 , 43) (45 , 46) (48 , 49) (51 , 52) (53 , 54) (54 , 55) (59 , 60) (63 , 64) (65 , 66) (71 , 72) (72 , 73) (73 , 74) (74 , 75) (75 , 76) (77 , 78) (80 , 81) (83 , 84) (86 , 87) (87 , 88) (88 , 89) (97 , 98) (100 , 101) (102 , 103) (103 , 104) (104 , 105) (105 , 106) (106 , 107) (108 , 109) (110 , 111) (113 , 114) (114 , 115) (117 , 118) (120 , 121) (122 , 123) (124 , 125) (125 , 126) (126 , 127) (129 , 130) (132 , 133) (134 , 135) (135 , 136) (136 , 137) (137 , 138) (138 , 139) (140 , 141) (141 , 142) (142 , 143) (145 , 146) (160 , 161) (161 , 162) (164 , 165) (171 , 172) (173 , 174) (176 , 177) (180 , 181) (181 , 182) (182 , 183) (186 , 187) (192 , 193) (193 , 194) (194 , 195) (195 , 196) (198 , 199) (199 , 200) (205 , 206) (206 , 207) (208 , 209) (209 , 210) (210 , 211) (218 , 219) (219 , 220) (224 , 225) (227 , 228) (249 , 250) (250 , 251) (255 , 256) (261 , 262) (262 , 263) (264 , 265) (276 , 277) 

Travel Time: 4844.8412032071664726; Profit: 68739; TSP Distance : 2790.9983600000005026; Weight: 32665 / 38156; 0000000
TSP Tour = 1 2 280 3 279 278 277 276 275 274 273 272 271 270 269 268 267 266 265 264 263 262 261 260 259 258 257 256 255 254 253 252 251 250 249 248 247 246 245 244 243 242 241 240 239 238 237 236 235 234 233 232 231 230 229 228 227 226 225 224 223 222 221 220 219 218 217 216 215 214 213 212 211 210 209 208 207 206 205 204 203 202 201 200 199 198 197 196 195 194 193 192 191 190 189 188 187 186 185 184 183 182 181 180 179 178 177 176 175 161 162 163 164 165 166 167 168 169 170 171 172 173 174 160 159 158 157 155 154 153 156 152 151 150 149 148 147 146 145 144 143 142 141 140 139 138 137 136 135 134 133 132 131 130 129 128 127 126 125 124 123 122 121 120 119 118 117 116 115 114 113 112 111 110 109 108 107 106 105 104 103 102 101 100 99 98 97 96 95 94 93 92 91 90 89 88 87 86 85 84 83 82 81 80 79 78 77 76 75 74 73 72 71 70 69 68 67 66 65 64 63 62 61 60 59 58 57 56 55 54 53 52 51 50 49 48 47 46 45 44 43 42 41 40 39 38 37 36 35 34 33 32 31 30 29 28 27 26 22 25 23 24 21 20 19 18 17 16 15 14 13 12 11 10 9 8 7 6 5 4 1
Knapsack Array = 1 0 1 0 0 0 1 1 0 1 1 1 0 0 1 0 1 1 0 0 1 0 1 1 1 0 1 0 0 1 1 0 1 0 0 1 0 0 0 0 1 1 0 0 1 0 0 1 0 0 1 0 1 1 0 0 0 0 1 0 0 0 1 0 1 0 0 0 0 0 1 1 1 1 1 0 1 0 0 1 0 0 1 0 0 1 1 1 0 0 0 0 0 0 0 0 1 0 0 1 0 1 1 1 1 1 0 1 0 1 0 0 1 1 0 0 1 0 0 1 0 1 0 1 1 1 0 0 1 0 0 1 0 1 1 1 1 1 0 1 1 1 0 0 1 0 0 0 0 0 0 1 1 0 0 1 0 1 0 1 1 0 1 1 0 1 0 1 0 0 1 1 1 1 0 1 0 0 0 1 1 1 0 0 0 1 0 0 0 0 0 1 1 1 1 0 0 1 1 0 0 0 0 0 1 1 0 1 1 1 0 0 0 0 0 0 0 1 1 0 0 0 0 1 0 0 1 0 0 0 0 0 0 0 0 0 0 0 0 0 0 0 0 0 0 0 0 0 0 1 0 0 0 0 1 0 0 0 0 0 1 1 0 1 0 0 0 0 0 0 0 0 0 0 0 1 0 0 0 
Picked Items (item,city) = (1 , 2) (3 , 4) (7 , 8) (8 , 9) (10 , 11) (11 , 12) (12 , 13) (15 , 16) (17 , 18) (18 , 19) (21 , 22) (23 , 24) (24 , 25) (25 , 26) (27 , 28) (30 , 31) (31 , 32) (33 , 34) (36 , 37) (41 , 42) (42 , 43) (45 , 46) (48 , 49) (51 , 52) (53 , 54) (54 , 55) (59 , 60) (63 , 64) (65 , 66) (71 , 72) (72 , 73) (73 , 74) (74 , 75) (75 , 76) (77 , 78) (80 , 81) (83 , 84) (86 , 87) (87 , 88) (88 , 89) (97 , 98) (100 , 101) (102 , 103) (103 , 104) (104 , 105) (105 , 106) (106 , 107) (108 , 109) (110 , 111) (113 , 114) (114 , 115) (117 , 118) (120 , 121) (122 , 123) (124 , 125) (125 , 126) (126 , 127) (129 , 130) (132 , 133) (134 , 135) (135 , 136) (136 , 137) (137 , 138) (138 , 139) (140 , 141) (141 , 142) (142 , 143) (145 , 146) (152 , 153) (153 , 154) (156 , 157) (158 , 159) (160 , 161) (161 , 162) (163 , 164) (164 , 165) (166 , 167) (168 , 169) (171 , 172) (172 , 173) (173 , 174) (174 , 175) (176 , 177) (180 , 181) (181 , 182) (182 , 183) (186 , 187) (192 , 193) (193 , 194) (194 , 195) (195 , 196) (198 , 199) (199 , 200) (205 , 206) (206 , 207) (208 , 209) (209 , 210) (210 , 211) (218 , 219) (219 , 220) (224 , 225) (227 , 228) (250 , 251) (255 , 256) (261 , 262) (262 , 263) (264 , 265) (276 , 277) 

Travel Time: 2612.5553870048606768; Profit: 3262; TSP Distance : 2587.9299300000006951; Weight: 2438 / 38156; 0000000
TSP Tour = 1 2 242 243 241 240 239 238 237 236 235 234 233 232 231 246 245 244 247 250 251 230 229 228 227 226 225 224 223 222 221 220 219 218 217 216 215 214 213 212 211 210 207 206 205 204 203 202 201 198 197 196 195 194 193 192 191 190 189 188 187 186 185 184 183 182 181 176 180 179 150 178 177 151 152 156 153 155 154 129 128 127 126 30 125 124 123 122 121 120 119 157 158 159 160 175 161 162 163 164 165 166 167 168 169 170 172 171 173 174 107 106 105 104 103 102 101 100 99 98 97 96 95 94 93 92 91 90 89 109 108 110 111 114 113 112 88 87 84 83 82 81 80 79 78 77 75 76 74 73 72 71 70 67 69 68 58 57 56 55 54 53 52 51 50 49 48 47 46 45 44 59 63 64 65 66 85 86 116 115 117 118 62 61 60 43 42 41 40 39 38 37 36 35 34 33 32 31 29 28 27 26 22 25 23 24 14 15 13 12 11 10 9 8 7 6 5 4 277 276 275 274 273 272 271 16 17 18 19 20 21 130 131 132 133 134 270 269 135 136 268 267 137 138 139 149 148 147 146 145 199 200 144 143 142 141 140 266 265 264 263 262 261 260 259 258 257 254 253 208 209 252 255 256 249 248 278 279 3 280 1
Knapsack Array = 1 1 1 0 0 0 1 0 0 1 1 0 0 0 0 0 0 0 0 0 0 0 0 0 0 0 0 0 0 0 0 0 0 0 0 0 0 0 0 0 0 0 0 0 0 0 0 0 0 0 0 0 0 0 0 0 0 0 0 0 0 0 0 0 0 0 0 0 0 0 0 0 0 0 0 0 0 0 0 0 0 0 0 0 0 0 0 0 0 0 0 0 0 0 0 0 0 0 0 0 0 0 0 0 0 0 0 0 0 0 0 0 0 0 0 0 0 0 0 0 0 0 0 0 0 0 0 0 0 0 0 0 0 0 0 0 0 0 0 0 0 0 0 0 0 0 0 0 0 0 0 0 0 0 0 0 0 0 0 0 0 0 0 0 0 0 0 0 0 0 0 0 0 0 0 0 0 0 0 0 0 0 0 0 0 0 0 0 0 0 0 0 0 0 0 0 0 0 0 0 0 0 0 0 0 0 0 0 0 0 0 0 0 0 0 0 0 0 0 0 0 0 0 0 0 0 0 0 0 0 0 0 0 0 0 0 0 0 0 0 0 0 0 0 0 0 0 0 0 0 0 0 0 0 0 0 0 0 0 0 0 0 0 0 0 0 0 0 0 0 0 0 0 0 0 0 0 0 0 
Picked Items (item,city) = (1 , 2) (2 , 3) (3 , 4) (7 , 8) (10 , 11) (11 , 12) 

Travel Time: 3224.956574589496995; Profit: 44388; TSP Distance : 2761.1714300000003277; Weight: 18014 / 38156; 0000000
TSP Tour = 1 2 280 3 279 278 277 276 275 274 273 272 271 270 269 268 267 266 265 264 263 262 261 260 259 258 257 256 255 254 253 252 251 250 249 248 247 246 245 244 243 242 241 240 239 238 237 236 235 234 233 232 231 230 229 228 227 226 225 224 223 222 221 220 219 218 217 216 215 214 213 212 211 210 209 208 207 206 205 204 203 202 201 200 199 198 197 196 195 194 193 192 191 190 189 188 187 186 185 184 183 182 181 180 179 150 149 148 147 146 145 144 143 142 141 140 139 138 137 136 135 134 133 132 131 130 129 128 127 126 125 124 123 122 121 154 155 153 156 152 151 178 177 176 175 161 162 163 164 165 166 167 168 169 170 171 172 173 174 160 159 158 157 119 120 118 117 116 115 114 113 112 111 110 109 108 107 106 105 104 103 102 101 100 99 98 97 96 95 94 93 92 91 90 89 88 87 86 85 84 83 82 81 80 79 78 77 76 75 74 73 72 71 70 69 68 67 66 65 64 63 62 61 60 59 58 57 56 55 54 53 52 51 50 49 48 47 46 45 44 43 42 41 40 39 38 37 36 35 34 33 32 31 30 29 28 27 26 22 25 23 24 21 20 19 18 17 16 15 14 13 12 11 10 9 8 7 6 5 4 1
Knapsack Array = 1 0 1 0 0 0 1 1 0 1 1 1 0 0 1 0 1 1 0 0 1 0 1 1 1 0 1 0 0 1 1 0 1 0 0 1 0 0 0 0 1 1 0 0 1 0 0 1 0 0 1 0 1 1 0 0 0 0 1 0 0 0 1 0 1 0 0 0 0 0 0 0 0 1 1 0 1 0 0 1 0 0 1 0 0 1 1 1 0 0 0 0 0 0 0 0 1 0 0 1 0 1 1 0 0 1 0 1 0 1 0 0 0 1 0 0 1 0 0 0 0 0 0 0 1 1 0 0 0 0 0 1 0 0 0 1 0 1 0 1 1 0 0 0 0 0 0 0 0 0 0 1 1 0 0 0 0 0 0 1 1 0 0 1 0 0 0 0 0 0 1 0 1 0 0 1 0 0 0 0 1 0 0 0 0 0 0 0 0 0 0 1 1 1 1 0 0 1 1 0 0 0 0 0 0 0 0 0 1 0 0 0 0 0 0 0 0 0 0 0 0 0 0 0 0 0 1 0 0 0 0 0 0 0 0 0 0 0 0 0 0 0 0 0 0 0 0 0 0 1 0 0 0 0 1 0 0 0 0 0 0 0 0 0 0 0 0 0 0 0 0 0 0 0 0 0 0 0 0 
Picked Items (item,city) = (1 , 2) (3 , 4) (7 , 8) (8 , 9) (10 , 11) (11 , 12) (12 , 13) (15 , 16) (17 , 18) (18 , 19) (21 , 22) (23 , 24) (24 , 25) (25 , 26) (27 , 28) (30 , 31) (31 , 32) (33 , 34) (36 , 37) (41 , 42) (42 , 43) (45 , 46) (48 , 49) (51 , 52) (53 , 54) (54 , 55) (59 , 60) (63 , 64) (65 , 66) (74 , 75) (75 , 76) (77 , 78) (80 , 81) (83 , 84) (86 , 87) (87 , 88) (88 , 89) (97 , 98) (100 , 101) (102 , 103) (103 , 104) (106 , 107) (108 , 109) (110 , 111) (114 , 115) (117 , 118) (125 , 126) (126 , 127) (132 , 133) (136 , 137) (138 , 139) (140 , 141) (141 , 142) (152 , 153) (153 , 154) (160 , 161) (161 , 162) (164 , 165) (171 , 172) (173 , 174) (176 , 177) (181 , 182) (192 , 193) (193 , 194) (194 , 195) (195 , 196) (198 , 199) (199 , 200) (209 , 210) (227 , 228) (250 , 251) (255 , 256) 

Travel Time: 3296.6293584314626059; Profit: 46781; TSP Distance : 2761.1714300000003277; Weight: 18870 / 38156; 0000000
TSP Tour = 1 2 280 3 279 278 277 276 275 274 273 272 271 270 269 268 267 266 265 264 263 262 261 260 259 258 257 256 255 254 253 252 251 250 249 248 247 246 245 244 243 242 241 240 239 238 237 236 235 234 233 232 231 230 229 228 227 226 225 224 223 222 221 220 219 218 217 216 215 214 213 212 211 210 209 208 207 206 205 204 203 202 201 200 199 198 197 196 195 194 193 192 191 190 189 188 187 186 185 184 183 182 181 180 179 150 149 148 147 146 145 144 143 142 141 140 139 138 137 136 135 134 133 132 131 130 129 128 127 126 125 124 123 122 121 154 155 153 156 152 151 178 177 176 175 161 162 163 164 165 166 167 168 169 170 171 172 173 174 160 159 158 157 119 120 118 117 116 115 114 113 112 111 110 109 108 107 106 105 104 103 102 101 100 99 98 97 96 95 94 93 92 91 90 89 88 87 86 85 84 83 82 81 80 79 78 77 76 75 74 73 72 71 70 69 68 67 66 65 64 63 62 61 60 59 58 57 56 55 54 53 52 51 50 49 48 47 46 45 44 43 42 41 40 39 38 37 36 35 34 33 32 31 30 29 28 27 26 22 25 23 24 21 20 19 18 17 16 15 14 13 12 11 10 9 8 7 6 5 4 1
Knapsack Array = 1 0 1 0 0 0 1 1 0 1 1 1 0 0 1 0 1 1 0 0 1 0 1 1 1 0 1 0 0 1 1 0 1 0 0 1 0 0 0 0 1 1 0 0 1 0 0 1 0 0 1 0 1 1 0 0 0 0 1 0 0 0 1 0 1 0 0 0 0 0 0 0 0 1 1 0 1 0 0 1 0 0 1 0 0 1 1 1 0 0 0 0 0 0 0 0 1 0 0 1 0 1 1 0 0 1 0 1 0 1 0 0 0 1 0 0 1 0 0 0 0 0 0 0 1 1 0 0 0 0 0 1 0 0 0 1 0 1 0 1 1 0 0 0 0 0 0 0 0 0 0 1 1 0 0 0 0 0 0 1 1 0 0 1 0 0 0 0 0 0 1 0 1 0 0 1 0 0 0 0 1 0 0 0 0 0 0 0 0 0 0 1 1 1 1 0 0 1 1 0 0 0 0 0 0 0 0 0 1 0 0 0 0 0 0 0 0 0 0 0 0 0 0 0 0 0 1 0 0 0 0 1 0 0 0 0 0 0 0 0 1 0 0 0 0 1 0 0 0 1 0 1 0 0 1 0 0 0 0 0 0 0 0 0 0 0 0 0 0 0 0 0 0 0 0 0 0 0 0 
Picked Items (item,city) = (1 , 2) (3 , 4) (7 , 8) (8 , 9) (10 , 11) (11 , 12) (12 , 13) (15 , 16) (17 , 18) (18 , 19) (21 , 22) (23 , 24) (24 , 25) (25 , 26) (27 , 28) (30 , 31) (31 , 32) (33 , 34) (36 , 37) (41 , 42) (42 , 43) (45 , 46) (48 , 49) (51 , 52) (53 , 54) (54 , 55) (59 , 60) (63 , 64) (65 , 66) (74 , 75) (75 , 76) (77 , 78) (80 , 81) (83 , 84) (86 , 87) (87 , 88) (88 , 89) (97 , 98) (100 , 101) (102 , 103) (103 , 104) (106 , 107) (108 , 109) (110 , 111) (114 , 115) (117 , 118) (125 , 126) (126 , 127) (132 , 133) (136 , 137) (138 , 139) (140 , 141) (141 , 142) (152 , 153) (153 , 154) (160 , 161) (161 , 162) (164 , 165) (171 , 172) (173 , 174) (176 , 177) (181 , 182) (192 , 193) (193 , 194) (194 , 195) (195 , 196) (198 , 199) (199 , 200) (209 , 210) (227 , 228) (232 , 233) (241 , 242) (246 , 247) (250 , 251) (252 , 253) (255 , 256) 

Travel Time: 4498.1655948321631513; Profit: 65856; TSP Distance : 2865.7629600000004757; Weight: 31565 / 38156; 0000000
TSP Tour = 1 274 273 272 271 270 269 268 267 266 265 264 263 262 261 260 259 258 257 256 255 254 253 252 251 250 249 248 247 246 245 244 243 242 241 240 239 238 237 236 235 234 233 232 231 230 229 228 227 226 225 224 223 222 221 220 219 218 217 216 215 214 213 212 211 210 209 208 207 206 205 204 203 202 201 200 199 198 197 196 195 194 193 192 191 190 189 188 187 186 185 184 183 182 181 180 179 178 177 176 175 174 173 172 171 170 169 168 167 166 165 164 163 162 161 160 159 158 157 156 155 154 153 152 151 150 149 148 147 146 145 144 143 142 141 140 139 138 137 136 135 134 133 132 131 130 129 128 127 126 125 124 123 122 121 120 119 118 117 116 115 114 113 112 111 110 109 108 107 106 105 104 103 102 101 100 99 98 97 96 95 94 93 92 91 90 89 88 87 86 85 84 83 82 81 80 79 78 77 76 75 74 73 72 71 70 69 68 67 66 65 64 63 62 61 60 59 58 57 56 55 54 53 52 51 50 49 48 47 46 45 44 43 42 41 40 39 38 37 36 35 34 33 32 31 30 29 28 27 26 22 23 24 25 21 20 19 18 17 16 15 14 13 12 11 10 9 8 7 6 5 4 275 276 277 278 279 3 2 280 1
Knapsack Array = 1 0 1 0 0 0 1 1 0 1 1 1 0 0 1 0 1 1 0 0 1 0 1 1 1 0 1 0 0 1 1 0 1 0 0 1 0 0 0 0 1 1 0 0 1 0 0 1 0 0 1 0 1 1 0 0 0 0 1 0 0 0 1 0 1 0 0 0 0 0 1 1 1 1 1 0 1 0 0 1 0 0 1 0 0 1 1 1 0 0 0 0 0 0 0 0 1 0 0 1 0 1 1 1 1 1 0 1 0 1 0 0 1 1 0 0 1 0 0 1 0 1 0 1 1 1 0 0 1 0 0 1 0 1 1 1 1 1 0 1 1 1 0 0 1 0 0 0 0 0 0 1 1 0 0 1 0 1 0 1 1 0 1 1 0 1 0 1 0 0 1 1 1 1 0 1 0 0 0 1 1 1 0 0 0 1 0 0 0 0 0 0 0 0 0 0 0 0 0 0 0 0 0 0 0 1 0 0 0 0 0 0 0 0 0 0 0 1 0 0 0 0 0 1 0 0 1 0 0 0 0 1 0 0 0 0 0 0 0 0 0 0 0 0 0 0 0 0 0 1 0 0 0 0 1 0 0 0 0 0 1 1 0 0 0 0 0 0 0 0 0 0 0 1 1 1 1 1 1 
Picked Items (item,city) = (1 , 2) (3 , 4) (7 , 8) (8 , 9) (10 , 11) (11 , 12) (12 , 13) (15 , 16) (17 , 18) (18 , 19) (21 , 22) (23 , 24) (24 , 25) (25 , 26) (27 , 28) (30 , 31) (31 , 32) (33 , 34) (36 , 37) (41 , 42) (42 , 43) (45 , 46) (48 , 49) (51 , 52) (53 , 54) (54 , 55) (59 , 60) (63 , 64) (65 , 66) (71 , 72) (72 , 73) (73 , 74) (74 , 75) (75 , 76) (77 , 78) (80 , 81) (83 , 84) (86 , 87) (87 , 88) (88 , 89) (97 , 98) (100 , 101) (102 , 103) (103 , 104) (104 , 105) (105 , 106) (106 , 107) (108 , 109) (110 , 111) (113 , 114) (114 , 115) (117 , 118) (120 , 121) (122 , 123) (124 , 125) (125 , 126) (126 , 127) (129 , 130) (132 , 133) (134 , 135) (135 , 136) (136 , 137) (137 , 138) (138 , 139) (140 , 141) (141 , 142) (142 , 143) (145 , 146) (152 , 153) (153 , 154) (156 , 157) (158 , 159) (160 , 161) (161 , 162) (163 , 164) (164 , 165) (166 , 167) (168 , 169) (171 , 172) (172 , 173) (173 , 174) (174 , 175) (176 , 177) (180 , 181) (181 , 182) (182 , 183) (186 , 187) (206 , 207) (218 , 219) (224 , 225) (227 , 228) (232 , 233) (250 , 251) (255 , 256) (261 , 262) (262 , 263) (274 , 275) (275 , 276) (276 , 277) (277 , 278) (278 , 279) (279 , 280) 

Travel Time: 3481.3754555556774903; Profit: 50602; TSP Distance : 2865.7629600000004757; Weight: 22364 / 38156; 0000000
TSP Tour = 1 274 273 272 271 270 269 268 267 266 265 264 263 262 261 260 259 258 257 256 255 254 253 252 251 250 249 248 247 246 245 244 243 242 241 240 239 238 237 236 235 234 233 232 231 230 229 228 227 226 225 224 223 222 221 220 219 218 217 216 215 214 213 212 211 210 209 208 207 206 205 204 203 202 201 200 199 198 197 196 195 194 193 192 191 190 189 188 187 186 185 184 183 182 181 180 179 178 177 176 175 174 173 172 171 170 169 168 167 166 165 164 163 162 161 160 159 158 157 156 155 154 153 152 151 150 149 148 147 146 145 144 143 142 141 140 139 138 137 136 135 134 133 132 131 130 129 128 127 126 125 124 123 122 121 120 119 118 117 116 115 114 113 112 111 110 109 108 107 106 105 104 103 102 101 100 99 98 97 96 95 94 93 92 91 90 89 88 87 86 85 84 83 82 81 80 79 78 77 76 75 74 73 72 71 70 69 68 67 66 65 64 63 62 61 60 59 58 57 56 55 54 53 52 51 50 49 48 47 46 45 44 43 42 41 40 39 38 37 36 35 34 33 32 31 30 29 28 27 26 22 23 24 25 21 20 19 18 17 16 15 14 13 12 11 10 9 8 7 6 5 4 275 276 277 278 279 3 2 280 1
Knapsack Array = 1 0 1 0 0 0 1 1 0 1 1 1 0 0 1 0 1 1 0 0 1 0 1 1 1 0 1 0 0 1 1 0 1 0 0 1 0 0 0 0 1 1 0 0 1 0 0 1 0 0 1 0 1 1 0 0 0 0 1 0 0 0 1 0 1 0 0 0 0 0 1 1 1 1 1 0 1 0 0 1 0 0 1 0 0 1 1 1 0 0 0 0 0 0 0 0 1 0 0 0 0 1 0 0 0 1 0 1 0 1 0 0 0 1 0 0 1 0 0 1 0 1 0 1 1 1 0 0 1 0 0 1 0 1 0 1 0 0 0 1 0 0 0 0 0 0 0 0 1 0 0 1 0 0 0 0 0 0 0 1 1 0 0 0 0 0 0 0 0 0 0 0 0 0 0 0 0 0 0 0 0 0 0 0 0 0 0 0 0 0 0 0 0 0 0 0 0 0 0 0 0 0 0 0 0 1 0 0 0 0 0 0 0 0 0 0 0 1 0 0 0 0 0 1 0 0 1 0 0 0 0 1 0 0 0 0 0 0 0 0 0 0 0 0 0 0 0 0 0 1 0 0 0 0 1 0 0 0 0 0 1 1 0 0 0 0 0 0 0 0 0 0 0 1 1 1 1 1 1 
Picked Items (item,city) = (1 , 2) (3 , 4) (7 , 8) (8 , 9) (10 , 11) (11 , 12) (12 , 13) (15 , 16) (17 , 18) (18 , 19) (21 , 22) (23 , 24) (24 , 25) (25 , 26) (27 , 28) (30 , 31) (31 , 32) (33 , 34) (36 , 37) (41 , 42) (42 , 43) (45 , 46) (48 , 49) (51 , 52) (53 , 54) (54 , 55) (59 , 60) (63 , 64) (65 , 66) (71 , 72) (72 , 73) (73 , 74) (74 , 75) (75 , 76) (77 , 78) (80 , 81) (83 , 84) (86 , 87) (87 , 88) (88 , 89) (97 , 98) (102 , 103) (106 , 107) (108 , 109) (110 , 111) (114 , 115) (117 , 118) (120 , 121) (122 , 123) (124 , 125) (125 , 126) (126 , 127) (129 , 130) (132 , 133) (134 , 135) (136 , 137) (140 , 141) (149 , 150) (152 , 153) (160 , 161) (161 , 162) (206 , 207) (218 , 219) (224 , 225) (227 , 228) (232 , 233) (250 , 251) (255 , 256) (261 , 262) (262 , 263) (274 , 275) (275 , 276) (276 , 277) (277 , 278) (278 , 279) (279 , 280) 

Travel Time: 4822.7197374651359496; Profit: 66272; TSP Distance : 2797.8470600000005106; Weight: 32478 / 38156; 0000000
TSP Tour = 1 2 280 279 278 277 276 275 274 273 272 271 270 269 268 267 266 265 264 263 262 261 260 259 258 257 256 255 254 253 252 251 250 249 248 247 246 245 244 243 242 241 240 239 238 237 236 235 234 233 232 231 230 229 228 227 226 225 224 223 222 221 220 219 218 217 216 215 214 213 212 211 210 209 208 207 206 205 204 203 202 201 200 199 198 197 196 195 194 193 192 191 190 189 188 187 186 185 184 183 182 181 180 179 178 177 176 175 161 162 163 164 165 166 167 168 169 170 171 172 173 174 160 159 158 157 155 154 153 156 152 151 150 149 148 147 146 145 144 143 142 141 140 139 138 137 136 135 134 133 132 131 130 129 128 127 126 125 124 123 122 121 120 119 118 117 116 115 114 113 112 111 110 109 108 107 106 105 104 103 102 101 100 99 98 97 96 95 94 93 92 91 90 89 88 87 86 85 84 83 82 81 80 79 78 77 76 75 74 73 72 71 70 69 68 67 66 65 64 63 62 61 60 59 58 57 56 55 54 53 52 51 50 49 48 47 46 45 44 43 42 41 40 39 38 37 36 35 34 33 32 31 30 29 28 27 26 22 25 23 24 21 20 19 18 17 16 15 14 13 12 11 10 9 8 7 6 5 4 3 1
Knapsack Array = 1 0 1 0 0 0 1 1 0 1 1 1 0 0 1 0 1 1 0 0 1 0 1 1 1 0 1 0 0 1 1 0 1 0 0 1 0 0 0 0 1 1 0 0 1 0 0 1 0 0 1 0 1 1 0 0 0 0 1 0 0 0 1 0 1 0 0 0 0 0 1 1 1 1 1 0 1 0 0 1 0 0 1 0 0 1 1 1 0 0 0 0 0 0 0 0 1 0 0 1 0 1 1 1 1 1 0 1 0 1 0 0 1 1 0 0 1 0 0 1 0 1 0 1 1 1 0 0 1 0 0 1 0 1 1 1 1 1 0 1 1 1 0 0 1 0 0 0 0 0 0 1 1 0 0 1 0 1 0 1 1 0 1 1 0 1 0 1 0 0 1 1 1 1 0 1 0 0 0 1 1 1 0 0 0 1 0 0 0 0 0 1 1 1 1 0 0 1 1 0 0 0 0 0 1 1 0 1 1 1 0 0 0 0 0 0 0 1 1 0 0 0 0 1 0 0 1 0 0 1 0 1 0 0 0 0 0 0 0 0 0 0 0 0 0 0 0 0 0 1 0 0 0 0 0 0 0 0 0 0 0 0 0 0 0 0 0 0 0 0 0 0 0 0 0 0 0 0 0 
Picked Items (item,city) = (1 , 2) (3 , 4) (7 , 8) (8 , 9) (10 , 11) (11 , 12) (12 , 13) (15 , 16) (17 , 18) (18 , 19) (21 , 22) (23 , 24) (24 , 25) (25 , 26) (27 , 28) (30 , 31) (31 , 32) (33 , 34) (36 , 37) (41 , 42) (42 , 43) (45 , 46) (48 , 49) (51 , 52) (53 , 54) (54 , 55) (59 , 60) (63 , 64) (65 , 66) (71 , 72) (72 , 73) (73 , 74) (74 , 75) (75 , 76) (77 , 78) (80 , 81) (83 , 84) (86 , 87) (87 , 88) (88 , 89) (97 , 98) (100 , 101) (102 , 103) (103 , 104) (104 , 105) (105 , 106) (106 , 107) (108 , 109) (110 , 111) (113 , 114) (114 , 115) (117 , 118) (120 , 121) (122 , 123) (124 , 125) (125 , 126) (126 , 127) (129 , 130) (132 , 133) (134 , 135) (135 , 136) (136 , 137) (137 , 138) (138 , 139) (140 , 141) (141 , 142) (142 , 143) (145 , 146) (152 , 153) (153 , 154) (156 , 157) (158 , 159) (160 , 161) (161 , 162) (163 , 164) (164 , 165) (166 , 167) (168 , 169) (171 , 172) (172 , 173) (173 , 174) (174 , 175) (176 , 177) (180 , 181) (181 , 182) (182 , 183) (186 , 187) (192 , 193) (193 , 194) (194 , 195) (195 , 196) (198 , 199) (199 , 200) (205 , 206) (206 , 207) (208 , 209) (209 , 210) (210 , 211) (218 , 219) (219 , 220) (224 , 225) (227 , 228) (230 , 231) (232 , 233) (250 , 251) 

Travel Time: 4066.6276564385225356; Profit: 60650; TSP Distance : 2790.9983600000005026; Weight: 27948 / 38156; 0000000
TSP Tour = 1 2 280 3 279 278 277 276 275 274 273 272 271 270 269 268 267 266 265 264 263 262 261 260 259 258 257 256 255 254 253 252 251 250 249 248 247 246 245 244 243 242 241 240 239 238 237 236 235 234 233 232 231 230 229 228 227 226 225 224 223 222 221 220 219 218 217 216 215 214 213 212 211 210 209 208 207 206 205 204 203 202 201 200 199 198 197 196 195 194 193 192 191 190 189 188 187 186 185 184 183 182 181 180 179 178 177 176 175 161 162 163 164 165 166 167 168 169 170 171 172 173 174 160 159 158 157 155 154 153 156 152 151 150 149 148 147 146 145 144 143 142 141 140 139 138 137 136 135 134 133 132 131 130 129 128 127 126 125 124 123 122 121 120 119 118 117 116 115 114 113 112 111 110 109 108 107 106 105 104 103 102 101 100 99 98 97 96 95 94 93 92 91 90 89 88 87 86 85 84 83 82 81 80 79 78 77 76 75 74 73 72 71 70 69 68 67 66 65 64 63 62 61 60 59 58 57 56 55 54 53 52 51 50 49 48 47 46 45 44 43 42 41 40 39 38 37 36 35 34 33 32 31 30 29 28 27 26 22 25 23 24 21 20 19 18 17 16 15 14 13 12 11 10 9 8 7 6 5 4 1
Knapsack Array = 1 0 1 0 0 0 1 1 0 1 1 1 0 0 1 0 1 1 0 0 1 0 1 1 1 0 1 0 0 1 1 0 1 0 0 1 0 0 0 0 1 1 0 0 1 0 0 1 0 0 1 0 1 1 0 0 0 0 1 0 0 0 1 0 1 0 0 0 0 0 1 1 1 1 1 0 1 0 0 1 0 1 1 0 0 1 1 1 0 0 0 0 0 0 0 0 1 0 0 1 0 1 1 1 1 0 0 1 0 1 0 0 0 0 0 0 1 0 0 1 0 0 0 0 1 1 0 0 1 0 0 1 0 1 0 1 0 1 0 1 0 0 0 0 1 0 0 0 0 0 0 1 1 0 0 1 0 1 0 1 1 0 1 1 0 1 0 1 0 0 1 1 1 1 0 1 0 0 0 1 1 1 0 0 0 1 0 0 0 0 0 1 1 1 0 0 0 0 1 0 0 0 0 0 0 1 0 0 1 0 1 0 0 0 0 0 0 0 0 0 0 0 0 0 0 0 1 0 0 0 0 1 0 0 0 0 0 0 0 0 0 0 0 0 0 0 0 0 0 1 0 0 0 0 1 0 0 0 0 0 1 1 0 0 0 0 0 0 0 0 0 0 0 0 0 1 0 0 1 
Picked Items (item,city) = (1 , 2) (3 , 4) (7 , 8) (8 , 9) (10 , 11) (11 , 12) (12 , 13) (15 , 16) (17 , 18) (18 , 19) (21 , 22) (23 , 24) (24 , 25) (25 , 26) (27 , 28) (30 , 31) (31 , 32) (33 , 34) (36 , 37) (41 , 42) (42 , 43) (45 , 46) (48 , 49) (51 , 52) (53 , 54) (54 , 55) (59 , 60) (63 , 64) (65 , 66) (71 , 72) (72 , 73) (73 , 74) (74 , 75) (75 , 76) (77 , 78) (80 , 81) (82 , 83) (83 , 84) (86 , 87) (87 , 88) (88 , 89) (97 , 98) (100 , 101) (102 , 103) (103 , 104) (104 , 105) (105 , 106) (108 , 109) (110 , 111) (117 , 118) (120 , 121) (125 , 126) (126 , 127) (129 , 130) (132 , 133) (134 , 135) (136 , 137) (138 , 139) (140 , 141) (145 , 146) (152 , 153) (153 , 154) (156 , 157) (158 , 159) (160 , 161) (161 , 162) (163 , 164) (164 , 165) (166 , 167) (168 , 169) (171 , 172) (172 , 173) (173 , 174) (174 , 175) (176 , 177) (180 , 181) (181 , 182) (182 , 183) (186 , 187) (192 , 193) (193 , 194) (194 , 195) (199 , 200) (206 , 207) (209 , 210) (211 , 212) (227 , 228) (232 , 233) (250 , 251) (255 , 256) (261 , 262) (262 , 263) (276 , 277) (279 , 280) 

Travel Time: 3400.3778690261278825; Profit: 50197; TSP Distance : 2790.9983600000005026; Weight: 21063 / 38156; 0000000
TSP Tour = 1 2 280 3 279 278 277 276 275 274 273 272 271 270 269 268 267 266 265 264 263 262 261 260 259 258 257 256 255 254 253 252 251 250 249 248 247 246 245 244 243 242 241 240 239 238 237 236 235 234 233 232 231 230 229 228 227 226 225 224 223 222 221 220 219 218 217 216 215 214 213 212 211 210 209 208 207 206 205 204 203 202 201 200 199 198 197 196 195 194 193 192 191 190 189 188 187 186 185 184 183 182 181 180 179 178 177 176 175 161 162 163 164 165 166 167 168 169 170 171 172 173 174 160 159 158 157 155 154 153 156 152 151 150 149 148 147 146 145 144 143 142 141 140 139 138 137 136 135 134 133 132 131 130 129 128 127 126 125 124 123 122 121 120 119 118 117 116 115 114 113 112 111 110 109 108 107 106 105 104 103 102 101 100 99 98 97 96 95 94 93 92 91 90 89 88 87 86 85 84 83 82 81 80 79 78 77 76 75 74 73 72 71 70 69 68 67 66 65 64 63 62 61 60 59 58 57 56 55 54 53 52 51 50 49 48 47 46 45 44 43 42 41 40 39 38 37 36 35 34 33 32 31 30 29 28 27 26 22 25 23 24 21 20 19 18 17 16 15 14 13 12 11 10 9 8 7 6 5 4 1
Knapsack Array = 1 0 1 0 0 0 1 1 0 1 1 1 0 0 1 0 1 1 0 0 1 0 1 1 1 0 1 0 0 1 1 0 1 0 0 1 0 0 0 0 1 1 0 0 1 0 0 1 0 0 1 0 1 1 0 0 0 0 1 0 0 0 1 0 1 0 0 0 0 0 1 1 1 1 1 0 1 0 0 1 0 0 1 0 0 1 1 1 0 0 0 0 0 0 0 0 1 0 0 1 0 1 1 0 1 0 0 1 0 1 0 0 0 0 0 0 1 0 0 1 0 0 0 0 1 1 0 0 1 0 0 1 0 1 0 1 0 1 0 1 0 0 0 0 0 0 0 1 0 0 0 1 1 0 0 0 0 0 0 1 1 0 0 1 0 0 0 0 1 0 1 0 1 0 0 0 0 0 0 0 1 0 0 0 0 1 0 0 0 0 0 1 0 0 0 0 0 0 0 0 0 0 0 0 0 0 0 0 0 0 0 0 0 0 0 0 0 0 0 0 0 0 0 0 0 0 1 0 0 0 0 1 0 0 0 0 0 0 0 0 0 0 0 0 0 0 0 0 0 1 0 0 0 0 1 0 0 0 0 0 1 1 0 0 0 0 0 0 0 0 0 0 0 0 0 1 0 0 1 
Picked Items (item,city) = (1 , 2) (3 , 4) (7 , 8) (8 , 9) (10 , 11) (11 , 12) (12 , 13) (15 , 16) (17 , 18) (18 , 19) (21 , 22) (23 , 24) (24 , 25) (25 , 26) (27 , 28) (30 , 31) (31 , 32) (33 , 34) (36 , 37) (41 , 42) (42 , 43) (45 , 46) (48 , 49) (51 , 52) (53 , 54) (54 , 55) (59 , 60) (63 , 64) (65 , 66) (71 , 72) (72 , 73) (73 , 74) (74 , 75) (75 , 76) (77 , 78) (80 , 81) (83 , 84) (86 , 87) (87 , 88) (88 , 89) (97 , 98) (100 , 101) (102 , 103) (103 , 104) (105 , 106) (108 , 109) (110 , 111) (117 , 118) (120 , 121) (125 , 126) (126 , 127) (129 , 130) (132 , 133) (134 , 135) (136 , 137) (138 , 139) (140 , 141) (148 , 149) (152 , 153) (153 , 154) (160 , 161) (161 , 162) (164 , 165) (169 , 170) (171 , 172) (173 , 174) (181 , 182) (186 , 187) (192 , 193) (227 , 228) (232 , 233) (250 , 251) (255 , 256) (261 , 262) (262 , 263) (276 , 277) (279 , 280) 

Travel Time: 4791.984796675889811; Profit: 66116; TSP Distance : 2790.9983600000005026; Weight: 32477 / 38156; 0000000
TSP Tour = 1 2 280 3 279 278 277 276 275 274 273 272 271 270 269 268 267 266 265 264 263 262 261 260 259 258 257 256 255 254 253 252 251 250 249 248 247 246 245 244 243 242 241 240 239 238 237 236 235 234 233 232 231 230 229 228 227 226 225 224 223 222 221 220 219 218 217 216 215 214 213 212 211 210 209 208 207 206 205 204 203 202 201 200 199 198 197 196 195 194 193 192 191 190 189 188 187 186 185 184 183 182 181 180 179 178 177 176 175 161 162 163 164 165 166 167 168 169 170 171 172 173 174 160 159 158 157 155 154 153 156 152 151 150 149 148 147 146 145 144 143 142 141 140 139 138 137 136 135 134 133 132 131 130 129 128 127 126 125 124 123 122 121 120 119 118 117 116 115 114 113 112 111 110 109 108 107 106 105 104 103 102 101 100 99 98 97 96 95 94 93 92 91 90 89 88 87 86 85 84 83 82 81 80 79 78 77 76 75 74 73 72 71 70 69 68 67 66 65 64 63 62 61 60 59 58 57 56 55 54 53 52 51 50 49 48 47 46 45 44 43 42 41 40 39 38 37 36 35 34 33 32 31 30 29 28 27 26 22 25 23 24 21 20 19 18 17 16 15 14 13 12 11 10 9 8 7 6 5 4 1
Knapsack Array = 1 0 1 0 0 0 1 1 0 1 1 1 0 0 1 0 1 1 0 0 1 0 1 1 1 0 1 0 0 1 1 0 1 0 0 1 0 0 0 0 1 1 0 0 1 0 0 1 0 0 1 0 1 1 0 0 0 0 1 0 0 0 1 0 1 0 0 0 0 0 1 1 1 1 1 0 1 0 0 1 0 0 1 0 0 1 1 1 0 0 0 0 0 0 0 0 1 0 0 1 0 1 1 1 1 1 0 1 0 1 0 0 1 1 0 0 1 0 0 1 0 1 0 1 1 1 0 0 1 0 0 1 0 1 1 1 1 1 0 1 1 1 0 0 1 0 0 0 0 0 0 1 1 0 0 1 0 1 0 1 1 0 1 1 0 1 0 1 0 0 1 1 1 1 0 1 0 0 0 1 1 1 0 0 0 1 0 0 0 0 0 1 1 1 1 0 0 1 1 0 0 0 0 0 1 1 0 1 1 1 0 0 0 0 0 0 0 1 1 0 0 0 0 1 0 0 1 0 0 1 0 1 0 0 0 0 0 0 0 0 0 0 0 0 0 0 0 0 0 0 0 0 0 0 0 0 0 0 0 0 0 0 0 0 0 0 0 0 0 0 0 0 0 0 0 0 0 0 0 
Picked Items (item,city) = (1 , 2) (3 , 4) (7 , 8) (8 , 9) (10 , 11) (11 , 12) (12 , 13) (15 , 16) (17 , 18) (18 , 19) (21 , 22) (23 , 24) (24 , 25) (25 , 26) (27 , 28) (30 , 31) (31 , 32) (33 , 34) (36 , 37) (41 , 42) (42 , 43) (45 , 46) (48 , 49) (51 , 52) (53 , 54) (54 , 55) (59 , 60) (63 , 64) (65 , 66) (71 , 72) (72 , 73) (73 , 74) (74 , 75) (75 , 76) (77 , 78) (80 , 81) (83 , 84) (86 , 87) (87 , 88) (88 , 89) (97 , 98) (100 , 101) (102 , 103) (103 , 104) (104 , 105) (105 , 106) (106 , 107) (108 , 109) (110 , 111) (113 , 114) (114 , 115) (117 , 118) (120 , 121) (122 , 123) (124 , 125) (125 , 126) (126 , 127) (129 , 130) (132 , 133) (134 , 135) (135 , 136) (136 , 137) (137 , 138) (138 , 139) (140 , 141) (141 , 142) (142 , 143) (145 , 146) (152 , 153) (153 , 154) (156 , 157) (158 , 159) (160 , 161) (161 , 162) (163 , 164) (164 , 165) (166 , 167) (168 , 169) (171 , 172) (172 , 173) (173 , 174) (174 , 175) (176 , 177) (180 , 181) (181 , 182) (182 , 183) (186 , 187) (192 , 193) (193 , 194) (194 , 195) (195 , 196) (198 , 199) (199 , 200) (205 , 206) (206 , 207) (208 , 209) (209 , 210) (210 , 211) (218 , 219) (219 , 220) (224 , 225) (227 , 228) (230 , 231) (232 , 233) 

Travel Time: 3025.1766182759661206; Profit: 34133; TSP Distance : 2761.1714300000003277; Weight: 15088 / 38156; 0000000
TSP Tour = 1 2 280 3 279 278 277 276 275 274 273 272 271 270 269 268 267 266 265 264 263 262 261 260 259 258 257 256 255 254 253 252 251 250 249 248 247 246 245 244 243 242 241 240 239 238 237 236 235 234 233 232 231 230 229 228 227 226 225 224 223 222 221 220 219 218 217 216 215 214 213 212 211 210 209 208 207 206 205 204 203 202 201 200 199 198 197 196 195 194 193 192 191 190 189 188 187 186 185 184 183 182 181 180 179 150 149 148 147 146 145 144 143 142 141 140 139 138 137 136 135 134 133 132 131 130 129 128 127 126 125 124 123 122 121 154 155 153 156 152 151 178 177 176 175 161 162 163 164 165 166 167 168 169 170 171 172 173 174 160 159 158 157 119 120 118 117 116 115 114 113 112 111 110 109 108 107 106 105 104 103 102 101 100 99 98 97 96 95 94 93 92 91 90 89 88 87 86 85 84 83 82 81 80 79 78 77 76 75 74 73 72 71 70 69 68 67 66 65 64 63 62 61 60 59 58 57 56 55 54 53 52 51 50 49 48 47 46 45 44 43 42 41 40 39 38 37 36 35 34 33 32 31 30 29 28 27 26 22 25 23 24 21 20 19 18 17 16 15 14 13 12 11 10 9 8 7 6 5 4 1
Knapsack Array = 1 0 1 0 0 0 1 1 0 1 1 1 0 0 1 0 1 1 0 0 1 0 1 1 1 0 1 0 0 1 1 0 1 0 0 1 0 0 0 0 1 1 0 0 1 0 0 1 0 0 1 0 1 1 0 0 0 0 1 0 0 0 1 0 1 0 0 0 0 0 1 1 1 1 1 0 1 0 0 1 0 0 1 0 0 1 1 1 0 0 0 0 0 0 0 0 0 0 0 0 0 0 0 0 0 0 0 0 0 1 0 0 1 0 0 0 1 0 0 0 0 0 0 0 1 1 0 0 0 0 0 1 0 0 0 1 0 0 0 1 0 0 0 0 0 0 0 0 0 0 0 1 0 0 0 0 0 0 0 0 0 0 0 0 0 0 0 0 0 0 0 0 0 0 0 0 0 0 0 0 0 0 0 0 0 0 0 0 0 0 0 0 0 0 0 0 0 0 0 0 0 0 0 0 0 0 0 0 0 0 0 0 0 0 0 0 0 0 0 0 0 0 0 0 0 0 0 0 0 0 0 0 0 0 0 0 0 0 0 0 0 0 0 0 0 0 0 0 0 0 0 0 0 0 0 0 0 0 0 0 0 0 0 0 0 0 0 0 0 0 0 0 0 0 0 0 0 0 0 
Picked Items (item,city) = (1 , 2) (3 , 4) (7 , 8) (8 , 9) (10 , 11) (11 , 12) (12 , 13) (15 , 16) (17 , 18) (18 , 19) (21 , 22) (23 , 24) (24 , 25) (25 , 26) (27 , 28) (30 , 31) (31 , 32) (33 , 34) (36 , 37) (41 , 42) (42 , 43) (45 , 46) (48 , 49) (51 , 52) (53 , 54) (54 , 55) (59 , 60) (63 , 64) (65 , 66) (71 , 72) (72 , 73) (73 , 74) (74 , 75) (75 , 76) (77 , 78) (80 , 81) (83 , 84) (86 , 87) (87 , 88) (88 , 89) (110 , 111) (113 , 114) (117 , 118) (125 , 126) (126 , 127) (132 , 133) (136 , 137) (140 , 141) (152 , 153) 

Travel Time: 2991.1691765178443347; Profit: 32051; TSP Distance : 2761.1714300000003277; Weight: 14036 / 38156; 0000000
TSP Tour = 1 2 280 3 279 278 277 276 275 274 273 272 271 270 269 268 267 266 265 264 263 262 261 260 259 258 257 256 255 254 253 252 251 250 249 248 247 246 245 244 243 242 241 240 239 238 237 236 235 234 233 232 231 230 229 228 227 226 225 224 223 222 221 220 219 218 217 216 215 214 213 212 211 210 209 208 207 206 205 204 203 202 201 200 199 198 197 196 195 194 193 192 191 190 189 188 187 186 185 184 183 182 181 180 179 150 149 148 147 146 145 144 143 142 141 140 139 138 137 136 135 134 133 132 131 130 129 128 127 126 125 124 123 122 121 154 155 153 156 152 151 178 177 176 175 161 162 163 164 165 166 167 168 169 170 171 172 173 174 160 159 158 157 119 120 118 117 116 115 114 113 112 111 110 109 108 107 106 105 104 103 102 101 100 99 98 97 96 95 94 93 92 91 90 89 88 87 86 85 84 83 82 81 80 79 78 77 76 75 74 73 72 71 70 69 68 67 66 65 64 63 62 61 60 59 58 57 56 55 54 53 52 51 50 49 48 47 46 45 44 43 42 41 40 39 38 37 36 35 34 33 32 31 30 29 28 27 26 22 25 23 24 21 20 19 18 17 16 15 14 13 12 11 10 9 8 7 6 5 4 1
Knapsack Array = 1 0 1 0 0 0 1 1 0 1 1 1 0 0 1 0 1 1 0 0 1 0 1 1 1 0 1 0 0 1 1 0 1 0 0 1 0 0 0 0 1 1 0 0 1 0 0 1 0 0 1 0 1 1 0 0 0 0 1 0 0 0 1 0 1 0 0 0 0 0 1 1 1 1 1 0 1 0 0 1 0 0 1 0 0 0 0 0 0 0 0 0 0 0 0 0 0 0 0 0 0 0 0 0 0 0 0 0 0 1 0 0 1 0 0 0 1 0 0 0 0 0 0 0 1 1 0 0 0 0 0 1 0 0 0 1 0 0 0 1 0 0 0 0 0 0 0 0 0 0 0 1 0 0 0 0 0 0 0 0 0 0 0 0 0 0 0 0 0 0 0 0 0 0 0 0 0 0 0 0 0 0 0 0 0 0 0 0 0 0 0 0 0 0 0 0 0 0 0 0 0 0 0 0 0 0 0 0 0 0 0 0 0 0 0 0 0 0 0 0 0 0 0 0 0 0 0 0 0 0 0 0 0 0 0 0 0 0 0 0 0 0 0 0 0 0 0 0 0 0 0 0 0 0 0 0 0 0 0 0 0 0 0 0 0 0 0 0 0 0 0 0 0 0 0 0 0 0 0 
Picked Items (item,city) = (1 , 2) (3 , 4) (7 , 8) (8 , 9) (10 , 11) (11 , 12) (12 , 13) (15 , 16) (17 , 18) (18 , 19) (21 , 22) (23 , 24) (24 , 25) (25 , 26) (27 , 28) (30 , 31) (31 , 32) (33 , 34) (36 , 37) (41 , 42) (42 , 43) (45 , 46) (48 , 49) (51 , 52) (53 , 54) (54 , 55) (59 , 60) (63 , 64) (65 , 66) (71 , 72) (72 , 73) (73 , 74) (74 , 75) (75 , 76) (77 , 78) (80 , 81) (83 , 84) (110 , 111) (113 , 114) (117 , 118) (125 , 126) (126 , 127) (132 , 133) (136 , 137) (140 , 141) (152 , 153) 

Travel Time: 3742.7815508218900504; Profit: 52460; TSP Distance : 2790.9983600000005026; Weight: 25258 / 38156; 0000000
TSP Tour = 1 2 280 3 279 278 277 276 275 274 273 272 271 270 269 268 267 266 265 264 263 262 261 260 259 258 257 256 255 254 253 252 251 250 249 248 247 246 245 244 243 242 241 240 239 238 237 236 235 234 233 232 231 230 229 228 227 226 225 224 223 222 221 220 219 218 217 216 215 214 213 212 211 210 209 208 207 206 205 204 203 202 201 200 199 198 197 196 195 194 193 192 191 190 189 188 187 186 185 184 183 182 181 180 179 178 177 176 175 161 162 163 164 165 166 167 168 169 170 171 172 173 174 160 159 158 157 155 154 153 156 152 151 150 149 148 147 146 145 144 143 142 141 140 139 138 137 136 135 134 133 132 131 130 129 128 127 126 125 124 123 122 121 120 119 118 117 116 115 114 113 112 111 110 109 108 107 106 105 104 103 102 101 100 99 98 97 96 95 94 93 92 91 90 89 88 87 86 85 84 83 82 81 80 79 78 77 76 75 74 73 72 71 70 69 68 67 66 65 64 63 62 61 60 59 58 57 56 55 54 53 52 51 50 49 48 47 46 45 44 43 42 41 40 39 38 37 36 35 34 33 32 31 30 29 28 27 26 22 25 23 24 21 20 19 18 17 16 15 14 13 12 11 10 9 8 7 6 5 4 1
Knapsack Array = 1 0 1 0 0 0 1 1 0 1 1 1 0 0 1 0 1 1 0 0 1 0 1 1 1 0 1 0 0 1 1 0 1 0 0 1 0 0 0 0 1 1 0 0 1 0 0 1 0 0 1 0 1 1 0 0 0 0 1 0 0 0 1 0 1 0 0 0 0 0 1 1 1 1 1 0 1 0 0 1 0 0 1 0 0 1 1 1 0 0 0 0 0 0 0 0 1 0 0 1 0 1 0 1 0 1 0 1 0 1 0 0 0 0 0 0 1 0 0 0 0 0 0 1 1 1 0 0 1 0 0 1 0 1 1 1 1 1 0 1 1 1 0 0 1 0 0 0 0 0 0 1 1 0 0 1 0 1 0 1 1 0 1 1 0 1 0 1 0 0 1 1 1 1 0 1 0 0 0 1 0 0 0 0 0 0 0 0 0 0 0 1 0 0 0 0 0 0 0 0 0 0 0 0 0 0 0 0 0 0 0 0 0 0 0 0 0 0 0 0 0 0 0 0 0 0 1 0 0 0 0 0 0 0 0 0 0 0 0 0 0 0 0 0 0 0 0 0 0 1 0 0 0 0 0 0 0 0 0 0 0 0 0 0 0 0 0 0 0 0 0 0 0 0 0 0 0 0 0 
Picked Items (item,city) = (1 , 2) (3 , 4) (7 , 8) (8 , 9) (10 , 11) (11 , 12) (12 , 13) (15 , 16) (17 , 18) (18 , 19) (21 , 22) (23 , 24) (24 , 25) (25 , 26) (27 , 28) (30 , 31) (31 , 32) (33 , 34) (36 , 37) (41 , 42) (42 , 43) (45 , 46) (48 , 49) (51 , 52) (53 , 54) (54 , 55) (59 , 60) (63 , 64) (65 , 66) (71 , 72) (72 , 73) (73 , 74) (74 , 75) (75 , 76) (77 , 78) (80 , 81) (83 , 84) (86 , 87) (87 , 88) (88 , 89) (97 , 98) (100 , 101) (102 , 103) (104 , 105) (106 , 107) (108 , 109) (110 , 111) (117 , 118) (124 , 125) (125 , 126) (126 , 127) (129 , 130) (132 , 133) (134 , 135) (135 , 136) (136 , 137) (137 , 138) (138 , 139) (140 , 141) (141 , 142) (142 , 143) (145 , 146) (152 , 153) (153 , 154) (156 , 157) (158 , 159) (160 , 161) (161 , 162) (163 , 164) (164 , 165) (166 , 167) (168 , 169) (171 , 172) (172 , 173) (173 , 174) (174 , 175) (176 , 177) (180 , 181) (192 , 193) (227 , 228) (250 , 251) 

Travel Time: 4824.1116018479706327; Profit: 67026; TSP Distance : 2790.9983600000005026; Weight: 32061 / 38156; 0000000
TSP Tour = 1 2 280 3 279 278 277 276 275 274 273 272 271 270 269 268 267 266 265 264 263 262 261 260 259 258 257 256 255 254 253 252 251 250 249 248 247 246 245 244 243 242 241 240 239 238 237 236 235 234 233 232 231 230 229 228 227 226 225 224 223 222 221 220 219 218 217 216 215 214 213 212 211 210 209 208 207 206 205 204 203 202 201 200 199 198 197 196 195 194 193 192 191 190 189 188 187 186 185 184 183 182 181 180 179 178 177 176 175 161 162 163 164 165 166 167 168 169 170 171 172 173 174 160 159 158 157 155 154 153 156 152 151 150 149 148 147 146 145 144 143 142 141 140 139 138 137 136 135 134 133 132 131 130 129 128 127 126 125 124 123 122 121 120 119 118 117 116 115 114 113 112 111 110 109 108 107 106 105 104 103 102 101 100 99 98 97 96 95 94 93 92 91 90 89 88 87 86 85 84 83 82 81 80 79 78 77 76 75 74 73 72 71 70 69 68 67 66 65 64 63 62 61 60 59 58 57 56 55 54 53 52 51 50 49 48 47 46 45 44 43 42 41 40 39 38 37 36 35 34 33 32 31 30 29 28 27 26 22 25 23 24 21 20 19 18 17 16 15 14 13 12 11 10 9 8 7 6 5 4 1
Knapsack Array = 1 0 1 0 0 0 1 1 0 1 1 1 0 0 1 0 1 1 0 0 1 0 1 1 1 0 1 0 0 1 1 0 1 0 0 1 0 0 0 0 1 1 0 0 1 0 0 1 0 0 1 0 1 1 0 0 0 0 1 0 0 0 1 0 1 0 0 0 0 0 1 1 1 1 1 0 1 0 0 1 0 0 1 0 0 1 1 1 0 0 0 0 0 0 0 0 1 0 0 1 0 1 0 1 0 1 0 1 0 1 0 0 0 0 0 0 1 0 0 0 0 0 0 1 1 1 0 0 1 0 0 1 0 1 1 1 1 1 0 1 1 1 0 0 1 0 0 0 0 0 0 1 1 0 0 1 0 1 0 1 1 0 1 1 0 1 0 1 0 0 1 1 1 1 0 1 0 0 0 1 1 1 0 0 0 1 0 0 0 0 0 1 1 1 1 0 0 1 1 0 0 0 0 0 1 1 0 1 1 1 0 0 0 0 0 0 0 1 1 0 0 0 0 1 0 0 1 0 0 1 0 1 0 0 0 0 0 0 0 0 1 0 0 0 0 1 0 0 0 1 0 1 0 0 1 0 1 0 1 1 0 0 0 0 0 0 0 0 0 0 0 0 0 0 0 0 0 0 0 
Picked Items (item,city) = (1 , 2) (3 , 4) (7 , 8) (8 , 9) (10 , 11) (11 , 12) (12 , 13) (15 , 16) (17 , 18) (18 , 19) (21 , 22) (23 , 24) (24 , 25) (25 , 26) (27 , 28) (30 , 31) (31 , 32) (33 , 34) (36 , 37) (41 , 42) (42 , 43) (45 , 46) (48 , 49) (51 , 52) (53 , 54) (54 , 55) (59 , 60) (63 , 64) (65 , 66) (71 , 72) (72 , 73) (73 , 74) (74 , 75) (75 , 76) (77 , 78) (80 , 81) (83 , 84) (86 , 87) (87 , 88) (88 , 89) (97 , 98) (100 , 101) (102 , 103) (104 , 105) (106 , 107) (108 , 109) (110 , 111) (117 , 118) (124 , 125) (125 , 126) (126 , 127) (129 , 130) (132 , 133) (134 , 135) (135 , 136) (136 , 137) (137 , 138) (138 , 139) (140 , 141) (141 , 142) (142 , 143) (145 , 146) (152 , 153) (153 , 154) (156 , 157) (158 , 159) (160 , 161) (161 , 162) (163 , 164) (164 , 165) (166 , 167) (168 , 169) (171 , 172) (172 , 173) (173 , 174) (174 , 175) (176 , 177) (180 , 181) (181 , 182) (182 , 183) (186 , 187) (192 , 193) (193 , 194) (194 , 195) (195 , 196) (198 , 199) (199 , 200) (205 , 206) (206 , 207) (208 , 209) (209 , 210) (210 , 211) (218 , 219) (219 , 220) (224 , 225) (227 , 228) (230 , 231) (232 , 233) (241 , 242) (246 , 247) (250 , 251) (252 , 253) (255 , 256) (257 , 258) (259 , 260) (260 , 261) 

Travel Time: 2962.7447300761818951; Profit: 28245; TSP Distance : 2761.1714300000003277; Weight: 13822 / 38156; 0000000
TSP Tour = 1 2 280 3 279 278 277 276 275 274 273 272 271 270 269 268 267 266 265 264 263 262 261 260 259 258 257 256 255 254 253 252 251 250 249 248 247 246 245 244 243 242 241 240 239 238 237 236 235 234 233 232 231 230 229 228 227 226 225 224 223 222 221 220 219 218 217 216 215 214 213 212 211 210 209 208 207 206 205 204 203 202 201 200 199 198 197 196 195 194 193 192 191 190 189 188 187 186 185 184 183 182 181 180 179 150 149 148 147 146 145 144 143 142 141 140 139 138 137 136 135 134 133 132 131 130 129 128 127 126 125 124 123 122 121 154 155 153 156 152 151 178 177 176 175 161 162 163 164 165 166 167 168 169 170 171 172 173 174 160 159 158 157 119 120 118 117 116 115 114 113 112 111 110 109 108 107 106 105 104 103 102 101 100 99 98 97 96 95 94 93 92 91 90 89 88 87 86 85 84 83 82 81 80 79 78 77 76 75 74 73 72 71 70 69 68 67 66 65 64 63 62 61 60 59 58 57 56 55 54 53 52 51 50 49 48 47 46 45 44 43 42 41 40 39 38 37 36 35 34 33 32 31 30 29 28 27 26 22 25 23 24 21 20 19 18 17 16 15 14 13 12 11 10 9 8 7 6 5 4 1
Knapsack Array = 1 0 1 0 0 0 1 1 0 1 1 1 0 0 1 0 1 1 0 0 1 0 1 1 1 0 1 0 0 1 1 0 1 0 0 1 0 0 0 0 1 1 0 0 1 0 0 1 0 0 1 0 1 1 0 0 0 0 1 0 0 0 1 0 1 0 0 0 0 0 1 1 1 1 1 0 1 0 0 1 0 0 1 0 0 1 1 1 0 0 0 0 0 0 0 0 1 0 0 1 0 0 0 0 0 0 0 0 0 0 0 0 0 0 0 0 0 0 0 0 0 0 0 0 0 0 0 0 0 0 0 0 0 0 0 0 0 0 0 0 0 0 0 0 0 0 0 0 0 0 0 0 0 0 0 0 0 0 0 0 0 0 0 0 0 0 0 0 0 0 0 0 0 0 0 0 0 0 0 0 0 0 0 0 0 0 0 0 0 0 0 0 0 0 0 0 0 0 0 0 0 0 0 0 0 0 0 0 0 0 0 0 0 0 0 0 0 0 0 0 0 0 0 0 0 0 0 0 0 0 0 0 0 0 0 0 0 0 0 0 0 0 0 0 0 0 0 0 0 0 0 0 0 0 0 0 0 0 0 0 0 0 0 0 0 0 0 0 0 0 0 0 0 0 0 0 0 0 0 
Picked Items (item,city) = (1 , 2) (3 , 4) (7 , 8) (8 , 9) (10 , 11) (11 , 12) (12 , 13) (15 , 16) (17 , 18) (18 , 19) (21 , 22) (23 , 24) (24 , 25) (25 , 26) (27 , 28) (30 , 31) (31 , 32) (33 , 34) (36 , 37) (41 , 42) (42 , 43) (45 , 46) (48 , 49) (51 , 52) (53 , 54) (54 , 55) (59 , 60) (63 , 64) (65 , 66) (71 , 72) (72 , 73) (73 , 74) (74 , 75) (75 , 76) (77 , 78) (80 , 81) (83 , 84) (86 , 87) (87 , 88) (88 , 89) (97 , 98) (100 , 101) 

Travel Time: 2629.0513840582266312; Profit: 10898; TSP Distance : 2587.9299300000006951; Weight: 5321 / 38156; 0000000
TSP Tour = 1 2 242 243 241 240 239 238 237 236 235 234 233 232 231 246 245 244 247 250 251 230 229 228 227 226 225 224 223 222 221 220 219 218 217 216 215 214 213 212 211 210 207 206 205 204 203 202 201 198 197 196 195 194 193 192 191 190 189 188 187 186 185 184 183 182 181 176 180 179 150 178 177 151 152 156 153 155 154 129 128 127 126 30 125 124 123 122 121 120 119 157 158 159 160 175 161 162 163 164 165 166 167 168 169 170 172 171 173 174 107 106 105 104 103 102 101 100 99 98 97 96 95 94 93 92 91 90 89 109 108 110 111 114 113 112 88 87 84 83 82 81 80 79 78 77 75 76 74 73 72 71 70 67 69 68 58 57 56 55 54 53 52 51 50 49 48 47 46 45 44 59 63 64 65 66 85 86 116 115 117 118 62 61 60 43 42 41 40 39 38 37 36 35 34 33 32 31 29 28 27 26 22 25 23 24 14 15 13 12 11 10 9 8 7 6 5 4 277 276 275 274 273 272 271 16 17 18 19 20 21 130 131 132 133 134 270 269 135 136 268 267 137 138 139 149 148 147 146 145 199 200 144 143 142 141 140 266 265 264 263 262 261 260 259 258 257 254 253 208 209 252 255 256 249 248 278 279 3 280 1
Knapsack Array = 0 0 0 0 0 0 0 0 0 0 0 0 0 0 0 0 0 0 0 0 0 0 0 0 0 0 0 0 0 0 0 0 0 0 0 0 0 0 0 0 0 0 0 0 0 0 0 0 0 0 0 0 0 0 0 0 0 0 0 0 0 0 0 0 0 0 0 0 0 0 0 0 0 0 0 0 0 0 0 0 0 0 0 0 0 0 0 0 0 0 0 0 0 0 0 0 0 0 0 0 0 0 0 0 0 0 0 0 0 0 0 0 0 0 0 0 0 0 0 0 0 0 0 0 0 0 0 0 0 0 0 0 0 0 0 0 0 0 0 0 0 0 0 0 0 0 0 0 0 0 0 0 0 0 0 0 0 0 0 0 0 0 0 0 0 0 0 0 0 0 0 0 0 0 0 0 0 0 0 0 0 0 0 0 0 0 0 0 0 0 0 0 0 0 0 0 0 0 0 0 0 0 0 0 0 0 0 0 0 0 0 0 0 0 0 0 0 0 0 0 0 0 0 0 0 0 0 0 0 0 0 0 0 0 0 0 0 0 0 0 0 0 0 0 0 1 0 0 0 1 0 1 0 0 1 0 1 0 1 1 1 1 1 1 0 0 0 0 0 0 1 0 1 1 1 1 1 0 1 
Picked Items (item,city) = (246 , 247) (250 , 251) (252 , 253) (255 , 256) (257 , 258) (259 , 260) (260 , 261) (261 , 262) (262 , 263) (263 , 264) (264 , 265) (271 , 272) (273 , 274) (274 , 275) (275 , 276) (276 , 277) (277 , 278) (279 , 280) 

Travel Time: 6990.0546277504518002; Profit: 77622; TSP Distance : 2797.8470600000005106; Weight: 38083 / 38156; 0000000
TSP Tour = 1 2 280 279 278 277 276 275 274 273 272 271 270 269 268 267 266 265 264 263 262 261 260 259 258 257 256 255 254 253 252 251 250 249 248 247 246 245 244 243 242 241 240 239 238 237 236 235 234 233 232 231 230 229 228 227 226 225 224 223 222 221 220 219 218 217 216 215 214 213 212 211 210 209 208 207 206 205 204 203 202 201 200 199 198 197 196 195 194 193 192 191 190 189 188 187 186 185 184 183 182 181 180 179 178 177 176 175 161 162 163 164 165 166 167 168 169 170 171 172 173 174 160 159 158 157 155 154 153 156 152 151 150 149 148 147 146 145 144 143 142 141 140 139 138 137 136 135 134 133 132 131 130 129 128 127 126 125 124 123 122 121 120 119 118 117 116 115 114 113 112 111 110 109 108 107 106 105 104 103 102 101 100 99 98 97 96 95 94 93 92 91 90 89 88 87 86 85 84 83 82 81 80 79 78 77 76 75 74 73 72 71 70 69 68 67 66 65 64 63 62 61 60 59 58 57 56 55 54 53 52 51 50 49 48 47 46 45 44 43 42 41 40 39 38 37 36 35 34 33 32 31 30 29 28 27 26 22 25 23 24 21 20 19 18 17 16 15 14 13 12 11 10 9 8 7 6 5 4 3 1
Knapsack Array = 1 0 1 0 0 0 1 1 0 1 1 1 0 0 1 0 1 1 0 0 1 0 1 1 1 0 1 0 0 1 1 0 1 0 0 1 0 0 0 0 1 1 0 0 1 0 0 1 0 0 1 0 1 1 0 0 0 0 1 0 0 0 1 0 1 0 0 0 0 0 1 1 1 1 1 0 1 0 0 1 0 0 1 0 0 1 1 1 0 0 0 0 0 0 0 0 1 0 0 1 0 1 1 1 1 1 0 1 0 1 0 0 1 0 0 0 1 0 0 1 0 1 0 1 1 1 0 0 1 0 0 1 0 1 1 1 1 1 0 1 1 1 0 0 1 0 0 0 0 0 0 1 1 0 0 1 0 1 0 1 1 0 1 1 0 1 0 1 0 0 1 1 1 1 0 1 0 0 0 1 1 1 0 0 0 1 0 0 0 0 0 1 1 1 1 0 0 1 1 0 0 0 0 0 1 1 0 1 1 1 0 0 0 0 0 0 0 1 1 0 0 0 0 1 0 0 1 0 0 1 0 1 0 0 0 0 0 0 0 0 1 0 0 0 0 1 0 0 0 1 0 1 0 0 1 0 1 0 1 1 1 1 1 1 0 0 0 0 0 0 1 0 1 1 1 1 1 0 1 
Picked Items (item,city) = (1 , 2) (3 , 4) (7 , 8) (8 , 9) (10 , 11) (11 , 12) (12 , 13) (15 , 16) (17 , 18) (18 , 19) (21 , 22) (23 , 24) (24 , 25) (25 , 26) (27 , 28) (30 , 31) (31 , 32) (33 , 34) (36 , 37) (41 , 42) (42 , 43) (45 , 46) (48 , 49) (51 , 52) (53 , 54) (54 , 55) (59 , 60) (63 , 64) (65 , 66) (71 , 72) (72 , 73) (73 , 74) (74 , 75) (75 , 76) (77 , 78) (80 , 81) (83 , 84) (86 , 87) (87 , 88) (88 , 89) (97 , 98) (100 , 101) (102 , 103) (103 , 104) (104 , 105) (105 , 106) (106 , 107) (108 , 109) (110 , 111) (113 , 114) (117 , 118) (120 , 121) (122 , 123) (124 , 125) (125 , 126) (126 , 127) (129 , 130) (132 , 133) (134 , 135) (135 , 136) (136 , 137) (137 , 138) (138 , 139) (140 , 141) (141 , 142) (142 , 143) (145 , 146) (152 , 153) (153 , 154) (156 , 157) (158 , 159) (160 , 161) (161 , 162) (163 , 164) (164 , 165) (166 , 167) (168 , 169) (171 , 172) (172 , 173) (173 , 174) (174 , 175) (176 , 177) (180 , 181) (181 , 182) (182 , 183) (186 , 187) (192 , 193) (193 , 194) (194 , 195) (195 , 196) (198 , 199) (199 , 200) (205 , 206) (206 , 207) (208 , 209) (209 , 210) (210 , 211) (218 , 219) (219 , 220) (224 , 225) (227 , 228) (230 , 231) (232 , 233) (241 , 242) (246 , 247) (250 , 251) (252 , 253) (255 , 256) (257 , 258) (259 , 260) (260 , 261) (261 , 262) (262 , 263) (263 , 264) (264 , 265) (271 , 272) (273 , 274) (274 , 275) (275 , 276) (276 , 277) (277 , 278) (279 , 280) 

Travel Time: 2728.1263998460622133; Profit: 21317; TSP Distance : 2587.9299300000006951; Weight: 10165 / 38156; 0000000
TSP Tour = 1 2 242 243 241 240 239 238 237 236 235 234 233 232 231 246 245 244 247 250 251 230 229 228 227 226 225 224 223 222 221 220 219 218 217 216 215 214 213 212 211 210 207 206 205 204 203 202 201 198 197 196 195 194 193 192 191 190 189 188 187 186 185 184 183 182 181 176 180 179 150 178 177 151 152 156 153 155 154 129 128 127 126 30 125 124 123 122 121 120 119 157 158 159 160 175 161 162 163 164 165 166 167 168 169 170 172 171 173 174 107 106 105 104 103 102 101 100 99 98 97 96 95 94 93 92 91 90 89 109 108 110 111 114 113 112 88 87 84 83 82 81 80 79 78 77 75 76 74 73 72 71 70 67 69 68 58 57 56 55 54 53 52 51 50 49 48 47 46 45 44 59 63 64 65 66 85 86 116 115 117 118 62 61 60 43 42 41 40 39 38 37 36 35 34 33 32 31 29 28 27 26 22 25 23 24 14 15 13 12 11 10 9 8 7 6 5 4 277 276 275 274 273 272 271 16 17 18 19 20 21 130 131 132 133 134 270 269 135 136 268 267 137 138 139 149 148 147 146 145 199 200 144 143 142 141 140 266 265 264 263 262 261 260 259 258 257 254 253 208 209 252 255 256 249 248 278 279 3 280 1
Knapsack Array = 1 0 1 0 0 0 1 1 0 1 1 1 0 0 0 1 0 1 0 0 0 0 1 0 0 0 0 0 0 0 0 0 1 1 0 1 0 0 1 1 0 0 0 1 0 0 0 0 0 0 1 0 0 0 0 0 0 0 0 0 0 0 1 0 0 0 0 0 0 0 0 0 0 0 0 0 0 0 0 0 0 0 0 0 0 0 0 0 0 0 0 0 0 0 0 0 0 0 0 0 0 0 0 0 0 0 0 0 0 0 0 0 0 0 0 0 0 0 0 0 0 0 0 0 0 0 0 0 0 0 0 0 0 0 0 0 0 0 0 0 0 0 0 0 0 0 0 0 0 0 0 0 0 0 0 0 0 0 0 0 0 0 0 0 0 0 0 0 0 0 0 0 0 0 0 0 0 0 0 0 0 0 0 0 0 0 0 0 0 0 0 0 0 0 0 0 0 0 0 0 0 0 0 0 0 0 0 0 0 0 0 0 0 0 0 0 0 0 0 0 0 0 0 0 0 0 0 0 0 0 0 0 0 0 0 0 0 0 0 0 0 0 0 0 0 0 0 0 0 1 0 1 0 0 1 0 1 0 1 1 1 1 1 1 0 0 0 0 0 0 1 0 1 1 1 1 1 0 1 
Picked Items (item,city) = (1 , 2) (3 , 4) (7 , 8) (8 , 9) (10 , 11) (11 , 12) (12 , 13) (16 , 17) (18 , 19) (23 , 24) (33 , 34) (34 , 35) (36 , 37) (39 , 40) (40 , 41) (44 , 45) (51 , 52) (63 , 64) (250 , 251) (252 , 253) (255 , 256) (257 , 258) (259 , 260) (260 , 261) (261 , 262) (262 , 263) (263 , 264) (264 , 265) (271 , 272) (273 , 274) (274 , 275) (275 , 276) (276 , 277) (277 , 278) (279 , 280) 

Travel Time: 4446.0801770323387245; Profit: 64691; TSP Distance : 2790.9983600000005026; Weight: 30199 / 38156; 0000000
TSP Tour = 1 2 280 3 279 278 277 276 275 274 273 272 271 270 269 268 267 266 265 264 263 262 261 260 259 258 257 256 255 254 253 252 251 250 249 248 247 246 245 244 243 242 241 240 239 238 237 236 235 234 233 232 231 230 229 228 227 226 225 224 223 222 221 220 219 218 217 216 215 214 213 212 211 210 209 208 207 206 205 204 203 202 201 200 199 198 197 196 195 194 193 192 191 190 189 188 187 186 185 184 183 182 181 180 179 178 177 176 175 161 162 163 164 165 166 167 168 169 170 171 172 173 174 160 159 158 157 155 154 153 156 152 151 150 149 148 147 146 145 144 143 142 141 140 139 138 137 136 135 134 133 132 131 130 129 128 127 126 125 124 123 122 121 120 119 118 117 116 115 114 113 112 111 110 109 108 107 106 105 104 103 102 101 100 99 98 97 96 95 94 93 92 91 90 89 88 87 86 85 84 83 82 81 80 79 78 77 76 75 74 73 72 71 70 69 68 67 66 65 64 63 62 61 60 59 58 57 56 55 54 53 52 51 50 49 48 47 46 45 44 43 42 41 40 39 38 37 36 35 34 33 32 31 30 29 28 27 26 22 25 23 24 21 20 19 18 17 16 15 14 13 12 11 10 9 8 7 6 5 4 1
Knapsack Array = 1 0 1 0 0 0 1 1 0 1 1 1 0 0 1 0 1 1 0 0 1 0 1 1 1 0 1 0 0 1 1 0 1 0 0 1 0 0 0 0 1 1 0 0 1 0 0 1 0 0 1 0 1 1 0 0 0 0 1 0 0 0 1 0 1 0 0 0 0 0 1 1 1 1 1 0 1 0 0 1 0 0 1 0 0 1 1 1 0 0 0 0 0 0 0 0 1 0 0 1 0 1 1 1 1 1 0 1 0 1 0 0 1 1 0 0 1 0 0 1 0 1 0 1 1 1 0 0 1 0 0 1 0 1 1 1 1 1 0 1 1 1 0 0 1 0 0 0 0 0 0 1 0 0 0 0 0 0 0 1 1 0 0 1 0 1 0 0 0 0 1 1 1 0 0 0 0 0 0 0 1 0 0 0 0 0 0 0 0 0 0 1 0 0 1 0 0 0 0 0 0 0 0 0 1 1 0 1 1 1 0 0 0 0 0 0 0 1 1 0 0 0 0 1 0 0 1 0 0 1 0 1 0 0 0 0 0 0 0 0 1 0 0 0 0 1 0 0 0 1 0 1 0 0 1 0 1 0 1 1 1 1 0 0 0 0 0 1 0 0 0 0 1 0 1 0 0 0 0 
Picked Items (item,city) = (1 , 2) (3 , 4) (7 , 8) (8 , 9) (10 , 11) (11 , 12) (12 , 13) (15 , 16) (17 , 18) (18 , 19) (21 , 22) (23 , 24) (24 , 25) (25 , 26) (27 , 28) (30 , 31) (31 , 32) (33 , 34) (36 , 37) (41 , 42) (42 , 43) (45 , 46) (48 , 49) (51 , 52) (53 , 54) (54 , 55) (59 , 60) (63 , 64) (65 , 66) (71 , 72) (72 , 73) (73 , 74) (74 , 75) (75 , 76) (77 , 78) (80 , 81) (83 , 84) (86 , 87) (87 , 88) (88 , 89) (97 , 98) (100 , 101) (102 , 103) (103 , 104) (104 , 105) (105 , 106) (106 , 107) (108 , 109) (110 , 111) (113 , 114) (114 , 115) (117 , 118) (120 , 121) (122 , 123) (124 , 125) (125 , 126) (126 , 127) (129 , 130) (132 , 133) (134 , 135) (135 , 136) (136 , 137) (137 , 138) (138 , 139) (140 , 141) (141 , 142) (142 , 143) (145 , 146) (152 , 153) (160 , 161) (161 , 162) (164 , 165) (166 , 167) (171 , 172) (172 , 173) (173 , 174) (181 , 182) (192 , 193) (195 , 196) (205 , 206) (206 , 207) (208 , 209) (209 , 210) (210 , 211) (218 , 219) (219 , 220) (224 , 225) (227 , 228) (230 , 231) (232 , 233) (241 , 242) (246 , 247) (250 , 251) (252 , 253) (255 , 256) (257 , 258) (259 , 260) (260 , 261) (261 , 262) (262 , 263) (268 , 269) (273 , 274) (275 , 276) 

Travel Time: 3191.304576751111199; Profit: 37310; TSP Distance : 2790.9983600000005026; Weight: 18380 / 38156; 0000000
TSP Tour = 1 2 280 3 279 278 277 276 275 274 273 272 271 270 269 268 267 266 265 264 263 262 261 260 259 258 257 256 255 254 253 252 251 250 249 248 247 246 245 244 243 242 241 240 239 238 237 236 235 234 233 232 231 230 229 228 227 226 225 224 223 222 221 220 219 218 217 216 215 214 213 212 211 210 209 208 207 206 205 204 203 202 201 200 199 198 197 196 195 194 193 192 191 190 189 188 187 186 185 184 183 182 181 180 179 178 177 176 175 161 162 163 164 165 166 167 168 169 170 171 172 173 174 160 159 158 157 155 154 153 156 152 151 150 149 148 147 146 145 144 143 142 141 140 139 138 137 136 135 134 133 132 131 130 129 128 127 126 125 124 123 122 121 120 119 118 117 116 115 114 113 112 111 110 109 108 107 106 105 104 103 102 101 100 99 98 97 96 95 94 93 92 91 90 89 88 87 86 85 84 83 82 81 80 79 78 77 76 75 74 73 72 71 70 69 68 67 66 65 64 63 62 61 60 59 58 57 56 55 54 53 52 51 50 49 48 47 46 45 44 43 42 41 40 39 38 37 36 35 34 33 32 31 30 29 28 27 26 22 25 23 24 21 20 19 18 17 16 15 14 13 12 11 10 9 8 7 6 5 4 1
Knapsack Array = 1 0 1 0 0 0 1 1 0 1 1 1 0 0 1 0 1 1 0 0 1 0 1 1 1 0 1 0 0 1 1 0 1 0 0 1 0 0 0 0 1 1 0 0 1 0 0 1 0 0 1 0 1 1 0 0 0 0 1 0 0 0 1 0 1 0 0 0 0 0 1 1 1 1 1 0 1 0 0 1 0 0 1 0 0 1 1 1 0 0 0 0 0 0 0 0 1 0 0 1 0 1 1 1 1 1 0 1 0 1 0 0 1 1 0 0 1 0 0 1 0 1 0 1 1 1 0 0 1 0 0 0 0 0 0 0 0 0 0 0 0 0 0 0 0 0 0 0 0 0 0 0 0 0 0 0 0 0 0 0 0 0 0 0 0 0 0 0 0 0 0 0 0 0 0 0 0 0 0 0 0 0 0 0 0 0 0 0 0 0 0 0 0 0 0 0 0 0 0 0 0 0 0 0 0 0 0 0 0 0 0 0 0 0 0 0 0 0 0 0 0 0 0 0 0 0 0 0 0 0 0 0 0 0 0 0 0 0 0 0 0 0 0 0 0 0 0 0 0 0 0 0 0 0 0 0 0 0 0 0 0 0 0 0 0 0 0 0 0 0 0 0 0 0 0 0 0 0 0 
Picked Items (item,city) = (1 , 2) (3 , 4) (7 , 8) (8 , 9) (10 , 11) (11 , 12) (12 , 13) (15 , 16) (17 , 18) (18 , 19) (21 , 22) (23 , 24) (24 , 25) (25 , 26) (27 , 28) (30 , 31) (31 , 32) (33 , 34) (36 , 37) (41 , 42) (42 , 43) (45 , 46) (48 , 49) (51 , 52) (53 , 54) (54 , 55) (59 , 60) (63 , 64) (65 , 66) (71 , 72) (72 , 73) (73 , 74) (74 , 75) (75 , 76) (77 , 78) (80 , 81) (83 , 84) (86 , 87) (87 , 88) (88 , 89) (97 , 98) (100 , 101) (102 , 103) (103 , 104) (104 , 105) (105 , 106) (106 , 107) (108 , 109) (110 , 111) (113 , 114) (114 , 115) (117 , 118) (120 , 121) (122 , 123) (124 , 125) (125 , 126) (126 , 127) (129 , 130) 


Pareto (Travel Time; Profit; IsValid)

2587.9299300000006951 ; 0; 0000000
2952.3725635956143378 ; 27457; 0000000
2875.9526952127080222 ; 21611; 0000000
2722.2619941873049356 ; 14043; 0000000
3856.5220354209477591 ; 57090; 0000000
5183.5153162787391921 ; 70128; 0000000
4220.0350743896515269 ; 62422; 0000000
4844.8412032071664726 ; 68739; 0000000
2612.5553870048606768 ; 3262; 0000000
3224.956574589496995 ; 44388; 0000000
3296.6293584314626059 ; 46781; 0000000
4498.1655948321631513 ; 65856; 0000000
3481.3754555556774903 ; 50602; 0000000
4822.7197374651359496 ; 66272; 0000000
4066.6276564385225356 ; 60650; 0000000
3400.3778690261278825 ; 50197; 0000000
4791.984796675889811 ; 66116; 0000000
3025.1766182759661206 ; 34133; 0000000
2991.1691765178443347 ; 32051; 0000000
3742.7815508218900504 ; 52460; 0000000
4824.1116018479706327 ; 67026; 0000000
2962.7447300761818951 ; 28245; 0000000
2629.0513840582266312 ; 10898; 0000000
6990.0546277504518002 ; 77622; 0000000
2728.1263998460622133 ; 21317; 0000000
4446.0801770323387245 ; 64691; 0000000
3191.304576751111199 ; 37310; 0000000
