Travel Time: 7544.3659000000006927; Profit: 0; TSP Distance : 7544.3659000000006927; Weight: 0 / 20881; 0000000
TSP Tour = 1 22 31 18 3 17 21 42 7 2 30 23 20 50 29 16 46 44 34 35 36 39 40 37 38 48 24 5 15 6 4 25 12 28 27 26 47 13 14 52 11 51 33 43 10 9 8 41 19 45 32 49 1
Knapsack Array = 0 0 0 0 0 0 0 0 0 0 0 0 0 0 0 0 0 0 0 0 0 0 0 0 0 0 0 0 0 0 0 0 0 0 0 0 0 0 0 0 0 0 0 0 0 0 0 0 0 0 0 0 0 0 0 0 0 0 0 0 0 0 0 0 0 0 0 0 0 0 0 0 0 0 0 0 0 0 0 0 0 0 0 0 0 0 0 0 0 0 0 0 0 0 0 0 0 0 0 0 0 0 0 0 0 0 0 0 0 0 0 0 0 0 0 0 0 0 0 0 0 0 0 0 0 0 0 0 0 0 0 0 0 0 0 0 0 0 0 0 0 0 0 0 0 0 0 0 0 0 0 0 0 
Picked Items (item,city) = 

Travel Time: 8169.8278304940922681; Profit: 9113; TSP Distance : 7544.3659000000016022; Weight: 4464 / 20881; 0000000
TSP Tour = 1 49 32 45 19 41 8 9 10 43 33 51 11 52 14 13 47 26 27 28 12 25 4 6 15 5 24 48 38 37 40 39 36 35 34 44 46 16 29 50 20 23 30 2 7 42 21 17 3 18 31 22 1
Knapsack Array = 0 0 0 0 0 0 0 0 0 0 0 0 0 0 0 0 0 0 0 0 0 0 0 0 0 0 0 0 0 0 0 0 0 0 0 0 0 0 0 0 0 0 0 0 0 0 0 0 0 0 0 0 0 1 0 0 0 0 1 0 0 0 1 0 1 1 0 0 0 0 1 1 1 1 1 0 1 0 0 0 0 0 1 0 0 0 1 1 0 0 0 0 0 0 0 0 0 0 0 0 0 0 0 0 0 0 0 0 0 0 0 0 0 0 0 0 0 0 0 0 0 0 0 0 0 0 0 0 0 0 0 0 0 0 0 0 0 0 0 0 0 0 0 0 0 0 0 0 0 0 0 0 0 
Picked Items (item,city) = (54 , 4) (59 , 9) (63 , 13) (65 , 15) (66 , 16) (71 , 21) (72 , 22) (73 , 23) (74 , 24) (75 , 25) (77 , 27) (83 , 33) (87 , 37) (88 , 38) 

Travel Time: 10322.337346187956427; Profit: 29293; TSP Distance : 7616.5422000000016851; Weight: 14600 / 20881; 0000000
TSP Tour = 1 31 18 3 17 21 42 7 2 30 23 20 50 29 16 46 44 34 35 36 39 40 37 38 48 24 5 15 6 4 25 12 28 27 26 47 14 13 52 11 51 33 43 10 9 8 41 19 45 32 49 22 1
Knapsack Array = 0 0 0 0 0 0 0 0 0 0 0 0 0 0 0 0 0 0 0 0 1 0 1 0 0 0 1 0 0 1 1 0 1 0 0 1 0 0 0 1 1 1 0 0 1 0 0 1 0 0 1 0 1 1 0 0 0 0 1 0 0 0 1 0 1 0 0 0 1 0 0 1 1 1 1 0 1 0 0 0 0 1 1 0 0 1 1 1 0 0 0 0 0 0 0 0 1 0 1 1 0 1 0 0 0 1 0 1 0 1 1 0 1 1 0 0 1 0 0 1 0 0 0 0 1 1 0 0 1 0 0 1 0 0 0 0 0 0 0 0 0 0 0 0 0 0 0 0 0 0 0 0 0 
Picked Items (item,city) = (21 , 22) (23 , 24) (27 , 28) (30 , 31) (31 , 32) (33 , 34) (36 , 37) (40 , 41) (41 , 42) (42 , 43) (45 , 46) (48 , 49) (51 , 52) (53 , 3) (54 , 4) (59 , 9) (63 , 13) (65 , 15) (69 , 19) (72 , 22) (73 , 23) (74 , 24) (75 , 25) (77 , 27) (82 , 32) (83 , 33) (86 , 36) (87 , 37) (88 , 38) (97 , 47) (99 , 49) (100 , 50) (102 , 52) (106 , 5) (108 , 7) (110 , 9) (111 , 10) (113 , 12) (114 , 13) (117 , 16) (120 , 19) (125 , 24) (126 , 25) (129 , 28) (132 , 31) 

Travel Time: 9356.5930940180824109; Profit: 22471; TSP Distance : 7544.3659000000016022; Weight: 9595 / 20881; 0000000
TSP Tour = 1 49 32 45 19 41 8 9 10 43 33 51 11 52 14 13 47 26 27 28 12 25 4 6 15 5 24 48 38 37 40 39 36 35 34 44 46 16 29 50 20 23 30 2 7 42 21 17 3 18 31 22 1
Knapsack Array = 1 0 1 0 0 0 1 1 0 0 1 1 0 0 1 0 1 1 0 0 1 0 1 1 0 0 1 0 1 1 0 0 1 0 0 1 0 0 0 0 1 1 0 0 1 0 0 1 0 0 1 0 1 1 0 0 0 0 1 0 0 0 1 0 1 0 0 0 0 0 1 1 1 1 1 0 1 0 0 0 0 0 1 0 0 0 0 0 0 0 0 0 0 0 0 0 0 0 0 0 0 0 0 0 0 0 0 0 0 0 0 0 0 0 0 0 0 0 0 0 0 0 0 0 0 0 0 0 0 0 0 0 0 0 0 0 0 0 0 0 0 0 0 0 0 0 0 0 0 0 0 0 0 
Picked Items (item,city) = (1 , 2) (3 , 4) (7 , 8) (8 , 9) (11 , 12) (12 , 13) (15 , 16) (17 , 18) (18 , 19) (21 , 22) (23 , 24) (24 , 25) (27 , 28) (29 , 30) (30 , 31) (33 , 34) (36 , 37) (41 , 42) (42 , 43) (45 , 46) (48 , 49) (51 , 52) (53 , 3) (54 , 4) (59 , 9) (63 , 13) (65 , 15) (71 , 21) (72 , 22) (73 , 23) (74 , 24) (75 , 25) (77 , 27) (83 , 33) 

Travel Time: 8804.721745005241246; Profit: 19721; TSP Distance : 7632.7636000000011336; Weight: 8351 / 20881; 0000000
TSP Tour = 1 32 45 19 41 8 9 10 43 33 51 11 52 14 13 47 26 27 28 12 25 4 6 15 5 24 48 38 37 40 39 36 35 34 44 46 16 29 50 20 23 30 2 7 42 21 17 3 18 31 22 49 1
Knapsack Array = 0 0 0 0 0 0 0 0 0 0 0 1 0 0 1 0 1 1 0 0 1 0 1 1 0 0 1 0 1 1 0 0 1 0 0 1 0 0 0 0 1 1 0 0 1 0 0 1 0 0 1 0 1 1 0 0 1 0 1 0 0 0 1 0 1 0 0 0 0 0 1 1 1 1 1 0 1 0 0 0 0 0 0 0 0 0 0 1 0 0 0 0 0 0 0 0 1 0 0 1 0 1 0 0 0 0 0 0 0 0 0 0 0 0 0 0 0 0 0 0 0 0 0 0 0 0 0 0 0 0 0 0 0 0 0 0 0 0 0 0 0 0 0 0 0 0 0 0 0 0 0 0 0 
Picked Items (item,city) = (12 , 13) (15 , 16) (17 , 18) (18 , 19) (21 , 22) (23 , 24) (24 , 25) (27 , 28) (29 , 30) (30 , 31) (33 , 34) (36 , 37) (41 , 42) (42 , 43) (45 , 46) (48 , 49) (51 , 52) (53 , 3) (54 , 4) (57 , 7) (59 , 9) (63 , 13) (65 , 15) (71 , 21) (72 , 22) (73 , 23) (74 , 24) (75 , 25) (77 , 27) (88 , 38) (97 , 47) (100 , 50) (102 , 52) 

Travel Time: 7586.8746425557174007; Profit: 1652; TSP Distance : 7544.3659000000006927; Weight: 393 / 20881; 0000000
TSP Tour = 1 22 31 18 3 17 21 42 7 2 30 23 20 50 29 16 46 44 34 35 36 39 40 37 38 48 24 5 15 6 4 25 12 28 27 26 47 13 14 52 11 51 33 43 10 9 8 41 19 45 32 49 1
Knapsack Array = 0 0 0 0 0 0 0 0 0 0 0 0 0 0 0 0 0 0 0 0 0 0 0 0 0 0 0 0 0 0 0 0 0 0 0 0 0 0 0 0 0 0 0 0 0 0 0 0 0 0 0 0 0 0 0 0 0 0 0 0 0 0 0 0 0 0 0 0 0 0 0 0 0 0 0 0 0 0 0 0 0 0 0 0 0 0 0 0 0 0 0 0 0 0 0 0 0 0 0 0 0 0 0 0 0 0 0 0 0 0 0 0 0 0 0 0 0 0 0 0 0 0 0 0 0 0 0 0 0 0 0 0 0 0 0 0 0 0 0 0 0 0 0 0 0 0 0 0 0 0 0 1 1 
Picked Items (item,city) = (152 , 51) (153 , 52) 

Travel Time: 7585.6165271765657963; Profit: 929; TSP Distance : 7544.3659000000016022; Weight: 964 / 20881; 0000000
TSP Tour = 1 49 32 45 19 41 8 9 10 43 33 51 11 52 14 13 47 26 27 28 12 25 4 6 15 5 24 48 38 37 40 39 36 35 34 44 46 16 29 50 20 23 30 2 7 42 21 17 3 18 31 22 1
Knapsack Array = 0 0 0 0 0 0 0 0 0 0 0 0 0 0 0 0 0 0 0 0 0 0 0 0 0 0 0 0 0 0 0 0 0 0 0 0 0 0 0 0 0 0 0 0 0 0 0 0 0 0 0 0 0 0 0 0 0 0 0 0 0 0 0 0 0 0 0 0 0 0 0 0 0 0 0 0 0 0 0 0 0 0 0 0 0 0 0 0 0 0 0 0 0 0 0 0 0 0 0 0 0 0 0 0 0 1 0 0 0 0 0 0 0 0 0 0 0 1 0 0 0 0 0 0 0 0 0 0 0 0 0 0 0 0 0 0 0 0 0 0 0 0 0 0 0 0 0 0 0 0 0 0 0 
Picked Items (item,city) = (106 , 5) (118 , 17) 

Travel Time: 7564.2023273310132936; Profit: 269; TSP Distance : 7544.3659000000016022; Weight: 152 / 20881; 0000000
TSP Tour = 1 49 32 45 19 41 8 9 10 43 33 51 11 52 14 13 47 26 27 28 12 25 4 6 15 5 24 48 38 37 40 39 36 35 34 44 46 16 29 50 20 23 30 2 7 42 21 17 3 18 31 22 1
Knapsack Array = 0 0 0 0 0 0 0 0 0 0 0 0 0 0 0 0 0 0 0 0 0 0 0 0 0 0 0 0 0 0 0 0 0 0 0 0 0 0 0 0 0 0 0 0 0 0 0 0 0 0 0 0 0 0 0 0 0 0 0 0 0 0 0 0 0 0 0 0 0 0 0 0 0 0 0 0 0 0 0 0 0 0 0 0 0 0 0 0 0 0 0 0 0 0 0 0 0 0 0 0 0 0 0 0 0 1 0 0 0 0 0 0 0 0 0 0 0 0 0 0 0 0 0 0 0 0 0 0 0 0 0 0 0 0 0 0 0 0 0 0 0 0 0 0 0 0 0 0 0 0 0 0 0 
Picked Items (item,city) = (106 , 5) 

Travel Time: 7727.548416688891848; Profit: 3956; TSP Distance : 7544.3659000000006927; Weight: 1763 / 20881; 0000000
TSP Tour = 1 22 31 18 3 17 21 42 7 2 30 23 20 50 29 16 46 44 34 35 36 39 40 37 38 48 24 5 15 6 4 25 12 28 27 26 47 13 14 52 11 51 33 43 10 9 8 41 19 45 32 49 1
Knapsack Array = 0 0 1 0 0 0 1 1 0 1 0 1 0 0 0 0 0 0 0 0 0 0 0 0 0 0 0 0 0 0 0 0 0 0 0 0 0 0 0 0 0 0 0 0 0 0 0 0 0 0 0 0 0 0 0 0 0 0 0 0 0 0 0 0 0 0 0 0 0 0 0 0 0 0 0 0 0 0 0 0 0 0 0 0 0 0 0 0 0 0 0 0 0 0 0 0 0 0 0 0 0 0 0 0 0 0 0 0 0 0 0 0 0 0 0 0 0 0 0 0 0 0 0 0 0 0 0 0 0 0 0 0 0 0 0 0 0 0 0 0 0 0 0 0 0 0 0 0 0 0 0 0 0 
Picked Items (item,city) = (3 , 4) (7 , 8) (8 , 9) (10 , 11) (12 , 13) 

Travel Time: 7654.2221101170744078; Profit: 2112; TSP Distance : 7544.3659000000006927; Weight: 701 / 20881; 0000000
TSP Tour = 1 22 31 18 3 17 21 42 7 2 30 23 20 50 29 16 46 44 34 35 36 39 40 37 38 48 24 5 15 6 4 25 12 28 27 26 47 13 14 52 11 51 33 43 10 9 8 41 19 45 32 49 1
Knapsack Array = 0 0 0 0 0 0 0 0 0 0 0 0 0 0 0 0 0 0 0 0 0 0 0 0 0 0 0 0 0 0 0 0 0 0 0 0 0 0 0 0 0 0 0 0 0 0 0 0 0 0 0 0 0 0 0 0 0 0 0 0 0 0 0 0 0 0 0 0 0 0 0 0 0 0 0 0 0 0 0 0 0 0 0 0 0 0 0 0 0 0 0 0 0 0 0 0 0 0 0 0 0 0 0 0 0 0 0 0 0 0 0 0 0 0 0 0 0 0 0 0 0 0 0 0 0 0 0 0 0 0 0 0 0 0 0 0 0 0 0 0 0 0 0 0 1 0 0 0 0 0 0 1 1 
Picked Items (item,city) = (145 , 44) (152 , 51) (153 , 52) 

Travel Time: 7995.8183224739786965; Profit: 8383; TSP Distance : 7544.3659000000006927; Weight: 4140 / 20881; 0000000
TSP Tour = 1 22 31 18 3 17 21 42 7 2 30 23 20 50 29 16 46 44 34 35 36 39 40 37 38 48 24 5 15 6 4 25 12 28 27 26 47 13 14 52 11 51 33 43 10 9 8 41 19 45 32 49 1
Knapsack Array = 0 0 0 0 0 0 0 0 0 0 0 0 0 0 0 0 0 0 0 0 0 0 0 0 0 0 0 0 0 0 0 0 0 0 0 0 0 0 0 0 0 0 0 0 0 0 0 0 0 0 0 0 0 0 0 0 0 0 0 0 0 0 0 0 0 0 0 0 0 0 0 0 1 1 1 0 1 0 0 0 0 1 1 0 0 0 1 1 0 0 0 0 0 0 0 0 1 0 1 0 0 1 0 1 0 1 0 1 0 1 0 0 0 0 0 0 0 0 0 0 0 0 0 0 0 0 0 0 0 0 0 0 0 0 0 0 0 0 0 0 0 0 0 0 0 0 0 0 0 0 0 0 0 
Picked Items (item,city) = (73 , 23) (74 , 24) (75 , 25) (77 , 27) (82 , 32) (83 , 33) (87 , 37) (88 , 38) (97 , 47) (99 , 49) (102 , 52) (104 , 3) (106 , 5) (108 , 7) (110 , 9) 

Travel Time: 7741.7523963539588294; Profit: 5233; TSP Distance : 7544.3659000000016022; Weight: 2165 / 20881; 0000000
TSP Tour = 1 49 32 45 19 41 8 9 10 43 33 51 11 52 14 13 47 26 27 28 12 25 4 6 15 5 24 48 38 37 40 39 36 35 34 44 46 16 29 50 20 23 30 2 7 42 21 17 3 18 31 22 1
Knapsack Array = 0 0 0 0 0 0 0 0 0 0 0 0 0 0 1 0 1 1 0 0 1 0 1 0 0 0 1 0 0 1 0 0 0 0 0 0 0 0 0 0 0 0 0 0 0 0 0 0 0 0 0 0 0 0 0 0 0 0 0 0 0 0 0 0 0 0 0 0 0 0 0 0 0 0 0 0 0 0 0 0 0 0 0 0 0 0 0 0 0 0 0 0 0 1 0 0 0 0 0 0 0 0 0 0 0 0 0 0 0 0 0 0 0 0 0 0 0 0 0 0 0 0 0 0 0 0 0 0 0 0 0 0 0 0 0 0 0 0 0 0 0 0 0 0 0 0 0 0 0 0 0 0 0 
Picked Items (item,city) = (15 , 16) (17 , 18) (18 , 19) (21 , 22) (23 , 24) (27 , 28) (30 , 31) (94 , 44) 

Travel Time: 8733.5902142038848979; Profit: 18186; TSP Distance : 7544.3659000000016022; Weight: 7526 / 20881; 0000000
TSP Tour = 1 49 32 45 19 41 8 9 10 43 33 51 11 52 14 13 47 26 27 28 12 25 4 6 15 5 24 48 38 37 40 39 36 35 34 44 46 16 29 50 20 23 30 2 7 42 21 17 3 18 31 22 1
Knapsack Array = 0 0 0 0 0 0 0 0 0 0 0 0 0 0 1 0 1 1 0 0 1 0 1 0 0 0 1 0 0 1 0 0 0 0 0 0 0 0 0 0 0 0 0 0 0 0 0 0 0 0 0 0 0 0 0 0 0 0 0 0 0 0 0 0 0 0 0 0 0 0 0 0 0 0 1 0 1 0 0 0 0 0 1 0 0 1 1 1 0 0 0 0 0 0 0 0 0 0 0 0 0 0 0 0 0 0 0 0 0 0 0 0 0 1 0 0 1 0 0 0 0 0 0 1 1 1 0 0 1 0 0 1 0 0 0 1 1 1 0 1 1 0 0 0 1 0 0 0 0 0 1 1 1 
Picked Items (item,city) = (15 , 16) (17 , 18) (18 , 19) (21 , 22) (23 , 24) (27 , 28) (30 , 31) (75 , 25) (77 , 27) (83 , 33) (86 , 36) (87 , 37) (88 , 38) (114 , 13) (117 , 16) (124 , 23) (125 , 24) (126 , 25) (129 , 28) (132 , 31) (136 , 35) (137 , 36) (138 , 37) (140 , 39) (141 , 40) (145 , 44) (151 , 50) (152 , 51) (153 , 52) 

Travel Time: 7760.2689391106432595; Profit: 6485; TSP Distance : 7544.3659000000016022; Weight: 2282 / 20881; 0000000
TSP Tour = 1 49 32 45 19 41 8 9 10 43 33 51 11 52 14 13 47 26 27 28 12 25 4 6 15 5 24 48 38 37 40 39 36 35 34 44 46 16 29 50 20 23 30 2 7 42 21 17 3 18 31 22 1
Knapsack Array = 0 0 0 0 0 0 0 0 0 0 0 0 0 0 1 0 1 1 0 0 1 0 1 0 0 0 1 0 0 1 0 0 0 0 0 0 0 0 0 0 0 0 0 0 0 0 0 0 0 0 0 0 0 0 0 0 0 0 0 0 0 0 0 0 0 0 0 0 0 0 0 0 0 0 1 0 1 0 0 0 0 0 0 0 0 0 0 0 0 0 0 0 0 1 0 0 0 0 0 0 0 0 0 0 0 0 0 0 0 0 0 0 0 0 0 0 0 0 0 0 0 0 0 0 0 0 0 0 0 0 0 0 0 0 0 0 0 0 0 0 0 0 0 0 0 0 0 0 0 0 0 0 0 
Picked Items (item,city) = (15 , 16) (17 , 18) (18 , 19) (21 , 22) (23 , 24) (27 , 28) (30 , 31) (75 , 25) (77 , 27) (94 , 44) 

Travel Time: 8342.9012426999070158; Profit: 14709; TSP Distance : 7544.3659000000016022; Weight: 5683 / 20881; 0000000
TSP Tour = 1 49 32 45 19 41 8 9 10 43 33 51 11 52 14 13 47 26 27 28 12 25 4 6 15 5 24 48 38 37 40 39 36 35 34 44 46 16 29 50 20 23 30 2 7 42 21 17 3 18 31 22 1
Knapsack Array = 0 0 0 0 0 0 0 0 0 0 0 0 0 0 1 0 1 1 0 0 1 0 1 0 0 0 1 0 0 1 0 0 0 0 0 0 0 0 0 0 0 0 0 0 0 0 0 0 0 0 0 0 0 0 0 0 0 0 0 0 0 0 0 0 0 0 0 0 0 0 0 0 0 0 1 0 1 0 0 0 0 0 1 0 0 1 1 1 0 0 0 0 0 0 0 0 0 0 0 0 0 0 0 0 0 0 0 0 0 0 0 0 0 1 0 0 1 0 0 0 0 0 0 1 1 1 0 0 1 0 0 1 0 0 0 1 1 1 0 0 0 0 0 0 0 0 0 0 0 0 0 0 0 
Picked Items (item,city) = (15 , 16) (17 , 18) (18 , 19) (21 , 22) (23 , 24) (27 , 28) (30 , 31) (75 , 25) (77 , 27) (83 , 33) (86 , 36) (87 , 37) (88 , 38) (114 , 13) (117 , 16) (124 , 23) (125 , 24) (126 , 25) (129 , 28) (132 , 31) (136 , 35) (137 , 36) (138 , 37) 

Travel Time: 8586.6771783259810036; Profit: 18063; TSP Distance : 7632.7636000000011336; Weight: 7374 / 20881; 0000000
TSP Tour = 1 32 45 19 41 8 9 10 43 33 51 11 52 14 13 47 26 27 28 12 25 4 6 15 5 24 48 38 37 40 39 36 35 34 44 46 16 29 50 20 23 30 2 7 42 21 17 3 18 31 22 49 1
Knapsack Array = 0 0 0 0 0 0 0 0 0 0 0 0 0 0 0 0 0 0 0 0 1 0 1 0 0 0 1 0 1 1 0 0 1 0 0 1 0 0 0 0 1 0 0 0 1 0 0 1 0 0 1 0 1 1 0 0 1 0 1 0 0 0 1 0 1 0 0 0 0 0 1 1 1 1 1 0 1 0 0 1 0 0 0 0 0 0 0 0 0 0 0 0 0 0 0 0 0 0 0 0 0 0 0 0 0 0 0 0 0 1 0 0 0 0 0 0 0 0 0 0 0 0 0 0 0 0 0 0 0 0 0 0 0 0 0 0 0 0 0 0 0 0 0 0 0 0 0 0 0 0 0 1 1 
Picked Items (item,city) = (21 , 22) (23 , 24) (27 , 28) (29 , 30) (30 , 31) (33 , 34) (36 , 37) (41 , 42) (45 , 46) (48 , 49) (51 , 52) (53 , 3) (54 , 4) (57 , 7) (59 , 9) (63 , 13) (65 , 15) (71 , 21) (72 , 22) (73 , 23) (74 , 24) (75 , 25) (77 , 27) (80 , 30) (110 , 9) (152 , 51) (153 , 52) 

Travel Time: 8131.4212817943762275; Profit: 8867; TSP Distance : 7544.3659000000016022; Weight: 4537 / 20881; 0000000
TSP Tour = 1 49 32 45 19 41 8 9 10 43 33 51 11 52 14 13 47 26 27 28 12 25 4 6 15 5 24 48 38 37 40 39 36 35 34 44 46 16 29 50 20 23 30 2 7 42 21 17 3 18 31 22 1
Knapsack Array = 0 0 0 0 0 0 0 0 0 0 0 0 0 0 0 0 0 0 0 0 1 0 1 1 1 0 1 0 0 1 0 0 1 1 0 1 0 0 0 0 1 0 0 0 0 0 0 0 0 0 0 0 0 0 0 0 0 0 0 0 0 0 0 0 0 0 0 0 0 0 0 0 0 0 0 0 0 0 0 0 0 0 0 0 0 0 0 0 0 0 0 0 0 0 0 0 1 0 0 1 0 1 1 1 0 0 0 0 0 0 0 0 0 0 0 0 0 0 0 0 0 0 0 0 0 0 0 0 0 0 0 0 0 0 0 0 0 0 0 0 0 0 0 0 0 0 0 0 0 0 0 0 0 
Picked Items (item,city) = (21 , 22) (23 , 24) (24 , 25) (25 , 26) (27 , 28) (30 , 31) (33 , 34) (34 , 35) (36 , 37) (41 , 42) (97 , 47) (100 , 50) (102 , 52) (103 , 2) (104 , 3) 

Travel Time: 11456.290082282464937; Profit: 36819; TSP Distance : 7544.3659000000006927; Weight: 18469 / 20881; 0000000
TSP Tour = 1 22 31 18 3 17 21 42 7 2 30 23 20 50 29 16 46 44 34 35 36 39 40 37 38 48 24 5 15 6 4 25 12 28 27 26 47 13 14 52 11 51 33 43 10 9 8 41 19 45 32 49 1
Knapsack Array = 1 0 1 0 0 0 1 1 0 1 0 1 0 0 1 0 1 1 0 0 1 0 1 0 0 0 1 0 0 1 1 0 1 0 0 1 0 0 0 1 1 1 0 0 0 0 0 1 0 0 1 0 1 1 0 0 0 0 1 1 1 0 1 0 1 0 0 0 1 0 0 0 0 1 1 0 1 0 0 0 0 1 1 0 0 0 1 1 0 0 1 0 0 0 0 0 0 0 0 0 0 0 0 0 0 0 0 0 0 0 0 0 1 1 0 0 1 0 0 1 0 0 0 0 1 1 0 0 1 0 0 1 0 1 0 1 0 1 0 1 1 1 0 0 1 0 0 0 0 1 0 1 1 
Picked Items (item,city) = (1 , 2) (3 , 4) (7 , 8) (8 , 9) (10 , 11) (12 , 13) (15 , 16) (17 , 18) (18 , 19) (21 , 22) (23 , 24) (27 , 28) (30 , 31) (31 , 32) (33 , 34) (36 , 37) (40 , 41) (41 , 42) (42 , 43) (48 , 49) (51 , 52) (53 , 3) (54 , 4) (59 , 9) (60 , 10) (61 , 11) (63 , 13) (65 , 15) (69 , 19) (74 , 24) (75 , 25) (77 , 27) (82 , 32) (83 , 33) (87 , 37) (88 , 38) (91 , 41) (113 , 12) (114 , 13) (117 , 16) (120 , 19) (125 , 24) (126 , 25) (129 , 28) (132 , 31) (134 , 33) (136 , 35) (138 , 37) (140 , 39) (141 , 40) (142 , 41) (145 , 44) (150 , 49) (152 , 51) (153 , 52) 

Travel Time: 9514.0314903835442237; Profit: 26833; TSP Distance : 7544.3659000000006927; Weight: 13100 / 20881; 0000000
TSP Tour = 1 22 31 18 3 17 21 42 7 2 30 23 20 50 29 16 46 44 34 35 36 39 40 37 38 48 24 5 15 6 4 25 12 28 27 26 47 13 14 52 11 51 33 43 10 9 8 41 19 45 32 49 1
Knapsack Array = 1 0 1 0 0 0 1 1 0 1 0 1 0 0 1 0 1 1 0 0 1 0 1 0 0 0 1 0 0 1 1 0 1 0 0 1 0 0 0 1 1 1 0 0 0 0 0 1 0 0 1 0 1 1 0 0 0 0 1 1 1 0 1 0 1 0 0 0 1 0 0 0 0 1 1 0 1 0 0 0 0 1 1 0 0 0 1 1 0 0 1 0 0 0 0 0 0 0 0 0 0 0 0 0 0 0 0 0 0 0 0 0 1 1 0 0 1 0 0 0 0 0 0 0 0 0 0 0 0 0 0 0 0 0 0 0 0 0 0 0 0 0 0 0 0 0 0 0 0 0 0 0 0 
Picked Items (item,city) = (1 , 2) (3 , 4) (7 , 8) (8 , 9) (10 , 11) (12 , 13) (15 , 16) (17 , 18) (18 , 19) (21 , 22) (23 , 24) (27 , 28) (30 , 31) (31 , 32) (33 , 34) (36 , 37) (40 , 41) (41 , 42) (42 , 43) (48 , 49) (51 , 52) (53 , 3) (54 , 4) (59 , 9) (60 , 10) (61 , 11) (63 , 13) (65 , 15) (69 , 19) (74 , 24) (75 , 25) (77 , 27) (82 , 32) (83 , 33) (87 , 37) (88 , 38) (91 , 41) (113 , 12) (114 , 13) (117 , 16) 


Pareto (Travel Time; Profit; IsValid)

7544.3659000000006927 ; 0; 0000000
8169.8278304940922681 ; 9113; 0000000
10322.337346187956427 ; 29293; 0000000
9356.5930940180824109 ; 22471; 0000000
8804.721745005241246 ; 19721; 0000000
7586.8746425557174007 ; 1652; 0000000
7585.6165271765657963 ; 929; 0000000
7564.2023273310132936 ; 269; 0000000
7727.548416688891848 ; 3956; 0000000
7654.2221101170744078 ; 2112; 0000000
7995.8183224739786965 ; 8383; 0000000
7741.7523963539588294 ; 5233; 0000000
8733.5902142038848979 ; 18186; 0000000
7760.2689391106432595 ; 6485; 0000000
8342.9012426999070158 ; 14709; 0000000
8586.6771783259810036 ; 18063; 0000000
8131.4212817943762275 ; 8867; 0000000
11456.290082282464937 ; 36819; 0000000
9514.0314903835442237 ; 26833; 0000000
