Travel Time: 7544.3659000000006927; Profit: 0; TSP Distance : 7544.3659000000016022; Weight: 0 / 22871; 0000000
TSP Tour = 1 22 31 18 3 17 21 42 7 2 30 23 20 50 29 16 46 44 34 35 36 39 40 37 38 48 24 5 15 6 4 25 12 28 27 26 47 13 14 52 11 51 33 43 10 9 8 41 19 45 32 49 1
Knapsack Array = 0 0 0 0 0 0 0 0 0 0 0 0 0 0 0 0 0 0 0 0 0 0 0 0 0 0 0 0 0 0 0 0 0 0 0 0 0 0 0 0 0 0 0 0 0 0 0 0 0 0 0 0 0 0 0 0 0 0 0 0 0 0 0 0 0 0 0 0 0 0 0 0 0 0 0 0 0 0 0 0 0 0 0 0 0 0 0 0 0 0 0 0 0 0 0 0 0 0 0 0 0 0 0 0 0 0 0 0 0 0 0 0 0 0 0 0 0 0 0 0 0 0 0 0 0 0 0 0 0 0 0 0 0 0 0 0 0 0 0 0 0 0 0 0 0 0 0 0 0 0 0 0 0 0 0 0 0 0 0 0 0 0 0 0 0 0 0 0 0 0 0 0 0 0 0 0 0 0 0 0 0 0 0 0 0 0 0 0 0 0 0 0 0 0 0 0 0 0 0 0 0 0 0 0 0 0 0 0 0 0 0 0 0 0 0 0 0 0 0 0 0 0 0 0 0 0 0 0 0 0 0 0 0 0 0 0 0 0 0 0 0 0 0 0 0 0 0 0 0 0 0 0 0 0 0 0 0 0 0 0 0 0 0 0 0 0 0 0 0 0 0 0 0 0 0 0 0 0 0 0 0 0 0 0 0 0 0 0 0 0 0 0 0 0 0 0 0 0 0 0 0 0 0 0 0 0 0 0 0 0 0 0 0 0 0 0 0 0 0 0 0 0 0 0 0 0 0 0 0 0 0 0 0 0 0 0 0 0 0 0 0 0 0 0 0 0 0 0 0 0 0 0 0 0 0 0 0 0 0 0 0 0 0 0 0 0 0 0 0 0 0 0 0 0 0 0 0 0 0 0 0 0 0 0 0 0 0 0 0 0 0 0 0 0 0 0 0 0 0 0 0 0 0 0 0 0 0 0 0 0 0 0 0 0 0 0 0 0 0 0 0 0 0 0 0 0 0 0 0 0 0 0 0 0 0 0 0 0 0 0 0 0 0 0 0 0 0 0 0 0 0 0 0 0 0 0 0 0 0 0 0 0 0 0 0 0 0 0 0 0 0 0 0 0 0 0 0 0 0 0 0 0 0 0 0 0 0 0 0 0 0 0 0 0 0 0 0 0 0 0 0 0 0 0 0 0 0 0 0 0 
Picked Items (item,city) = 

Travel Time: 10169.186318149206272; Profit: 68791; TSP Distance : 7544.3659000000016022; Weight: 19493 / 22871; 0000000
TSP Tour = 1 49 32 45 19 41 8 9 10 43 33 51 11 52 14 13 47 26 27 28 12 25 4 6 15 5 24 48 38 37 40 39 36 35 34 44 46 16 29 50 20 23 30 2 7 42 21 17 3 18 31 22 1
Knapsack Array = 0 0 0 0 0 0 1 0 0 0 0 1 0 0 1 0 1 1 0 0 1 0 1 0 0 0 0 0 0 1 0 0 1 0 0 1 0 0 0 0 1 0 0 0 0 0 0 0 0 0 1 0 1 0 0 0 0 0 0 0 0 0 1 0 0 0 0 0 0 0 0 1 0 1 1 0 1 0 0 0 0 0 0 0 0 0 1 1 0 0 0 0 0 0 0 0 0 0 0 0 0 1 0 0 0 0 0 1 0 1 0 0 0 0 0 0 1 0 0 0 0 0 0 0 1 1 0 0 0 0 0 1 0 0 0 1 0 0 0 0 0 0 0 0 0 0 0 0 0 0 0 1 0 0 0 0 0 0 0 1 1 0 0 1 0 0 0 0 0 0 1 0 1 1 0 0 0 0 0 0 1 1 0 0 0 1 0 0 0 0 0 1 0 0 0 0 0 0 1 0 0 0 0 0 1 1 0 1 1 0 0 0 0 0 0 0 0 1 0 0 0 0 0 1 1 0 1 0 0 0 0 1 0 0 0 0 0 0 0 0 0 0 0 0 0 0 0 0 0 1 0 1 0 0 1 0 1 0 0 0 1 1 0 0 0 0 0 0 0 0 0 0 0 0 1 1 0 0 1 1 0 0 0 1 1 0 0 0 0 1 0 0 0 0 0 0 1 0 0 1 0 1 0 0 1 1 0 0 0 0 0 0 0 0 1 1 0 1 0 0 0 1 0 0 0 0 1 0 0 1 0 0 0 1 1 0 0 1 0 0 0 0 0 1 0 0 0 0 0 1 0 0 1 0 0 0 0 0 0 0 0 0 0 0 0 0 1 1 0 0 0 0 1 1 0 0 0 1 0 1 0 0 1 0 0 1 1 0 0 0 0 0 0 0 0 1 1 0 0 1 0 0 1 0 0 0 0 0 0 1 1 0 0 0 0 0 0 0 0 0 0 0 0 0 0 0 1 0 1 0 1 0 0 0 0 0 1 1 0 0 1 0 0 1 0 0 0 0 1 0 0 0 0 0 0 0 0 0 0 0 0 0 0 0 0 0 0 0 0 0 0 0 0 0 0 0 0 0 0 0 0 0 0 0 0 0 0 0 0 0 0 0 0 0 0 0 0 0 0 0 0 0 0 0 0 0 0 0 0 0 
Picked Items (item,city) = (7 , 8) (12 , 13) (15 , 16) (17 , 18) (18 , 19) (21 , 22) (23 , 24) (30 , 31) (33 , 34) (36 , 37) (41 , 42) (51 , 52) (53 , 3) (63 , 13) (72 , 22) (74 , 24) (75 , 25) (77 , 27) (87 , 37) (88 , 38) (102 , 52) (108 , 7) (110 , 9) (117 , 16) (125 , 24) (126 , 25) (132 , 31) (136 , 35) (152 , 51) (160 , 8) (161 , 9) (164 , 12) (171 , 19) (173 , 21) (174 , 22) (181 , 29) (182 , 30) (186 , 34) (192 , 40) (199 , 47) (205 , 2) (206 , 3) (208 , 5) (209 , 6) (218 , 15) (224 , 21) (225 , 22) (227 , 24) (232 , 29) (250 , 47) (252 , 49) (255 , 52) (257 , 3) (261 , 7) (262 , 8) (275 , 21) (276 , 22) (279 , 25) (280 , 26) (284 , 30) (285 , 31) (290 , 36) (297 , 43) (300 , 46) (302 , 48) (305 , 51) (306 , 52) (315 , 10) (316 , 11) (318 , 13) (322 , 17) (327 , 22) (330 , 25) (334 , 29) (335 , 30) (338 , 33) (344 , 39) (350 , 45) (353 , 48) (367 , 11) (368 , 12) (373 , 17) (374 , 18) (378 , 22) (380 , 24) (383 , 27) (386 , 30) (387 , 31) (396 , 40) (397 , 41) (400 , 44) (403 , 47) (410 , 3) (411 , 4) (427 , 20) (429 , 22) (431 , 24) (437 , 30) (438 , 31) (441 , 34) (444 , 37) (449 , 42) 

Travel Time: 7566.5972758569050711; Profit: 1555; TSP Distance : 7544.3659000000016022; Weight: 333 / 22871; 0000000
TSP Tour = 1 49 32 45 19 41 8 9 10 43 33 51 11 52 14 13 47 26 27 28 12 25 4 6 15 5 24 48 38 37 40 39 36 35 34 44 46 16 29 50 20 23 30 2 7 42 21 17 3 18 31 22 1
Knapsack Array = 0 0 0 0 0 0 0 0 0 0 0 0 0 0 0 0 0 0 0 0 0 0 0 0 0 0 0 0 0 0 0 0 0 0 0 0 0 0 0 0 0 0 0 0 0 0 0 0 0 0 0 0 0 0 0 0 0 0 0 0 0 0 0 0 0 0 0 0 0 0 0 0 0 0 0 0 0 0 0 0 0 0 0 0 0 0 0 0 0 0 0 0 0 0 0 0 0 0 0 0 0 0 0 0 0 0 0 0 0 0 0 0 0 0 0 0 0 0 0 0 0 0 0 0 0 0 0 0 0 0 0 0 0 0 0 0 0 0 0 0 0 0 0 0 0 0 0 0 0 0 0 0 0 0 0 0 0 0 0 0 0 0 0 0 0 0 0 0 0 0 0 0 0 0 0 0 0 0 0 0 0 0 0 0 0 0 0 0 0 0 0 0 0 0 0 0 0 0 0 0 0 0 0 0 0 0 0 0 0 0 0 0 0 0 0 0 0 0 0 0 0 0 0 1 0 0 1 0 0 0 0 1 0 0 0 0 0 0 0 0 0 0 0 0 0 0 0 0 0 0 0 0 0 0 0 0 0 0 0 0 0 0 0 0 0 0 0 0 0 0 0 0 0 0 0 0 0 0 0 0 0 0 0 0 0 0 0 0 0 0 0 0 0 0 0 0 0 0 0 0 0 0 0 0 0 0 0 0 0 0 0 0 0 0 0 0 0 0 0 0 0 0 0 0 0 0 0 0 0 0 0 0 0 0 0 0 0 0 0 0 0 0 0 0 0 0 0 0 0 0 0 0 0 0 0 0 0 0 0 0 0 0 0 0 0 0 0 0 0 0 0 0 0 0 0 0 0 0 0 0 0 0 0 0 0 0 0 0 0 0 0 0 0 0 0 0 0 0 0 0 0 0 0 0 0 0 0 0 0 0 0 0 0 0 0 0 0 0 0 0 0 0 0 0 0 0 0 0 0 0 0 0 0 0 0 0 0 0 0 0 0 0 0 0 0 0 0 0 0 0 0 0 0 0 0 0 0 0 0 0 0 0 0 0 0 0 0 0 0 0 0 0 0 0 0 0 0 0 0 0 0 0 0 0 0 0 0 0 0 0 0 0 0 0 0 0 0 0 0 0 0 0 0 0 0 0 0 0 0 0 
Picked Items (item,city) = (224 , 21) (227 , 24) (232 , 29) 

Travel Time: 10834.709290914519443; Profit: 72473; TSP Distance : 7544.3659000000016022; Weight: 20958 / 22871; 0000000
TSP Tour = 1 49 32 45 19 41 8 9 10 43 33 51 11 52 14 13 47 26 27 28 12 25 4 6 15 5 24 48 38 37 40 39 36 35 34 44 46 16 29 50 20 23 30 2 7 42 21 17 3 18 31 22 1
Knapsack Array = 0 0 0 0 0 0 1 0 0 0 0 1 0 0 1 0 1 1 0 0 1 0 1 0 0 0 0 0 0 1 0 0 1 0 0 1 0 0 0 0 1 0 0 0 0 0 0 0 0 0 1 0 1 0 0 0 0 0 0 0 0 0 1 0 0 0 0 0 0 0 0 1 0 1 1 0 1 0 0 0 0 0 0 0 0 0 1 1 0 0 0 0 0 0 0 0 0 0 0 0 0 1 0 0 0 0 0 1 0 1 0 0 0 0 0 0 1 0 0 0 0 0 0 0 1 1 0 0 0 0 0 1 0 0 0 1 0 0 0 0 0 0 0 0 0 0 0 0 0 0 0 1 0 0 0 0 0 0 0 1 1 0 0 1 0 0 0 0 0 0 1 0 1 1 0 0 0 0 0 0 1 1 0 0 0 1 0 0 0 0 0 1 0 0 0 0 0 0 1 0 0 0 0 0 1 1 0 1 1 0 0 0 0 0 0 0 0 1 0 0 0 0 0 1 1 0 1 0 0 0 0 1 0 0 0 0 0 0 0 0 0 0 0 0 0 0 0 0 0 1 0 1 0 0 1 0 1 0 0 0 1 1 0 0 0 0 0 0 0 0 0 0 0 0 1 1 0 0 1 1 0 0 0 1 1 0 0 0 0 1 0 0 0 0 0 0 1 0 0 1 0 1 0 0 1 1 0 0 0 0 0 0 0 0 1 1 0 1 0 0 0 1 0 0 0 0 1 0 0 1 0 0 0 1 1 0 0 1 0 0 0 0 0 1 0 0 0 0 0 1 0 0 1 0 0 0 0 0 0 0 0 0 0 0 0 0 1 1 0 0 0 0 1 1 0 0 0 1 0 1 0 0 1 0 0 1 1 0 0 0 0 0 0 0 0 1 1 0 0 1 0 0 1 0 0 0 0 0 0 1 1 0 0 0 0 0 0 0 0 0 0 0 0 0 0 0 1 0 1 0 1 0 0 0 0 0 1 1 0 0 1 0 0 1 0 0 0 0 1 1 0 1 0 0 0 0 1 0 0 0 1 0 1 1 0 1 0 0 0 0 0 0 0 0 0 0 0 0 0 0 0 0 0 0 0 0 0 0 0 0 0 0 0 0 0 0 0 0 0 0 0 0 0 0 0 0 0 0 0 0 
Picked Items (item,city) = (7 , 8) (12 , 13) (15 , 16) (17 , 18) (18 , 19) (21 , 22) (23 , 24) (30 , 31) (33 , 34) (36 , 37) (41 , 42) (51 , 52) (53 , 3) (63 , 13) (72 , 22) (74 , 24) (75 , 25) (77 , 27) (87 , 37) (88 , 38) (102 , 52) (108 , 7) (110 , 9) (117 , 16) (125 , 24) (126 , 25) (132 , 31) (136 , 35) (152 , 51) (160 , 8) (161 , 9) (164 , 12) (171 , 19) (173 , 21) (174 , 22) (181 , 29) (182 , 30) (186 , 34) (192 , 40) (199 , 47) (205 , 2) (206 , 3) (208 , 5) (209 , 6) (218 , 15) (224 , 21) (225 , 22) (227 , 24) (232 , 29) (250 , 47) (252 , 49) (255 , 52) (257 , 3) (261 , 7) (262 , 8) (275 , 21) (276 , 22) (279 , 25) (280 , 26) (284 , 30) (285 , 31) (290 , 36) (297 , 43) (300 , 46) (302 , 48) (305 , 51) (306 , 52) (315 , 10) (316 , 11) (318 , 13) (322 , 17) (327 , 22) (330 , 25) (334 , 29) (335 , 30) (338 , 33) (344 , 39) (350 , 45) (353 , 48) (367 , 11) (368 , 12) (373 , 17) (374 , 18) (378 , 22) (380 , 24) (383 , 27) (386 , 30) (387 , 31) (396 , 40) (397 , 41) (400 , 44) (403 , 47) (410 , 3) (411 , 4) (427 , 20) (429 , 22) (431 , 24) (437 , 30) (438 , 31) (441 , 34) (444 , 37) (449 , 42) (450 , 43) (452 , 45) (457 , 50) (461 , 3) (463 , 5) (464 , 6) (466 , 8) 

Travel Time: 10111.487542404724081; Profit: 68101; TSP Distance : 7544.3659000000016022; Weight: 19168 / 22871; 0000000
TSP Tour = 1 49 32 45 19 41 8 9 10 43 33 51 11 52 14 13 47 26 27 28 12 25 4 6 15 5 24 48 38 37 40 39 36 35 34 44 46 16 29 50 20 23 30 2 7 42 21 17 3 18 31 22 1
Knapsack Array = 0 0 0 0 0 0 0 0 0 0 0 0 0 0 0 0 0 0 0 0 0 0 0 0 0 0 0 0 0 0 0 0 0 0 0 0 0 0 0 0 0 0 0 0 0 0 0 0 0 0 0 0 0 0 0 0 0 0 0 0 0 0 1 0 0 0 0 0 0 0 0 0 0 1 1 0 1 0 0 0 0 0 0 0 0 0 1 1 0 0 0 0 0 0 0 0 0 0 0 0 0 1 0 0 0 0 0 1 0 1 0 0 0 0 0 0 1 0 0 0 0 0 0 0 1 1 0 0 0 0 0 1 0 0 0 1 0 0 0 1 0 0 0 0 1 0 0 0 0 0 0 1 0 0 0 0 0 0 0 1 1 0 0 1 0 0 0 0 0 0 1 0 1 1 0 0 0 0 0 0 1 1 0 0 0 1 0 0 0 0 0 1 0 0 1 0 0 0 1 0 0 0 0 0 1 1 0 1 1 1 0 0 0 0 0 0 0 1 0 0 0 0 0 1 1 0 1 0 0 0 0 1 0 0 0 0 0 0 0 0 0 0 0 0 0 0 0 0 0 1 0 1 0 0 1 0 0 0 0 0 1 1 0 0 0 0 0 0 0 0 0 0 0 0 1 1 0 0 1 0 0 0 0 1 1 0 0 0 0 1 0 0 0 0 0 0 1 0 0 1 0 0 0 0 1 1 0 0 0 0 0 0 0 0 1 1 0 1 0 0 0 1 0 0 0 0 1 0 0 1 0 0 0 1 1 0 0 1 0 0 0 0 0 1 0 0 0 0 0 1 0 0 1 0 0 0 0 0 0 0 0 0 0 0 0 0 1 1 0 0 0 0 1 1 0 0 0 1 0 1 0 0 1 0 0 1 1 0 0 0 0 0 0 0 0 0 1 0 0 1 0 0 1 0 0 0 0 0 0 1 1 0 0 0 0 0 0 0 0 0 0 0 0 0 0 0 1 0 1 0 1 0 0 0 0 0 1 1 0 0 1 0 0 1 0 0 0 0 1 0 0 1 0 0 0 0 1 0 0 0 1 0 1 1 0 0 0 0 0 0 0 1 0 0 1 0 0 1 1 1 0 0 0 0 0 1 0 0 1 0 1 1 0 0 0 0 1 0 0 0 1 0 0 0 0 0 0 0 0 0 
Picked Items (item,city) = (63 , 13) (74 , 24) (75 , 25) (77 , 27) (87 , 37) (88 , 38) (102 , 52) (108 , 7) (110 , 9) (117 , 16) (125 , 24) (126 , 25) (132 , 31) (136 , 35) (140 , 39) (145 , 44) (152 , 51) (160 , 8) (161 , 9) (164 , 12) (171 , 19) (173 , 21) (174 , 22) (181 , 29) (182 , 30) (186 , 34) (192 , 40) (195 , 43) (199 , 47) (205 , 2) (206 , 3) (208 , 5) (209 , 6) (210 , 7) (218 , 15) (224 , 21) (225 , 22) (227 , 24) (232 , 29) (250 , 47) (252 , 49) (255 , 52) (261 , 7) (262 , 8) (275 , 21) (276 , 22) (279 , 25) (284 , 30) (285 , 31) (290 , 36) (297 , 43) (300 , 46) (305 , 51) (306 , 52) (315 , 10) (316 , 11) (318 , 13) (322 , 17) (327 , 22) (330 , 25) (334 , 29) (335 , 30) (338 , 33) (344 , 39) (350 , 45) (353 , 48) (367 , 11) (368 , 12) (373 , 17) (374 , 18) (378 , 22) (380 , 24) (383 , 27) (386 , 30) (387 , 31) (397 , 41) (400 , 44) (403 , 47) (410 , 3) (411 , 4) (427 , 20) (429 , 22) (431 , 24) (437 , 30) (438 , 31) (441 , 34) (444 , 37) (449 , 42) (452 , 45) (457 , 50) (461 , 3) (463 , 5) (464 , 6) (472 , 14) (475 , 17) (478 , 20) (479 , 21) (480 , 22) (486 , 28) (489 , 31) (491 , 33) (492 , 34) (497 , 39) (501 , 43) 

Travel Time: 10228.412215652602754; Profit: 69555; TSP Distance : 7544.3659000000016022; Weight: 19595 / 22871; 0000000
TSP Tour = 1 49 32 45 19 41 8 9 10 43 33 51 11 52 14 13 47 26 27 28 12 25 4 6 15 5 24 48 38 37 40 39 36 35 34 44 46 16 29 50 20 23 30 2 7 42 21 17 3 18 31 22 1
Knapsack Array = 0 0 0 0 0 0 0 0 0 0 0 0 0 0 0 0 0 0 0 0 0 0 0 0 0 0 0 0 0 0 0 0 0 0 0 0 0 0 0 0 0 0 0 0 0 0 0 0 0 0 0 0 0 0 0 0 0 0 0 0 0 0 1 0 0 0 0 0 0 0 0 0 0 1 1 0 1 0 0 0 0 0 0 0 0 0 1 1 0 0 0 0 0 0 0 0 0 0 0 0 0 1 0 0 0 0 0 1 0 1 0 0 0 0 0 0 1 0 0 0 0 0 0 0 1 1 0 0 0 0 0 1 0 0 0 1 0 0 0 1 0 0 0 0 1 0 0 0 0 0 0 1 0 0 0 0 0 0 0 1 1 0 0 1 0 0 0 0 0 0 1 0 1 1 0 0 0 0 0 0 1 1 0 0 0 1 0 0 0 0 0 1 0 0 1 0 0 0 1 0 0 0 0 0 1 1 0 1 1 1 0 0 0 0 0 0 0 1 0 0 0 0 0 1 1 0 1 0 0 0 0 1 0 0 0 0 0 0 0 0 0 0 0 0 0 0 0 0 0 1 0 1 0 0 1 0 0 0 0 0 1 1 0 0 0 0 0 0 0 0 0 0 0 0 1 1 0 0 1 0 0 0 0 1 1 0 0 0 0 1 0 0 0 0 0 0 1 0 0 1 0 0 0 0 1 1 0 0 0 0 0 0 0 0 1 1 0 1 0 0 0 1 0 0 0 0 1 0 0 1 0 0 0 1 1 0 0 1 0 0 0 0 0 1 0 0 0 0 0 1 0 0 1 0 0 0 0 0 0 0 0 0 0 0 0 0 1 1 0 0 0 0 1 1 0 0 0 1 0 1 0 0 1 0 0 1 1 0 0 0 0 0 0 0 0 0 1 0 0 1 0 0 1 0 0 0 0 0 0 1 1 0 0 0 0 0 0 0 0 0 0 0 0 0 0 0 1 0 1 0 1 0 0 0 0 0 1 1 0 0 1 0 0 1 0 0 0 0 1 0 0 1 0 0 0 0 1 0 0 0 1 0 1 1 0 0 0 0 0 0 0 1 0 0 1 0 0 1 1 1 0 0 0 0 0 1 0 0 1 0 1 1 0 0 0 0 1 0 0 1 1 0 0 1 0 0 0 0 0 0 
Picked Items (item,city) = (63 , 13) (74 , 24) (75 , 25) (77 , 27) (87 , 37) (88 , 38) (102 , 52) (108 , 7) (110 , 9) (117 , 16) (125 , 24) (126 , 25) (132 , 31) (136 , 35) (140 , 39) (145 , 44) (152 , 51) (160 , 8) (161 , 9) (164 , 12) (171 , 19) (173 , 21) (174 , 22) (181 , 29) (182 , 30) (186 , 34) (192 , 40) (195 , 43) (199 , 47) (205 , 2) (206 , 3) (208 , 5) (209 , 6) (210 , 7) (218 , 15) (224 , 21) (225 , 22) (227 , 24) (232 , 29) (250 , 47) (252 , 49) (255 , 52) (261 , 7) (262 , 8) (275 , 21) (276 , 22) (279 , 25) (284 , 30) (285 , 31) (290 , 36) (297 , 43) (300 , 46) (305 , 51) (306 , 52) (315 , 10) (316 , 11) (318 , 13) (322 , 17) (327 , 22) (330 , 25) (334 , 29) (335 , 30) (338 , 33) (344 , 39) (350 , 45) (353 , 48) (367 , 11) (368 , 12) (373 , 17) (374 , 18) (378 , 22) (380 , 24) (383 , 27) (386 , 30) (387 , 31) (397 , 41) (400 , 44) (403 , 47) (410 , 3) (411 , 4) (427 , 20) (429 , 22) (431 , 24) (437 , 30) (438 , 31) (441 , 34) (444 , 37) (449 , 42) (452 , 45) (457 , 50) (461 , 3) (463 , 5) (464 , 6) (472 , 14) (475 , 17) (478 , 20) (479 , 21) (480 , 22) (486 , 28) (489 , 31) (491 , 33) (492 , 34) (497 , 39) (500 , 42) (501 , 43) (504 , 46) 

Travel Time: 8126.14570583558816; Profit: 23036; TSP Distance : 7544.3659000000016022; Weight: 5196 / 22871; 0000000
TSP Tour = 1 49 32 45 19 41 8 9 10 43 33 51 11 52 14 13 47 26 27 28 12 25 4 6 15 5 24 48 38 37 40 39 36 35 34 44 46 16 29 50 20 23 30 2 7 42 21 17 3 18 31 22 1
Knapsack Array = 0 0 0 0 0 0 0 0 0 0 0 0 0 0 0 0 0 0 0 0 0 0 0 0 0 0 0 0 0 0 0 0 0 0 0 0 0 0 0 0 0 0 0 0 0 0 0 0 0 0 0 0 0 0 0 0 0 0 0 0 0 0 1 0 0 0 0 0 0 0 0 0 0 1 1 0 1 0 0 0 0 0 0 0 0 0 1 1 0 0 0 0 0 0 0 0 0 0 0 0 0 1 0 1 0 0 0 1 0 1 0 0 0 1 0 0 1 0 0 0 0 0 0 0 1 1 0 0 0 0 0 1 0 0 0 1 0 1 0 1 0 0 0 0 0 0 0 0 0 0 0 1 0 0 0 0 0 0 0 1 1 0 0 1 0 0 0 0 0 0 1 0 1 0 0 0 0 0 0 0 1 0 0 0 0 1 0 0 0 0 0 1 0 0 0 0 0 0 0 0 0 0 0 0 0 0 0 0 0 0 0 0 0 0 0 0 0 0 0 0 0 0 0 0 0 0 0 0 0 0 0 0 0 0 0 0 0 0 0 0 0 0 0 0 0 0 0 0 0 0 0 0 0 0 0 0 0 0 0 0 0 0 0 0 0 0 0 0 0 0 0 0 0 0 0 0 0 0 0 0 0 0 0 0 0 0 0 0 0 0 0 0 0 0 0 0 0 0 0 0 0 0 0 0 0 0 0 0 0 0 0 0 0 0 0 0 0 0 0 0 0 0 0 0 0 0 0 0 0 0 0 0 0 0 0 0 0 0 0 0 0 0 0 0 0 0 0 0 0 0 0 0 0 0 0 0 0 0 0 0 0 0 0 0 0 0 0 0 0 0 0 0 0 0 0 0 0 0 0 0 0 0 0 0 0 0 0 0 0 0 0 0 0 0 0 0 0 0 0 0 0 0 0 0 0 0 0 0 0 0 0 0 0 0 0 0 0 0 0 0 0 0 0 0 0 0 0 0 0 0 0 0 0 0 0 0 0 0 0 0 0 0 0 0 0 0 0 0 0 0 0 0 0 0 0 0 0 0 0 0 0 0 0 0 0 0 0 0 0 0 0 0 0 0 0 0 0 1 1 1 0 0 0 0 0 1 0 0 1 0 1 1 0 0 0 0 1 0 0 1 1 0 0 1 0 0 0 0 0 0 
Picked Items (item,city) = (63 , 13) (74 , 24) (75 , 25) (77 , 27) (87 , 37) (88 , 38) (102 , 52) (104 , 3) (108 , 7) (110 , 9) (114 , 13) (117 , 16) (125 , 24) (126 , 25) (132 , 31) (136 , 35) (138 , 37) (140 , 39) (152 , 51) (160 , 8) (161 , 9) (164 , 12) (171 , 19) (173 , 21) (181 , 29) (186 , 34) (192 , 40) (478 , 20) (479 , 21) (480 , 22) (486 , 28) (489 , 31) (491 , 33) (492 , 34) (497 , 39) (500 , 42) (501 , 43) (504 , 46) 

Travel Time: 7550.4508759456530242; Profit: 1396; TSP Distance : 7544.3659000000016022; Weight: 994 / 22871; 0000000
TSP Tour = 1 49 32 45 19 41 8 9 10 43 33 51 11 52 14 13 47 26 27 28 12 25 4 6 15 5 24 48 38 37 40 39 36 35 34 44 46 16 29 50 20 23 30 2 7 42 21 17 3 18 31 22 1
Knapsack Array = 0 0 0 0 0 0 0 0 0 0 0 0 0 0 0 0 0 0 0 0 0 0 0 0 0 0 0 0 0 0 0 0 0 0 0 0 0 0 0 0 0 0 0 0 0 0 0 0 0 0 0 0 0 0 0 0 0 0 0 0 0 0 0 0 0 0 0 0 0 0 0 0 0 0 0 0 0 0 0 0 0 0 0 0 0 0 0 0 0 0 0 0 0 0 0 0 0 0 0 0 0 0 0 0 0 0 0 0 0 0 0 0 0 0 0 0 0 0 0 0 0 0 0 0 0 0 0 0 0 0 0 0 0 0 0 0 0 0 0 0 0 0 0 0 0 0 0 0 0 0 0 0 0 0 0 0 0 0 0 0 0 0 0 0 0 0 0 0 0 0 0 0 0 0 0 0 0 0 0 0 0 0 0 0 0 0 0 0 0 0 0 0 0 0 0 0 0 0 0 0 0 0 0 0 0 0 0 0 0 0 0 0 0 0 0 0 0 0 0 0 0 0 0 1 1 0 1 0 0 0 0 0 0 0 0 0 0 0 0 0 0 0 0 0 0 0 0 0 0 0 0 0 0 0 0 0 0 0 0 0 0 0 0 0 0 0 0 0 0 0 0 0 0 0 0 0 0 0 0 0 0 0 0 0 0 0 0 0 0 0 0 0 0 0 0 0 0 0 0 0 0 0 0 0 0 0 0 0 0 0 0 0 0 0 0 0 0 0 0 0 0 0 0 0 0 0 0 0 0 0 0 0 0 0 0 0 0 0 0 0 0 0 0 0 0 0 0 0 0 0 0 0 0 0 0 0 0 0 0 0 0 0 0 0 0 0 0 0 0 0 0 0 0 0 0 0 0 0 0 0 0 0 0 0 0 0 0 0 0 0 0 0 0 0 0 0 0 0 0 0 0 0 0 0 0 0 0 0 0 0 0 0 0 0 0 0 0 0 0 0 0 0 0 0 0 0 0 0 0 0 0 0 0 0 0 0 0 0 0 0 0 0 0 0 0 0 0 0 0 0 0 0 0 0 0 0 0 0 0 0 0 0 0 0 0 0 0 0 0 0 0 0 0 0 0 0 0 0 0 0 0 0 0 0 0 0 0 0 0 0 0 0 0 0 0 0 0 0 0 0 0 0 0 0 0 0 0 0 0 0 
Picked Items (item,city) = (224 , 21) (225 , 22) (227 , 24) 

Travel Time: 8292.1443240911739849; Profit: 26334; TSP Distance : 7544.3659000000016022; Weight: 6746 / 22871; 0000000
TSP Tour = 1 49 32 45 19 41 8 9 10 43 33 51 11 52 14 13 47 26 27 28 12 25 4 6 15 5 24 48 38 37 40 39 36 35 34 44 46 16 29 50 20 23 30 2 7 42 21 17 3 18 31 22 1
Knapsack Array = 0 0 0 0 0 0 0 0 0 0 0 0 0 0 0 0 0 0 0 0 0 0 0 0 0 0 0 0 0 0 0 0 0 0 0 0 0 0 0 0 0 0 0 0 0 0 0 0 0 0 1 0 1 0 0 0 0 0 0 0 0 0 1 0 0 0 0 0 0 0 0 1 1 1 1 0 1 0 0 0 0 0 0 0 0 0 1 1 0 0 0 0 0 0 0 0 0 0 0 0 0 1 0 0 0 0 0 1 0 1 0 0 0 1 0 0 1 0 0 0 0 0 0 0 1 1 0 0 0 0 0 1 0 0 0 1 0 0 0 1 0 0 0 0 0 0 0 0 0 0 0 1 0 0 0 0 0 0 0 1 1 0 0 1 0 0 0 0 0 0 1 0 1 1 0 0 0 0 0 0 1 0 0 0 0 1 0 0 0 0 0 1 0 0 1 0 0 0 1 0 0 0 0 0 1 1 0 1 1 1 0 0 0 0 0 0 0 1 0 0 0 0 0 0 0 0 1 0 0 0 0 1 0 0 0 0 0 0 0 0 0 0 0 0 0 1 0 0 0 1 0 1 0 0 1 0 0 0 0 0 0 0 0 0 0 0 0 0 0 0 0 0 0 0 0 0 0 0 0 0 0 0 0 0 0 0 0 0 0 0 0 0 0 0 0 0 0 0 0 0 0 0 0 0 0 0 0 0 0 0 0 0 0 0 0 0 0 0 0 0 0 0 0 0 0 0 0 0 0 0 0 0 0 0 0 0 0 0 0 0 0 0 0 0 0 0 0 0 0 0 0 0 0 0 0 0 0 0 0 0 0 0 0 0 0 0 0 0 0 0 0 0 0 0 0 0 0 0 0 0 0 0 0 0 0 0 0 0 0 0 0 0 0 0 0 0 0 0 0 0 0 0 0 0 0 0 0 0 0 0 0 0 0 0 0 0 0 0 0 0 0 0 0 0 0 0 0 0 0 0 0 0 0 0 0 0 0 0 0 0 0 0 0 0 0 0 0 0 0 0 0 0 0 0 0 0 0 0 0 0 0 0 0 0 0 0 0 0 0 0 0 0 0 0 0 0 0 0 0 0 0 0 0 0 0 0 0 0 0 0 0 0 0 0 0 0 0 0 0 0 0 0 0 0 0 0 0 0 0 0 
Picked Items (item,city) = (51 , 52) (53 , 3) (63 , 13) (72 , 22) (73 , 23) (74 , 24) (75 , 25) (77 , 27) (87 , 37) (88 , 38) (102 , 52) (108 , 7) (110 , 9) (114 , 13) (117 , 16) (125 , 24) (126 , 25) (132 , 31) (136 , 35) (140 , 39) (152 , 51) (160 , 8) (161 , 9) (164 , 12) (171 , 19) (173 , 21) (174 , 22) (181 , 29) (186 , 34) (192 , 40) (195 , 43) (199 , 47) (205 , 2) (206 , 3) (208 , 5) (209 , 6) (210 , 7) (218 , 15) (227 , 24) (232 , 29) (246 , 43) (250 , 47) (252 , 49) (255 , 52) 

Travel Time: 9104.4093563171463757; Profit: 45869; TSP Distance : 7544.3659000000016022; Weight: 11976 / 22871; 0000000
TSP Tour = 1 49 32 45 19 41 8 9 10 43 33 51 11 52 14 13 47 26 27 28 12 25 4 6 15 5 24 48 38 37 40 39 36 35 34 44 46 16 29 50 20 23 30 2 7 42 21 17 3 18 31 22 1
Knapsack Array = 0 0 0 0 0 0 0 0 0 0 0 0 0 0 0 0 0 0 0 0 0 0 0 0 0 0 0 0 0 0 0 0 0 0 0 0 0 0 0 0 0 0 0 0 0 0 0 0 0 0 0 0 0 0 0 0 0 0 0 0 0 0 1 0 0 0 0 0 0 0 0 1 1 1 1 0 1 0 0 0 0 0 0 0 0 0 1 1 0 0 0 0 0 0 0 0 0 0 0 0 0 1 0 0 0 0 0 1 0 1 0 0 0 1 0 0 1 0 0 0 0 0 0 0 1 1 0 0 0 0 0 1 0 0 0 0 0 0 0 1 0 0 0 0 0 0 0 0 0 0 0 1 0 0 0 0 0 0 0 1 1 0 0 1 0 0 0 0 0 0 1 0 1 1 0 0 0 0 0 0 1 0 0 0 0 1 0 0 0 0 0 1 0 0 0 0 0 1 1 0 0 0 0 0 1 1 0 1 1 0 0 0 0 0 0 0 0 1 0 0 0 0 0 1 0 0 1 0 0 0 0 1 0 0 0 0 0 0 0 0 1 0 0 0 0 0 0 0 0 1 0 1 0 0 1 0 1 0 0 0 1 1 0 0 0 0 0 0 0 0 0 0 1 0 1 1 1 0 1 0 0 0 0 0 1 0 0 0 0 1 0 0 1 0 0 0 0 0 0 0 0 0 0 0 0 0 0 0 0 0 0 0 0 0 0 0 0 0 0 0 0 1 0 0 0 0 0 0 0 1 0 0 0 1 1 0 0 1 0 0 0 0 0 1 1 0 0 0 0 1 0 0 1 0 0 0 1 0 0 0 0 0 0 0 0 0 1 1 0 0 0 0 0 0 0 0 0 0 0 0 0 0 0 0 0 0 0 0 0 0 0 0 0 0 0 1 1 0 0 1 0 0 1 0 0 0 0 0 0 1 1 0 1 0 0 0 0 0 0 0 0 0 1 0 0 0 1 0 0 0 0 0 0 0 0 0 0 0 0 0 0 0 0 0 0 0 0 0 0 0 0 0 0 0 0 0 0 0 0 0 0 0 0 0 0 0 0 0 0 0 0 0 0 0 0 0 0 0 0 0 0 0 0 0 0 0 0 0 0 0 0 0 0 0 0 0 0 0 0 0 0 0 0 0 0 0 0 0 0 0 
Picked Items (item,city) = (63 , 13) (72 , 22) (73 , 23) (74 , 24) (75 , 25) (77 , 27) (87 , 37) (88 , 38) (102 , 52) (108 , 7) (110 , 9) (114 , 13) (117 , 16) (125 , 24) (126 , 25) (132 , 31) (140 , 39) (152 , 51) (160 , 8) (161 , 9) (164 , 12) (171 , 19) (173 , 21) (174 , 22) (181 , 29) (186 , 34) (192 , 40) (198 , 46) (199 , 47) (205 , 2) (206 , 3) (208 , 5) (209 , 6) (218 , 15) (224 , 21) (227 , 24) (232 , 29) (241 , 38) (250 , 47) (252 , 49) (255 , 52) (257 , 3) (261 , 7) (262 , 8) (273 , 19) (275 , 21) (276 , 22) (277 , 23) (279 , 25) (285 , 31) (290 , 36) (293 , 39) (322 , 17) (330 , 25) (334 , 29) (335 , 30) (338 , 33) (344 , 39) (345 , 40) (350 , 45) (353 , 48) (357 , 52) (367 , 11) (368 , 12) (396 , 40) (397 , 41) (400 , 44) (403 , 47) (410 , 3) (411 , 4) (413 , 6) (423 , 16) (427 , 20) 

Travel Time: 7888.9416457306451775; Profit: 16443; TSP Distance : 7544.3659000000016022; Weight: 3962 / 22871; 0000000
TSP Tour = 1 49 32 45 19 41 8 9 10 43 33 51 11 52 14 13 47 26 27 28 12 25 4 6 15 5 24 48 38 37 40 39 36 35 34 44 46 16 29 50 20 23 30 2 7 42 21 17 3 18 31 22 1
Knapsack Array = 0 0 0 0 0 0 0 0 0 0 0 0 0 0 0 0 0 0 0 0 0 0 0 0 0 0 0 0 0 0 0 0 0 0 0 0 0 0 0 0 0 0 0 0 0 0 0 0 0 0 0 0 0 0 0 0 0 0 0 0 0 0 0 0 0 0 0 0 0 0 0 0 0 0 0 0 0 0 0 0 0 0 0 0 0 0 0 0 0 0 0 0 0 0 0 0 0 0 0 0 0 0 0 0 0 0 0 0 0 0 0 0 0 0 0 0 0 0 0 0 0 0 0 0 0 0 0 0 0 0 0 0 0 0 0 0 0 0 0 0 0 0 0 0 0 0 0 0 0 0 0 0 0 0 0 0 0 0 0 0 0 0 0 0 0 0 0 0 0 0 0 0 0 0 0 0 0 0 0 0 0 0 0 0 0 0 0 0 0 0 0 0 0 0 0 0 0 0 0 0 0 0 0 0 0 0 0 0 0 0 0 0 0 0 0 0 0 0 0 0 0 0 0 0 0 0 0 0 0 0 0 0 0 0 0 0 0 0 0 0 0 0 0 0 0 0 0 0 0 0 0 0 0 0 0 0 0 0 0 0 0 0 0 0 0 0 0 0 0 0 0 0 0 0 0 0 0 0 0 0 0 0 0 0 0 0 0 0 0 0 0 0 0 0 0 0 0 0 0 0 0 0 0 0 0 0 0 0 0 0 0 0 0 0 0 0 0 1 0 0 0 1 0 0 0 0 0 0 0 1 0 0 0 1 1 0 0 1 0 0 0 0 0 0 0 0 0 0 0 0 0 0 0 0 0 0 0 0 0 0 0 0 0 0 0 0 0 0 0 0 0 0 0 0 0 0 0 0 0 0 0 0 0 0 0 1 0 0 0 0 0 0 0 0 0 1 1 0 0 1 0 0 1 0 0 0 0 0 0 1 1 0 0 0 0 0 0 0 0 0 0 0 0 0 0 0 1 0 0 0 1 0 0 0 0 0 1 1 0 0 1 0 0 1 0 0 0 0 1 0 0 0 0 0 0 0 1 0 0 0 1 0 1 1 0 0 0 0 0 0 0 1 0 0 0 0 0 0 0 0 0 0 0 0 0 0 0 0 0 0 0 0 0 0 0 0 0 0 0 0 0 0 0 0 0 0 0 0 0 0 
Picked Items (item,city) = (318 , 13) (322 , 17) (330 , 25) (334 , 29) (335 , 30) (338 , 33) (386 , 30) (396 , 40) (397 , 41) (400 , 44) (403 , 47) (410 , 3) (411 , 4) (427 , 20) (431 , 24) (437 , 30) (438 , 31) (441 , 34) (444 , 37) (449 , 42) (457 , 50) (461 , 3) (463 , 5) (464 , 6) (472 , 14) 

Travel Time: 7985.163054722293964; Profit: 18898; TSP Distance : 7544.3659000000016022; Weight: 4703 / 22871; 0000000
TSP Tour = 1 49 32 45 19 41 8 9 10 43 33 51 11 52 14 13 47 26 27 28 12 25 4 6 15 5 24 48 38 37 40 39 36 35 34 44 46 16 29 50 20 23 30 2 7 42 21 17 3 18 31 22 1
Knapsack Array = 0 0 0 0 0 0 0 0 0 0 0 0 0 0 0 0 0 0 0 0 0 0 0 0 0 0 0 0 0 0 0 0 0 0 0 0 0 0 0 0 0 0 0 0 0 0 0 0 0 0 0 0 0 0 0 0 0 0 0 0 0 0 0 0 0 0 0 0 0 0 0 0 0 0 0 0 0 0 0 0 0 0 0 0 0 0 0 0 0 0 0 0 0 0 0 0 0 0 0 0 0 0 0 0 0 0 0 0 0 0 0 0 0 0 0 0 0 0 0 0 0 0 0 0 0 0 0 0 0 0 0 0 0 0 0 0 0 0 0 0 0 0 0 0 0 0 0 0 0 0 0 0 0 0 0 0 0 0 0 0 0 0 0 0 0 0 0 0 0 0 0 0 0 0 0 0 0 0 0 0 0 0 0 0 0 0 0 0 0 0 0 0 0 0 0 0 0 0 0 0 0 0 0 0 0 0 0 0 0 0 0 0 0 0 0 0 0 0 0 0 0 0 0 0 0 0 0 0 0 0 0 0 0 0 0 0 0 0 0 0 0 0 0 0 0 0 0 0 0 0 0 0 0 0 0 0 0 0 0 0 0 0 0 0 0 0 0 0 0 0 0 0 0 0 0 0 0 0 0 0 0 0 0 0 0 0 0 0 0 0 0 0 0 0 0 0 0 0 0 0 0 0 0 0 0 0 0 0 0 0 0 0 0 0 0 0 0 1 0 0 0 1 0 0 0 0 0 0 0 1 0 0 0 1 1 0 0 1 0 0 0 0 0 0 0 0 0 0 0 0 0 0 0 0 0 0 0 0 0 0 0 0 0 0 0 0 0 0 0 0 0 0 0 0 0 0 0 0 0 0 0 0 0 0 0 1 0 0 0 0 0 0 0 0 0 1 1 0 0 1 0 0 1 0 0 0 0 0 0 1 1 0 0 0 0 0 0 0 0 0 0 0 0 0 0 0 1 0 0 0 1 0 0 0 0 0 1 1 0 0 1 0 0 1 0 0 0 0 1 0 0 0 0 0 0 0 1 0 0 0 1 0 1 1 0 0 0 0 0 0 0 1 0 0 0 0 0 0 0 0 0 0 0 0 0 0 0 1 1 0 1 1 0 0 0 0 0 0 0 0 0 0 0 0 0 0 0 0 0 0 
Picked Items (item,city) = (318 , 13) (322 , 17) (330 , 25) (334 , 29) (335 , 30) (338 , 33) (386 , 30) (396 , 40) (397 , 41) (400 , 44) (403 , 47) (410 , 3) (411 , 4) (427 , 20) (431 , 24) (437 , 30) (438 , 31) (441 , 34) (444 , 37) (449 , 42) (457 , 50) (461 , 3) (463 , 5) (464 , 6) (472 , 14) (488 , 30) (489 , 31) (491 , 33) (492 , 34) 

Travel Time: 13941.171194463211577; Profit: 79863; TSP Distance : 7544.3659000000016022; Weight: 20794 / 22871; 0000000
TSP Tour = 1 49 32 45 19 41 8 9 10 43 33 51 11 52 14 13 47 26 27 28 12 25 4 6 15 5 24 48 38 37 40 39 36 35 34 44 46 16 29 50 20 23 30 2 7 42 21 17 3 18 31 22 1
Knapsack Array = 1 0 1 0 0 0 1 0 0 0 0 1 0 0 1 0 1 1 0 0 1 0 1 0 0 0 1 0 0 1 0 0 1 0 0 1 0 0 0 0 1 0 0 0 0 0 0 1 0 0 1 0 1 1 0 0 0 0 1 0 0 0 1 0 0 0 0 0 0 0 0 0 0 1 1 0 1 0 0 0 0 0 0 0 0 0 1 1 0 0 0 0 0 0 0 0 0 0 0 0 0 1 0 1 0 0 0 1 0 1 0 0 0 1 0 0 1 0 0 0 0 0 0 0 1 1 0 0 0 0 0 1 0 0 0 1 0 0 0 1 0 0 0 0 0 0 0 0 0 0 0 1 1 0 0 0 0 0 0 1 1 0 0 1 0 1 0 0 0 0 1 0 1 0 0 0 0 0 0 0 1 1 0 0 0 1 0 0 0 0 0 1 0 0 0 0 0 1 1 0 0 0 0 0 1 1 0 1 1 0 0 0 0 0 0 0 0 1 0 0 0 0 0 1 0 0 1 0 0 0 0 1 0 0 0 0 0 0 0 0 1 0 0 0 0 1 0 0 0 1 0 1 0 0 1 0 0 0 0 0 1 1 0 0 0 0 0 0 0 0 0 0 1 0 1 1 0 0 0 0 0 0 0 0 0 0 0 0 0 0 0 0 0 0 0 0 0 0 0 0 0 0 0 0 1 1 0 0 0 0 0 0 0 0 1 1 0 1 0 0 0 1 0 0 0 0 0 0 0 1 0 0 0 1 1 0 0 1 0 0 0 0 0 1 1 0 0 0 0 1 0 0 1 0 0 0 1 0 0 0 0 0 0 0 0 0 1 1 0 0 1 0 1 1 0 1 0 0 0 1 0 0 1 0 0 1 0 0 0 0 0 0 0 0 0 1 1 0 0 1 0 0 1 0 0 0 0 0 0 1 1 0 1 0 0 0 0 0 0 0 0 0 1 0 0 0 1 0 0 0 1 0 0 0 0 0 1 0 0 0 1 0 0 1 0 0 0 0 1 0 0 1 0 0 0 0 1 0 0 0 1 0 1 1 0 0 0 0 1 0 0 1 0 1 0 0 0 1 1 0 0 0 0 0 0 1 0 0 1 0 1 1 0 0 0 0 1 0 0 1 1 0 1 1 0 0 0 0 0 0 
Picked Items (item,city) = (1 , 2) (3 , 4) (7 , 8) (12 , 13) (15 , 16) (17 , 18) (18 , 19) (21 , 22) (23 , 24) (27 , 28) (30 , 31) (33 , 34) (36 , 37) (41 , 42) (48 , 49) (51 , 52) (53 , 3) (54 , 4) (59 , 9) (63 , 13) (74 , 24) (75 , 25) (77 , 27) (87 , 37) (88 , 38) (102 , 52) (104 , 3) (108 , 7) (110 , 9) (114 , 13) (117 , 16) (125 , 24) (126 , 25) (132 , 31) (136 , 35) (140 , 39) (152 , 51) (153 , 52) (160 , 8) (161 , 9) (164 , 12) (166 , 14) (171 , 19) (173 , 21) (181 , 29) (182 , 30) (186 , 34) (192 , 40) (198 , 46) (199 , 47) (205 , 2) (206 , 3) (208 , 5) (209 , 6) (218 , 15) (224 , 21) (227 , 24) (232 , 29) (241 , 38) (246 , 43) (250 , 47) (252 , 49) (255 , 52) (261 , 7) (262 , 8) (273 , 19) (275 , 21) (276 , 22) (305 , 51) (306 , 52) (315 , 10) (316 , 11) (318 , 13) (322 , 17) (330 , 25) (334 , 29) (335 , 30) (338 , 33) (344 , 39) (345 , 40) (350 , 45) (353 , 48) (357 , 52) (367 , 11) (368 , 12) (371 , 15) (373 , 17) (374 , 18) (376 , 20) (380 , 24) (383 , 27) (386 , 30) (396 , 40) (397 , 41) (400 , 44) (403 , 47) (410 , 3) (411 , 4) (413 , 6) (423 , 16) (427 , 20) (431 , 24) (437 , 30) (441 , 34) (444 , 37) (449 , 42) (452 , 45) (457 , 50) (461 , 3) (463 , 5) (464 , 6) (469 , 11) (472 , 14) (474 , 16) (478 , 20) (479 , 21) (486 , 28) (489 , 31) (491 , 33) (492 , 34) (497 , 39) (500 , 42) (501 , 43) (503 , 45) (504 , 46) 

Travel Time: 7808.6386936010067075; Profit: 11007; TSP Distance : 7544.3659000000016022; Weight: 3023 / 22871; 0000000
TSP Tour = 1 49 32 45 19 41 8 9 10 43 33 51 11 52 14 13 47 26 27 28 12 25 4 6 15 5 24 48 38 37 40 39 36 35 34 44 46 16 29 50 20 23 30 2 7 42 21 17 3 18 31 22 1
Knapsack Array = 0 0 0 0 0 0 0 0 0 0 0 1 0 0 1 0 1 1 0 0 1 0 1 0 0 0 0 0 0 1 0 0 1 0 0 1 0 0 0 0 1 0 0 0 0 0 0 0 0 0 1 0 1 1 0 0 0 0 0 0 0 0 0 0 0 0 0 0 0 0 0 0 0 1 1 0 1 0 0 0 0 0 0 0 0 0 0 0 0 0 0 0 0 0 0 0 0 0 0 0 0 0 0 0 0 0 0 0 0 0 0 0 0 0 0 0 0 0 0 0 0 0 0 0 0 0 0 0 0 0 0 0 0 0 0 0 0 0 0 0 0 0 0 0 0 0 0 0 0 0 0 0 0 0 0 0 0 0 0 0 0 0 0 0 0 0 0 0 0 0 0 0 0 0 0 0 0 0 0 0 0 0 0 0 0 0 0 0 0 0 0 0 0 0 0 0 0 0 0 0 0 0 0 0 0 0 0 0 0 0 0 0 0 0 0 0 0 0 0 0 0 0 0 0 0 0 0 0 0 0 0 0 0 0 0 0 0 0 0 0 0 0 0 0 0 0 0 0 0 0 0 0 0 0 0 0 0 0 0 0 0 0 0 0 0 0 0 0 0 0 0 0 0 0 0 0 0 0 0 0 0 0 0 0 0 0 0 0 0 0 0 0 0 0 0 0 0 0 0 0 0 0 0 0 0 0 0 0 0 0 0 0 0 0 0 0 0 0 0 0 0 0 0 0 0 0 0 0 0 0 0 0 0 0 0 0 0 0 0 0 0 0 0 0 0 0 0 0 0 0 0 0 0 0 0 0 0 0 0 0 0 0 0 0 0 0 0 0 0 0 0 0 0 0 0 0 0 0 0 0 0 0 0 0 0 0 0 0 0 0 0 0 0 0 0 0 0 0 0 0 0 0 0 0 0 0 0 0 0 0 0 0 0 0 0 0 0 0 0 0 0 0 0 0 0 0 0 0 0 0 0 0 0 0 0 0 0 0 0 0 0 0 0 0 0 0 0 0 0 0 0 0 0 0 0 0 0 0 0 0 0 0 0 0 0 0 0 0 0 0 0 0 0 0 0 0 0 0 0 0 0 0 0 0 0 0 0 0 0 0 0 0 0 0 0 0 0 0 0 0 0 0 0 0 0 0 0 0 0 0 
Picked Items (item,city) = (12 , 13) (15 , 16) (17 , 18) (18 , 19) (21 , 22) (23 , 24) (30 , 31) (33 , 34) (36 , 37) (41 , 42) (51 , 52) (53 , 3) (54 , 4) (74 , 24) (75 , 25) (77 , 27) 

Travel Time: 9443.9584611516856967; Profit: 56431; TSP Distance : 7544.3659000000016022; Weight: 15890 / 22871; 0000000
TSP Tour = 1 49 32 45 19 41 8 9 10 43 33 51 11 52 14 13 47 26 27 28 12 25 4 6 15 5 24 48 38 37 40 39 36 35 34 44 46 16 29 50 20 23 30 2 7 42 21 17 3 18 31 22 1
Knapsack Array = 1 0 1 0 0 0 1 0 0 0 0 1 0 0 1 0 1 1 0 0 1 0 1 0 0 0 0 0 0 1 0 0 1 0 0 1 0 0 0 0 1 0 0 0 0 0 0 0 0 0 1 0 1 1 0 0 0 0 0 0 0 0 1 0 0 0 0 0 0 0 0 1 0 1 1 0 1 0 0 0 0 0 0 0 0 0 1 1 0 0 0 0 0 0 0 0 0 0 0 0 0 1 0 1 0 0 0 1 0 1 0 0 0 0 0 0 1 0 0 0 0 0 0 0 1 1 0 0 0 0 0 1 0 0 0 0 0 0 0 0 0 0 0 0 0 0 0 0 0 0 0 1 0 0 0 0 0 0 0 1 1 0 0 1 0 0 0 0 0 0 1 0 1 1 0 0 0 0 0 0 1 1 0 0 0 1 0 0 0 0 0 1 0 0 0 0 0 0 1 0 0 0 0 0 1 1 0 1 1 1 0 0 0 0 0 0 0 1 0 0 0 0 0 1 1 0 1 0 0 0 0 1 0 0 0 0 0 0 0 0 0 0 0 0 0 0 0 0 0 1 0 1 0 0 1 0 1 0 0 0 1 1 0 0 0 0 0 0 0 0 1 0 1 0 1 1 0 0 1 0 0 0 0 1 1 0 0 0 0 1 0 0 1 0 0 0 1 0 0 1 0 0 0 0 0 0 0 0 0 0 0 0 0 0 0 0 0 0 0 0 0 0 0 0 0 0 0 0 0 0 0 0 0 0 0 0 0 0 0 0 0 0 0 0 0 0 0 0 0 0 0 0 0 0 0 0 0 0 0 0 0 0 0 0 0 0 0 0 0 0 0 0 0 0 0 0 0 0 0 0 0 0 0 0 0 0 0 0 0 0 0 0 0 0 0 0 0 0 0 0 0 0 0 0 0 0 0 0 0 0 0 0 0 0 0 0 0 0 0 0 0 0 0 0 0 0 0 0 0 0 0 0 0 0 0 0 1 1 0 0 1 0 0 1 0 0 0 0 1 0 0 1 0 0 0 0 1 0 0 0 1 0 1 1 0 0 0 0 1 0 0 1 0 0 1 0 0 0 1 0 0 0 0 0 0 1 0 0 1 0 1 1 0 0 0 0 1 0 0 1 0 0 0 0 0 0 0 0 0 0 
Picked Items (item,city) = (1 , 2) (3 , 4) (7 , 8) (12 , 13) (15 , 16) (17 , 18) (18 , 19) (21 , 22) (23 , 24) (30 , 31) (33 , 34) (36 , 37) (41 , 42) (51 , 52) (53 , 3) (54 , 4) (63 , 13) (72 , 22) (74 , 24) (75 , 25) (77 , 27) (87 , 37) (88 , 38) (102 , 52) (104 , 3) (108 , 7) (110 , 9) (117 , 16) (125 , 24) (126 , 25) (132 , 31) (152 , 51) (160 , 8) (161 , 9) (164 , 12) (171 , 19) (173 , 21) (174 , 22) (181 , 29) (182 , 30) (186 , 34) (192 , 40) (199 , 47) (205 , 2) (206 , 3) (208 , 5) (209 , 6) (210 , 7) (218 , 15) (224 , 21) (225 , 22) (227 , 24) (232 , 29) (250 , 47) (252 , 49) (255 , 52) (257 , 3) (261 , 7) (262 , 8) (271 , 17) (273 , 19) (275 , 21) (276 , 22) (279 , 25) (284 , 30) (285 , 31) (290 , 36) (293 , 39) (297 , 43) (300 , 46) (437 , 30) (438 , 31) (441 , 34) (444 , 37) (449 , 42) (452 , 45) (457 , 50) (461 , 3) (463 , 5) (464 , 6) (469 , 11) (472 , 14) (475 , 17) (479 , 21) (486 , 28) (489 , 31) (491 , 33) (492 , 34) (497 , 39) (500 , 42) 

Travel Time: 9443.805347892232021; Profit: 56312; TSP Distance : 7544.3659000000016022; Weight: 15889 / 22871; 0000000
TSP Tour = 1 49 32 45 19 41 8 9 10 43 33 51 11 52 14 13 47 26 27 28 12 25 4 6 15 5 24 48 38 37 40 39 36 35 34 44 46 16 29 50 20 23 30 2 7 42 21 17 3 18 31 22 1
Knapsack Array = 0 0 1 0 0 0 1 0 0 0 0 1 0 0 1 0 1 1 0 0 1 0 1 0 0 0 0 0 0 1 0 0 1 0 0 1 0 0 0 0 1 0 0 0 0 0 0 0 0 0 1 0 1 1 0 0 0 0 0 0 0 0 1 0 0 0 0 0 0 0 0 1 0 1 1 0 1 0 0 0 0 0 0 0 0 0 1 1 0 0 0 0 0 0 0 0 0 0 0 0 0 1 0 1 0 0 0 1 0 1 0 0 0 0 0 0 1 0 0 0 0 0 0 0 1 1 0 0 0 0 0 1 0 0 0 0 0 0 0 0 0 0 0 0 0 0 0 0 0 0 0 1 0 0 0 0 0 0 0 1 1 0 0 1 0 0 0 0 0 0 1 0 1 1 0 0 0 0 0 0 1 1 0 0 0 1 0 0 0 0 0 1 0 0 0 0 0 0 1 0 0 0 0 0 1 1 0 1 1 1 0 0 0 0 0 0 0 1 0 0 0 0 0 1 1 0 1 0 0 0 0 1 0 0 0 0 0 0 0 0 0 0 0 0 0 0 0 0 0 1 0 1 0 0 1 0 1 0 0 0 1 1 0 0 0 0 0 0 0 0 1 0 1 0 1 1 0 0 1 0 0 0 0 1 1 0 0 0 0 1 0 0 1 0 0 0 1 0 0 1 0 0 0 0 0 0 0 0 0 0 0 0 0 0 0 0 0 0 0 0 0 0 0 0 0 0 0 0 0 0 0 0 0 0 0 0 0 0 0 0 0 0 0 0 0 0 0 0 0 0 0 0 0 0 0 0 0 0 0 0 0 0 0 0 0 0 0 0 0 0 0 0 0 0 0 0 0 0 0 0 0 0 0 0 0 0 0 0 0 0 0 0 0 0 0 0 0 0 0 0 0 0 0 0 0 0 0 0 0 0 0 0 0 0 0 0 0 0 0 0 0 0 0 0 0 0 0 0 0 0 0 0 0 0 0 0 1 1 0 0 1 0 0 1 0 0 0 0 1 0 0 1 0 0 0 0 1 0 0 0 1 0 1 1 0 0 0 0 1 0 0 1 0 0 1 0 0 0 1 0 0 0 0 0 0 1 0 0 1 0 1 1 0 0 0 0 1 0 0 1 0 0 0 0 0 0 0 0 0 0 
Picked Items (item,city) = (3 , 4) (7 , 8) (12 , 13) (15 , 16) (17 , 18) (18 , 19) (21 , 22) (23 , 24) (30 , 31) (33 , 34) (36 , 37) (41 , 42) (51 , 52) (53 , 3) (54 , 4) (63 , 13) (72 , 22) (74 , 24) (75 , 25) (77 , 27) (87 , 37) (88 , 38) (102 , 52) (104 , 3) (108 , 7) (110 , 9) (117 , 16) (125 , 24) (126 , 25) (132 , 31) (152 , 51) (160 , 8) (161 , 9) (164 , 12) (171 , 19) (173 , 21) (174 , 22) (181 , 29) (182 , 30) (186 , 34) (192 , 40) (199 , 47) (205 , 2) (206 , 3) (208 , 5) (209 , 6) (210 , 7) (218 , 15) (224 , 21) (225 , 22) (227 , 24) (232 , 29) (250 , 47) (252 , 49) (255 , 52) (257 , 3) (261 , 7) (262 , 8) (271 , 17) (273 , 19) (275 , 21) (276 , 22) (279 , 25) (284 , 30) (285 , 31) (290 , 36) (293 , 39) (297 , 43) (300 , 46) (437 , 30) (438 , 31) (441 , 34) (444 , 37) (449 , 42) (452 , 45) (457 , 50) (461 , 3) (463 , 5) (464 , 6) (469 , 11) (472 , 14) (475 , 17) (479 , 21) (486 , 28) (489 , 31) (491 , 33) (492 , 34) (497 , 39) (500 , 42) 

Travel Time: 9418.2136119797087304; Profit: 55205; TSP Distance : 7544.3659000000016022; Weight: 14754 / 22871; 0000000
TSP Tour = 1 49 32 45 19 41 8 9 10 43 33 51 11 52 14 13 47 26 27 28 12 25 4 6 15 5 24 48 38 37 40 39 36 35 34 44 46 16 29 50 20 23 30 2 7 42 21 17 3 18 31 22 1
Knapsack Array = 0 0 1 0 0 0 1 0 0 0 0 1 0 0 1 0 1 1 0 0 1 0 1 0 0 0 0 0 0 1 0 0 1 0 0 1 0 0 0 0 1 0 0 0 0 0 0 0 0 0 1 0 1 1 0 0 0 0 0 0 0 0 1 0 0 0 0 0 0 0 0 1 0 1 1 0 1 0 0 0 0 0 0 0 0 0 1 1 0 0 0 0 0 0 0 0 0 0 0 0 0 1 0 1 0 0 0 1 0 1 0 0 0 0 0 0 1 0 0 0 0 0 0 0 1 1 0 0 0 0 0 1 0 0 0 0 0 0 0 0 0 0 0 0 0 0 0 0 0 0 0 1 0 0 0 0 0 0 0 1 1 0 0 1 0 0 0 0 0 0 1 0 1 1 0 0 0 0 0 0 1 1 0 0 0 1 0 0 0 0 0 1 0 0 0 0 0 0 1 0 0 0 0 0 1 1 0 1 1 1 0 0 0 0 0 0 0 1 0 0 0 0 0 1 0 0 1 0 0 0 0 1 0 0 0 0 0 0 0 0 0 0 0 0 0 0 0 0 0 1 0 1 0 0 1 0 0 0 0 0 1 1 0 0 0 0 0 0 0 0 1 0 1 0 1 1 0 0 1 0 0 0 0 1 1 0 0 0 0 1 0 0 1 0 0 0 1 0 0 1 0 0 0 0 0 0 0 0 0 0 0 0 0 0 0 0 0 0 0 0 0 0 0 0 0 0 0 0 0 0 0 0 0 0 0 0 0 0 0 0 0 0 0 0 0 0 0 0 0 0 0 0 0 0 0 0 0 0 0 0 0 0 0 0 0 0 0 0 0 0 0 0 0 0 0 0 0 0 0 0 0 0 0 0 0 0 0 0 0 0 0 0 0 0 0 0 0 0 0 0 0 0 0 0 0 0 0 0 0 0 0 0 0 0 0 0 0 0 0 0 0 0 0 0 0 0 0 0 0 0 0 0 0 0 0 0 1 1 0 0 1 0 0 1 0 0 0 0 1 0 0 1 0 0 0 0 1 0 0 0 1 0 1 1 0 0 0 0 1 0 0 1 0 0 1 0 0 0 1 0 0 0 0 0 0 1 0 0 1 0 1 1 0 0 0 0 1 0 0 1 0 0 0 0 0 0 0 0 0 0 
Picked Items (item,city) = (3 , 4) (7 , 8) (12 , 13) (15 , 16) (17 , 18) (18 , 19) (21 , 22) (23 , 24) (30 , 31) (33 , 34) (36 , 37) (41 , 42) (51 , 52) (53 , 3) (54 , 4) (63 , 13) (72 , 22) (74 , 24) (75 , 25) (77 , 27) (87 , 37) (88 , 38) (102 , 52) (104 , 3) (108 , 7) (110 , 9) (117 , 16) (125 , 24) (126 , 25) (132 , 31) (152 , 51) (160 , 8) (161 , 9) (164 , 12) (171 , 19) (173 , 21) (174 , 22) (181 , 29) (182 , 30) (186 , 34) (192 , 40) (199 , 47) (205 , 2) (206 , 3) (208 , 5) (209 , 6) (210 , 7) (218 , 15) (224 , 21) (227 , 24) (232 , 29) (250 , 47) (252 , 49) (255 , 52) (261 , 7) (262 , 8) (271 , 17) (273 , 19) (275 , 21) (276 , 22) (279 , 25) (284 , 30) (285 , 31) (290 , 36) (293 , 39) (297 , 43) (300 , 46) (437 , 30) (438 , 31) (441 , 34) (444 , 37) (449 , 42) (452 , 45) (457 , 50) (461 , 3) (463 , 5) (464 , 6) (469 , 11) (472 , 14) (475 , 17) (479 , 21) (486 , 28) (489 , 31) (491 , 33) (492 , 34) (497 , 39) (500 , 42) 

Travel Time: 7587.664777774391041; Profit: 3199; TSP Distance : 7544.3659000000006927; Weight: 370 / 22871; 0000000
TSP Tour = 1 22 31 18 3 17 21 42 7 2 30 23 20 50 29 16 46 44 34 35 36 39 40 37 38 48 24 5 15 6 4 25 12 28 27 26 47 13 14 52 11 51 33 43 10 9 8 41 19 45 32 49 1
Knapsack Array = 0 0 0 0 0 0 0 0 0 0 0 0 0 0 0 0 0 0 0 0 0 0 0 0 0 0 0 0 0 0 0 0 0 0 0 0 0 0 0 0 0 0 0 0 0 0 0 0 0 0 0 0 0 0 0 0 0 0 0 0 0 0 0 0 0 0 0 0 0 0 0 0 0 0 0 0 0 0 0 0 0 0 0 0 0 0 0 0 0 0 0 0 0 0 0 0 0 0 0 0 0 0 0 0 0 0 0 0 0 0 0 0 0 0 0 0 0 0 0 0 0 0 0 0 0 0 0 0 0 0 0 0 0 0 0 0 0 0 0 1 0 0 0 0 0 0 0 0 0 0 0 1 0 0 0 0 0 0 0 1 1 0 0 1 0 0 0 0 0 0 0 0 0 0 0 0 0 0 0 0 0 0 0 0 0 0 0 0 0 0 0 0 0 0 0 0 0 0 0 0 0 0 0 0 0 0 0 0 0 0 0 0 0 0 0 0 0 0 0 0 0 0 0 0 0 0 0 0 0 0 0 0 0 0 0 0 0 0 0 0 0 0 0 0 0 0 0 0 0 0 0 0 0 0 0 0 0 0 0 0 0 0 0 0 0 0 0 0 0 0 0 0 0 0 0 0 0 0 0 0 0 0 0 0 0 0 0 0 0 0 0 0 0 0 0 0 0 0 0 0 0 0 0 0 0 0 0 0 0 0 0 0 0 0 0 0 0 0 0 0 0 0 0 0 0 0 0 0 0 0 0 0 0 0 0 0 0 0 0 0 0 0 0 0 0 0 0 0 0 0 0 0 0 0 0 0 0 0 0 0 0 0 0 0 0 0 0 0 0 0 0 0 0 0 0 0 0 0 0 0 0 0 0 0 0 0 0 0 0 0 0 0 0 0 0 0 0 0 0 0 0 0 0 0 0 0 0 0 0 0 0 0 0 0 0 0 0 0 0 0 0 0 0 0 0 0 0 0 0 0 0 0 0 0 0 0 0 0 0 0 0 0 0 0 0 0 0 0 0 0 0 0 0 0 0 0 0 0 0 0 0 0 0 0 0 0 0 0 0 0 0 0 0 0 0 0 0 0 0 0 0 0 0 0 0 0 0 0 0 0 0 0 0 0 0 0 0 0 0 0 0 0 0 0 0 0 0 0 0 0 
Picked Items (item,city) = (140 , 39) (152 , 51) (160 , 8) (161 , 9) (164 , 12) 

Travel Time: 7754.8710555726484017; Profit: 9173; TSP Distance : 7544.3659000000016022; Weight: 2681 / 22871; 0000000
TSP Tour = 1 49 32 45 19 41 8 9 10 43 33 51 11 52 14 13 47 26 27 28 12 25 4 6 15 5 24 48 38 37 40 39 36 35 34 44 46 16 29 50 20 23 30 2 7 42 21 17 3 18 31 22 1
Knapsack Array = 0 0 0 0 0 0 0 0 0 0 0 0 0 0 0 0 0 0 0 0 0 0 0 0 0 0 0 0 0 0 0 0 0 0 0 0 0 0 0 0 0 0 0 0 0 0 0 0 0 0 0 0 0 0 0 0 0 0 0 0 0 0 0 0 0 0 0 0 0 0 0 0 0 0 0 0 0 0 0 0 0 0 0 0 0 0 0 0 0 0 0 0 0 0 0 0 0 0 0 0 0 0 0 0 0 0 0 0 0 0 0 0 0 0 0 0 0 0 0 0 0 0 0 0 0 0 0 0 0 0 0 0 0 0 0 0 0 0 0 0 0 0 0 0 0 0 0 0 0 0 0 0 0 0 0 0 0 0 0 0 0 0 0 0 0 0 0 0 0 0 0 0 0 0 0 0 0 0 0 0 0 0 0 0 0 0 0 0 0 0 0 0 0 0 0 0 0 0 0 0 0 0 0 0 0 0 0 0 0 0 0 0 0 0 0 0 0 0 0 0 0 0 0 0 0 0 0 0 0 0 0 0 0 0 0 0 0 0 0 0 0 0 0 0 0 0 0 0 0 0 0 0 0 0 0 0 0 0 0 0 0 0 0 0 0 0 0 0 0 0 0 0 0 0 0 0 0 0 0 0 0 0 0 0 0 0 0 0 0 0 0 0 0 0 0 0 0 0 0 0 0 0 0 0 0 0 0 0 0 0 0 0 0 0 0 0 0 0 0 0 0 0 0 0 0 0 0 0 0 0 0 0 0 0 1 0 0 1 0 0 0 0 0 1 1 0 0 0 0 1 0 0 1 0 0 0 0 0 0 0 0 0 0 0 0 0 1 1 0 0 0 0 1 1 0 1 0 1 0 0 0 0 0 0 0 0 0 0 0 0 0 0 0 0 0 0 0 0 0 0 0 0 0 0 0 0 0 0 0 0 0 0 0 0 0 0 0 0 0 0 0 0 0 0 0 0 0 0 0 0 0 0 0 0 0 0 0 0 0 0 0 0 0 0 0 0 0 0 0 0 0 0 0 0 0 0 0 0 0 0 0 0 0 0 0 0 0 0 0 0 0 0 0 0 0 0 0 0 0 0 0 0 0 0 0 0 0 0 0 0 0 0 0 0 0 0 0 0 0 0 0 0 0 0 0 0 0 0 0 0 
Picked Items (item,city) = (335 , 30) (338 , 33) (344 , 39) (345 , 40) (350 , 45) (353 , 48) (367 , 11) (368 , 12) (373 , 17) (374 , 18) (376 , 20) (378 , 22) 

Travel Time: 12598.408211966781892; Profit: 78569; TSP Distance : 7544.3659000000016022; Weight: 20431 / 22871; 0000000
TSP Tour = 1 49 32 45 19 41 8 9 10 43 33 51 11 52 14 13 47 26 27 28 12 25 4 6 15 5 24 48 38 37 40 39 36 35 34 44 46 16 29 50 20 23 30 2 7 42 21 17 3 18 31 22 1
Knapsack Array = 0 0 0 0 0 0 1 0 0 0 0 1 0 0 1 0 1 1 0 0 1 0 1 0 0 0 0 0 0 1 0 0 1 0 0 1 0 0 0 0 0 0 0 0 0 0 0 0 0 0 1 0 1 0 0 0 0 0 0 0 0 0 1 0 0 0 0 0 0 0 0 1 0 1 1 0 1 0 0 0 0 0 0 0 0 0 1 1 0 0 0 0 0 0 0 0 0 0 0 0 0 1 0 0 0 0 0 1 0 1 0 0 0 0 0 0 1 0 0 0 0 0 0 0 1 1 0 0 0 0 0 1 0 0 0 1 0 0 0 1 0 0 0 0 0 0 0 0 0 0 0 1 0 0 0 0 0 0 0 1 1 0 0 1 0 0 0 0 0 0 1 0 1 1 0 0 0 0 0 0 1 1 0 0 0 1 0 0 0 0 0 1 0 0 1 0 0 0 1 0 0 0 0 0 1 1 0 1 1 0 0 0 0 0 0 0 0 1 0 0 0 0 0 1 0 0 1 0 0 0 0 1 0 0 0 0 0 0 0 0 1 0 0 0 0 1 0 0 0 1 0 1 0 0 1 0 0 0 0 0 1 1 0 0 0 0 0 0 0 0 0 0 1 0 1 1 0 0 1 1 0 0 0 1 0 0 0 0 0 1 0 0 1 0 0 0 1 0 0 1 0 1 0 0 1 1 0 0 0 0 0 0 0 0 1 1 0 1 0 0 0 1 0 0 0 0 0 0 0 1 0 0 0 1 1 0 0 1 0 0 0 0 0 1 1 0 0 0 0 1 0 0 1 0 0 0 1 0 0 0 0 0 0 0 0 0 1 1 0 0 1 0 1 1 0 1 0 0 0 1 0 0 1 0 0 1 0 0 0 0 0 0 0 0 0 1 1 0 0 1 0 0 1 0 0 0 0 0 0 1 1 0 0 0 0 0 0 0 0 0 0 0 1 0 0 0 1 0 0 0 1 0 0 0 0 0 1 0 0 0 1 0 0 1 0 0 0 0 1 0 0 1 0 0 0 0 1 0 0 0 1 0 1 1 0 0 0 0 1 0 0 1 0 1 0 0 0 1 1 0 0 0 0 0 0 1 0 0 1 0 1 1 0 0 0 0 1 0 0 1 1 0 1 0 0 0 0 0 0 0 
Picked Items (item,city) = (7 , 8) (12 , 13) (15 , 16) (17 , 18) (18 , 19) (21 , 22) (23 , 24) (30 , 31) (33 , 34) (36 , 37) (51 , 52) (53 , 3) (63 , 13) (72 , 22) (74 , 24) (75 , 25) (77 , 27) (87 , 37) (88 , 38) (102 , 52) (108 , 7) (110 , 9) (117 , 16) (125 , 24) (126 , 25) (132 , 31) (136 , 35) (140 , 39) (152 , 51) (160 , 8) (161 , 9) (164 , 12) (171 , 19) (173 , 21) (174 , 22) (181 , 29) (182 , 30) (186 , 34) (192 , 40) (195 , 43) (199 , 47) (205 , 2) (206 , 3) (208 , 5) (209 , 6) (218 , 15) (224 , 21) (227 , 24) (232 , 29) (241 , 38) (246 , 43) (250 , 47) (252 , 49) (255 , 52) (261 , 7) (262 , 8) (273 , 19) (275 , 21) (276 , 22) (279 , 25) (280 , 26) (284 , 30) (290 , 36) (293 , 39) (297 , 43) (300 , 46) (302 , 48) (305 , 51) (306 , 52) (315 , 10) (316 , 11) (318 , 13) (322 , 17) (330 , 25) (334 , 29) (335 , 30) (338 , 33) (344 , 39) (345 , 40) (350 , 45) (353 , 48) (357 , 52) (367 , 11) (368 , 12) (371 , 15) (373 , 17) (374 , 18) (376 , 20) (380 , 24) (383 , 27) (386 , 30) (396 , 40) (397 , 41) (400 , 44) (403 , 47) (410 , 3) (411 , 4) (423 , 16) (427 , 20) (431 , 24) (437 , 30) (441 , 34) (444 , 37) (449 , 42) (452 , 45) (457 , 50) (461 , 3) (463 , 5) (464 , 6) (469 , 11) (472 , 14) (474 , 16) (478 , 20) (479 , 21) (486 , 28) (489 , 31) (491 , 33) (492 , 34) (497 , 39) (500 , 42) (501 , 43) (503 , 45) 

Travel Time: 7808.9894362554223335; Profit: 12895; TSP Distance : 7544.3659000000016022; Weight: 2176 / 22871; 0000000
TSP Tour = 1 49 32 45 19 41 8 9 10 43 33 51 11 52 14 13 47 26 27 28 12 25 4 6 15 5 24 48 38 37 40 39 36 35 34 44 46 16 29 50 20 23 30 2 7 42 21 17 3 18 31 22 1
Knapsack Array = 0 0 0 0 0 0 0 0 0 0 0 0 0 0 0 0 0 0 0 0 0 0 0 0 0 0 0 0 0 0 0 0 0 0 0 0 0 0 0 0 0 0 0 0 0 0 0 0 0 0 0 0 0 0 0 0 0 0 0 0 0 0 1 0 0 0 0 0 0 0 0 0 0 1 1 0 1 0 0 0 0 0 0 0 0 0 1 1 0 0 0 0 0 0 0 0 0 0 0 0 0 1 0 1 0 0 0 1 0 1 0 0 0 1 0 0 1 0 0 0 0 0 0 0 1 1 0 0 0 0 0 1 0 0 0 0 0 0 0 0 0 0 0 0 0 0 0 0 0 0 0 1 0 0 0 0 0 0 0 1 1 0 0 1 0 0 0 0 0 0 1 0 1 0 0 0 0 0 0 0 0 0 0 0 0 0 0 0 0 0 0 0 0 0 0 0 0 0 0 0 0 0 0 0 0 0 0 0 0 0 0 0 0 0 0 0 0 0 0 0 0 0 0 0 0 0 0 0 0 0 0 0 0 0 0 0 0 0 0 0 0 0 0 0 0 0 0 0 0 0 0 0 0 0 0 0 0 0 0 0 0 0 0 0 0 0 0 0 0 0 0 0 0 0 0 0 0 0 0 0 0 0 0 0 0 0 0 0 0 0 0 0 0 0 0 0 0 0 0 0 0 0 0 0 0 0 0 0 0 0 0 0 0 0 0 0 0 0 0 0 0 0 0 0 0 0 0 0 0 0 0 0 0 0 0 0 0 0 0 0 0 0 0 0 0 0 0 0 0 0 0 0 0 0 0 0 0 0 0 0 0 0 0 0 0 0 0 0 0 0 0 0 0 0 0 0 0 0 0 0 0 0 0 0 0 0 0 0 0 0 0 0 0 0 0 0 0 0 0 0 0 0 0 0 0 0 0 0 0 0 0 0 0 0 0 0 0 0 0 0 0 0 0 0 0 0 0 0 0 0 0 0 0 0 0 0 0 0 0 0 0 0 0 0 0 0 0 0 0 0 0 0 0 0 0 0 0 0 0 0 0 0 0 0 0 0 0 0 0 0 0 0 0 0 0 0 0 0 0 0 0 0 0 0 0 0 0 0 0 0 0 0 0 0 0 0 0 0 0 0 0 0 0 0 0 0 0 0 0 0 
Picked Items (item,city) = (63 , 13) (74 , 24) (75 , 25) (77 , 27) (87 , 37) (88 , 38) (102 , 52) (104 , 3) (108 , 7) (110 , 9) (114 , 13) (117 , 16) (125 , 24) (126 , 25) (132 , 31) (152 , 51) (160 , 8) (161 , 9) (164 , 12) (171 , 19) (173 , 21) 

Travel Time: 7740.5952273007624171; Profit: 8520; TSP Distance : 7544.3659000000016022; Weight: 1724 / 22871; 0000000
TSP Tour = 1 49 32 45 19 41 8 9 10 43 33 51 11 52 14 13 47 26 27 28 12 25 4 6 15 5 24 48 38 37 40 39 36 35 34 44 46 16 29 50 20 23 30 2 7 42 21 17 3 18 31 22 1
Knapsack Array = 0 0 0 0 0 0 0 0 0 0 0 0 0 0 0 0 0 0 0 0 0 0 0 0 0 0 0 0 0 0 0 0 0 0 0 0 0 0 0 0 0 0 0 0 0 0 0 0 0 0 0 0 0 0 0 0 0 0 0 0 0 0 1 0 0 0 0 0 0 0 0 0 0 1 1 0 1 0 0 0 0 0 0 0 0 0 1 1 0 0 0 0 0 0 0 0 0 0 0 0 0 1 0 0 0 0 0 1 0 1 0 0 0 1 0 0 1 0 0 0 0 0 0 0 1 1 0 0 0 0 0 1 0 0 0 0 0 0 0 0 0 0 0 0 0 0 0 0 0 0 0 0 0 0 0 0 0 0 0 0 0 0 0 0 0 0 0 0 0 0 0 0 0 0 0 0 0 0 0 0 0 0 0 0 0 0 0 0 0 0 0 0 0 0 0 0 0 0 0 0 0 0 0 0 0 0 0 0 0 0 0 0 0 0 0 0 0 0 0 0 0 0 0 0 0 0 0 0 0 0 0 0 0 0 0 0 0 0 0 0 0 0 0 0 0 0 0 0 0 0 0 0 0 0 0 0 0 0 0 0 0 0 0 0 0 0 0 0 0 0 0 0 0 0 0 0 0 0 0 0 0 0 0 0 0 0 0 0 0 0 0 0 0 0 0 0 0 0 0 0 0 0 0 0 0 0 0 0 0 0 0 0 0 0 0 0 0 0 0 0 0 0 0 0 0 0 0 0 0 0 0 0 0 0 0 0 0 0 0 0 0 0 0 0 0 0 0 0 0 0 0 0 0 0 0 0 0 0 0 0 0 0 0 0 0 0 0 0 0 0 0 0 0 0 0 0 0 0 0 0 0 0 0 0 0 0 0 0 0 0 0 0 0 0 0 0 0 0 0 0 0 0 0 0 0 0 0 0 0 0 0 0 0 0 0 0 0 0 0 0 0 0 0 0 0 0 0 0 0 0 0 0 0 0 0 0 0 0 0 0 0 0 0 0 0 0 0 0 0 0 0 0 0 0 0 0 0 0 0 0 0 0 0 0 0 0 0 0 0 0 0 0 0 0 0 0 0 0 0 0 0 0 0 0 0 0 0 0 0 0 0 0 0 0 0 0 0 0 0 0 0 0 0 0 0 0 0 0 0 0 
Picked Items (item,city) = (63 , 13) (74 , 24) (75 , 25) (77 , 27) (87 , 37) (88 , 38) (102 , 52) (108 , 7) (110 , 9) (114 , 13) (117 , 16) (125 , 24) (126 , 25) (132 , 31) 

Travel Time: 9645.482352782795715; Profit: 56554; TSP Distance : 7544.3659000000016022; Weight: 15436 / 22871; 0000000
TSP Tour = 1 49 32 45 19 41 8 9 10 43 33 51 11 52 14 13 47 26 27 28 12 25 4 6 15 5 24 48 38 37 40 39 36 35 34 44 46 16 29 50 20 23 30 2 7 42 21 17 3 18 31 22 1
Knapsack Array = 0 0 0 0 0 0 0 0 0 0 0 0 0 0 0 0 0 0 0 0 0 0 0 0 0 0 0 0 0 0 0 0 0 0 0 0 0 0 0 0 0 0 0 0 0 0 0 0 0 0 0 0 0 0 0 0 0 0 0 0 0 0 0 0 0 0 0 0 0 0 0 0 0 1 1 0 1 0 0 0 0 0 0 0 0 0 1 1 0 0 0 0 0 0 0 0 0 0 0 0 0 1 0 1 0 0 0 1 0 1 0 0 0 1 0 0 1 0 0 0 0 0 0 0 1 1 0 0 0 0 0 1 0 0 0 1 0 0 0 1 0 0 0 0 0 0 0 0 0 0 0 0 0 0 0 0 0 0 0 0 0 0 0 0 0 0 0 0 0 0 0 0 0 0 0 0 0 0 0 0 0 0 0 0 0 0 0 0 0 0 0 1 0 0 0 0 0 1 1 0 0 0 0 0 1 1 0 1 1 0 0 0 0 0 0 0 0 1 0 0 0 0 0 1 0 0 1 0 0 0 0 1 0 0 0 0 0 0 0 0 1 0 0 0 0 1 0 0 0 1 0 1 0 0 1 0 0 0 0 0 1 1 0 0 0 0 0 0 0 0 0 0 1 0 1 1 0 0 1 1 0 0 0 1 1 0 0 0 0 1 0 0 0 0 0 0 1 0 0 1 0 0 0 0 1 1 0 0 0 0 0 0 0 0 1 1 0 1 0 0 0 1 0 0 0 0 0 0 0 1 0 0 0 1 1 0 0 1 0 0 0 0 0 0 0 0 0 0 0 0 0 0 0 0 0 0 0 0 0 0 0 0 0 0 0 0 0 1 0 0 0 0 1 1 0 0 0 1 0 1 0 0 1 0 0 1 1 0 0 0 0 0 0 0 0 1 1 0 0 1 0 0 1 0 0 0 0 0 0 1 1 0 0 0 0 0 0 0 0 0 0 0 0 0 0 0 1 0 1 0 1 0 0 0 0 0 1 1 0 0 1 0 0 1 0 0 0 0 1 0 0 0 0 0 0 0 1 0 0 0 1 0 1 1 0 0 0 0 0 0 0 1 0 0 1 0 0 0 1 0 0 0 0 0 0 1 0 0 1 0 1 0 0 0 0 0 1 0 0 0 0 0 0 0 0 0 0 0 0 0 
Picked Items (item,city) = (74 , 24) (75 , 25) (77 , 27) (87 , 37) (88 , 38) (102 , 52) (104 , 3) (108 , 7) (110 , 9) (114 , 13) (117 , 16) (125 , 24) (126 , 25) (132 , 31) (136 , 35) (140 , 39) (192 , 40) (198 , 46) (199 , 47) (205 , 2) (206 , 3) (208 , 5) (209 , 6) (218 , 15) (224 , 21) (227 , 24) (232 , 29) (241 , 38) (246 , 43) (250 , 47) (252 , 49) (255 , 52) (261 , 7) (262 , 8) (273 , 19) (275 , 21) (276 , 22) (279 , 25) (280 , 26) (284 , 30) (285 , 31) (290 , 36) (297 , 43) (300 , 46) (305 , 51) (306 , 52) (315 , 10) (316 , 11) (318 , 13) (322 , 17) (330 , 25) (334 , 29) (335 , 30) (338 , 33) (368 , 12) (373 , 17) (374 , 18) (378 , 22) (380 , 24) (383 , 27) (386 , 30) (387 , 31) (396 , 40) (397 , 41) (400 , 44) (403 , 47) (410 , 3) (411 , 4) (427 , 20) (429 , 22) (431 , 24) (437 , 30) (438 , 31) (441 , 34) (444 , 37) (449 , 42) (457 , 50) (461 , 3) (463 , 5) (464 , 6) (472 , 14) (475 , 17) (479 , 21) (486 , 28) (489 , 31) (491 , 33) (497 , 39) 

Travel Time: 7915.7415921273441199; Profit: 16488; TSP Distance : 7544.3659000000016022; Weight: 4379 / 22871; 0000000
TSP Tour = 1 49 32 45 19 41 8 9 10 43 33 51 11 52 14 13 47 26 27 28 12 25 4 6 15 5 24 48 38 37 40 39 36 35 34 44 46 16 29 50 20 23 30 2 7 42 21 17 3 18 31 22 1
Knapsack Array = 0 0 0 0 0 0 0 0 0 0 0 0 0 0 0 0 0 0 0 0 0 0 0 0 0 0 0 0 0 0 0 0 0 0 0 0 0 0 0 0 0 0 0 0 0 0 0 0 0 0 0 0 0 0 0 0 0 0 0 0 0 0 0 0 0 0 0 0 0 0 0 0 0 0 0 0 0 0 0 0 0 0 0 0 0 0 0 0 0 0 0 0 0 0 0 0 0 0 0 0 0 0 0 0 0 0 0 0 0 0 0 0 0 0 0 0 0 0 0 0 0 0 0 0 0 0 0 0 0 0 0 0 0 0 0 0 0 0 0 0 0 0 0 0 0 0 0 0 0 0 0 0 0 0 0 0 0 0 0 0 0 0 0 0 0 0 0 0 0 0 0 0 0 0 0 0 0 0 0 0 0 0 0 0 0 1 0 0 0 0 0 1 0 0 0 0 0 0 0 0 0 0 0 0 0 0 0 0 0 0 0 0 0 0 0 0 0 0 0 0 0 0 0 0 0 0 0 0 0 0 0 0 0 0 0 0 0 0 0 0 0 0 0 0 0 0 0 0 0 0 0 0 0 0 0 0 0 0 0 0 0 0 0 0 0 0 0 0 0 0 0 0 0 0 0 0 0 0 0 0 0 0 0 0 0 0 0 0 0 0 0 0 0 0 0 0 0 0 0 0 0 0 0 0 0 0 0 0 0 0 0 0 0 0 0 0 0 0 0 0 0 0 0 0 0 0 0 0 0 0 0 0 0 0 0 0 0 0 0 0 0 0 0 0 0 0 0 0 0 0 0 0 0 0 0 0 0 0 0 0 0 0 0 0 0 0 0 0 0 0 0 0 0 0 0 0 0 0 0 0 0 0 0 0 0 0 0 0 0 0 0 0 0 0 0 0 0 0 0 0 0 0 0 0 0 0 0 0 0 0 0 0 0 0 0 0 0 0 0 0 0 0 0 0 0 0 1 0 0 0 1 0 0 0 0 0 1 1 0 0 1 0 0 1 0 0 0 0 1 0 0 0 0 0 0 0 1 0 0 0 1 0 1 1 0 0 0 0 0 0 0 1 0 1 1 0 0 1 1 0 0 0 0 0 0 1 0 0 1 0 1 1 0 0 0 0 1 0 0 1 1 0 0 1 0 0 0 0 0 0 
Picked Items (item,city) = (186 , 34) (192 , 40) (427 , 20) (431 , 24) (437 , 30) (438 , 31) (441 , 34) (444 , 37) (449 , 42) (457 , 50) (461 , 3) (463 , 5) (464 , 6) (472 , 14) (474 , 16) (475 , 17) (478 , 20) (479 , 21) (486 , 28) (489 , 31) (491 , 33) (492 , 34) (497 , 39) (500 , 42) (501 , 43) (504 , 46) 

Travel Time: 8453.3154888873141317; Profit: 33360; TSP Distance : 7544.3659000000016022; Weight: 8587 / 22871; 0000000
TSP Tour = 1 49 32 45 19 41 8 9 10 43 33 51 11 52 14 13 47 26 27 28 12 25 4 6 15 5 24 48 38 37 40 39 36 35 34 44 46 16 29 50 20 23 30 2 7 42 21 17 3 18 31 22 1
Knapsack Array = 0 0 0 0 0 0 0 0 0 0 0 0 0 0 0 0 0 0 0 0 0 0 0 0 0 0 0 0 0 0 0 0 0 0 0 0 0 0 0 0 0 0 0 0 0 0 0 0 0 0 0 0 0 0 0 0 0 0 0 0 0 0 0 0 0 0 0 0 0 0 0 0 0 0 0 0 0 0 0 0 0 0 0 0 0 0 0 0 0 0 0 0 0 0 0 0 0 0 0 0 0 1 0 1 0 0 0 1 0 1 0 0 0 1 0 0 1 0 0 0 0 0 0 0 1 1 0 0 0 0 0 0 0 0 0 0 0 0 0 0 0 0 0 0 0 0 0 0 0 0 0 0 0 0 0 0 0 0 0 0 0 0 0 0 0 0 0 0 0 0 0 0 0 0 0 0 0 0 0 0 0 0 0 0 0 0 0 0 0 0 0 0 0 0 0 0 0 0 0 0 0 0 0 0 0 0 0 0 0 0 0 0 0 0 0 0 0 0 0 0 0 0 0 0 0 0 0 0 0 0 0 0 0 0 0 0 0 0 0 0 0 0 0 0 0 0 0 0 0 0 0 0 0 0 0 0 0 0 0 0 0 0 0 0 0 0 0 0 0 0 0 0 0 0 0 0 0 0 0 0 0 0 0 0 0 0 0 0 0 0 0 0 0 0 0 0 0 0 0 0 0 0 0 0 0 0 0 0 0 0 0 0 0 0 0 0 0 0 0 0 0 0 0 0 0 0 0 0 0 0 0 0 0 0 1 0 0 1 0 0 0 0 0 1 0 0 0 0 0 1 0 0 1 0 0 0 1 0 0 0 0 0 0 0 0 0 1 1 0 0 1 0 1 1 0 0 0 0 0 1 0 0 1 0 0 1 1 0 0 0 0 0 0 0 0 1 1 0 0 1 0 0 1 0 0 0 0 0 0 1 1 0 0 0 0 0 0 0 0 0 0 0 1 0 0 0 1 0 0 0 1 0 0 0 0 0 1 1 0 0 1 0 0 1 0 0 0 0 1 0 0 0 0 0 0 0 1 0 0 0 1 0 1 1 0 0 0 0 0 0 0 1 0 1 1 0 0 1 1 0 0 0 0 0 0 1 0 0 1 0 1 1 0 0 0 0 1 0 0 1 1 0 0 1 0 0 0 0 0 0 
Picked Items (item,city) = (102 , 52) (104 , 3) (108 , 7) (110 , 9) (114 , 13) (117 , 16) (125 , 24) (126 , 25) (335 , 30) (338 , 33) (344 , 39) (350 , 45) (353 , 48) (357 , 52) (367 , 11) (368 , 12) (371 , 15) (373 , 17) (374 , 18) (380 , 24) (383 , 27) (386 , 30) (387 , 31) (396 , 40) (397 , 41) (400 , 44) (403 , 47) (410 , 3) (411 , 4) (423 , 16) (427 , 20) (431 , 24) (437 , 30) (438 , 31) (441 , 34) (444 , 37) (449 , 42) (457 , 50) (461 , 3) (463 , 5) (464 , 6) (472 , 14) (474 , 16) (475 , 17) (478 , 20) (479 , 21) (486 , 28) (489 , 31) (491 , 33) (492 , 34) (497 , 39) (500 , 42) (501 , 43) (504 , 46) 

Travel Time: 9389.8406376060083858; Profit: 47110; TSP Distance : 7544.3659000000016022; Weight: 12539 / 22871; 0000000
TSP Tour = 1 49 32 45 19 41 8 9 10 43 33 51 11 52 14 13 47 26 27 28 12 25 4 6 15 5 24 48 38 37 40 39 36 35 34 44 46 16 29 50 20 23 30 2 7 42 21 17 3 18 31 22 1
Knapsack Array = 0 0 0 0 0 0 0 0 0 0 0 0 0 0 0 0 0 0 0 0 0 0 0 0 0 0 0 0 0 0 0 0 0 0 0 0 0 0 0 0 0 0 0 0 0 0 0 0 0 0 0 0 0 0 0 0 0 0 0 0 0 0 0 0 0 0 0 0 0 0 0 0 0 0 0 0 0 0 0 0 0 0 0 0 0 0 0 0 0 0 0 0 0 0 0 0 0 0 0 0 0 0 0 0 0 0 0 0 0 0 0 0 0 0 0 0 0 0 0 0 0 0 0 0 0 0 0 0 0 0 0 0 0 0 0 0 0 0 0 0 0 0 0 0 0 0 0 0 0 0 0 0 0 0 0 0 0 0 0 0 0 0 0 0 0 0 0 0 0 0 0 0 0 0 0 0 0 0 0 0 0 0 0 0 0 1 0 0 0 0 0 1 0 0 0 0 0 1 1 0 0 0 0 0 0 0 0 0 1 0 0 0 0 0 0 0 0 1 0 0 0 0 0 1 0 0 1 0 0 0 0 1 0 0 0 0 0 0 0 0 1 0 0 0 0 1 0 0 0 1 0 1 0 0 1 0 0 0 0 0 1 1 0 0 0 0 0 0 0 0 0 0 1 0 1 1 0 0 1 1 0 0 0 1 0 0 0 0 0 1 0 0 1 0 0 0 1 0 0 1 0 1 0 0 1 1 0 0 0 0 0 0 0 0 0 0 0 0 0 0 0 0 0 0 0 0 0 0 0 0 0 0 0 0 1 0 0 1 0 0 0 0 0 1 0 0 0 0 0 1 0 0 1 0 0 0 1 0 0 0 0 0 0 0 0 0 1 1 0 0 1 0 1 1 0 0 0 0 0 1 0 0 1 0 0 1 1 0 0 0 0 0 0 0 0 1 1 0 0 1 0 0 1 0 0 0 0 0 0 1 1 0 0 0 0 0 0 0 0 0 0 0 1 0 0 0 1 0 0 0 1 0 0 0 0 0 1 1 0 0 1 0 0 1 0 0 0 0 1 0 0 0 0 0 0 0 1 0 0 0 1 0 1 1 0 0 0 0 0 0 0 1 0 1 1 0 0 1 1 0 0 0 0 0 0 1 0 0 1 0 1 1 0 0 0 0 1 0 0 1 1 0 0 1 0 0 0 0 0 0 
Picked Items (item,city) = (186 , 34) (192 , 40) (198 , 46) (199 , 47) (209 , 6) (218 , 15) (224 , 21) (227 , 24) (232 , 29) (241 , 38) (246 , 43) (250 , 47) (252 , 49) (255 , 52) (261 , 7) (262 , 8) (273 , 19) (275 , 21) (276 , 22) (279 , 25) (280 , 26) (284 , 30) (290 , 36) (293 , 39) (297 , 43) (300 , 46) (302 , 48) (305 , 51) (306 , 52) (335 , 30) (338 , 33) (344 , 39) (350 , 45) (353 , 48) (357 , 52) (367 , 11) (368 , 12) (371 , 15) (373 , 17) (374 , 18) (380 , 24) (383 , 27) (386 , 30) (387 , 31) (396 , 40) (397 , 41) (400 , 44) (403 , 47) (410 , 3) (411 , 4) (423 , 16) (427 , 20) (431 , 24) (437 , 30) (438 , 31) (441 , 34) (444 , 37) (449 , 42) (457 , 50) (461 , 3) (463 , 5) (464 , 6) (472 , 14) (474 , 16) (475 , 17) (478 , 20) (479 , 21) (486 , 28) (489 , 31) (491 , 33) (492 , 34) (497 , 39) (500 , 42) (501 , 43) (504 , 46) 

Travel Time: 9760.3884730796053191; Profit: 59423; TSP Distance : 7544.3659000000016022; Weight: 16165 / 22871; 0000000
TSP Tour = 1 49 32 45 19 41 8 9 10 43 33 51 11 52 14 13 47 26 27 28 12 25 4 6 15 5 24 48 38 37 40 39 36 35 34 44 46 16 29 50 20 23 30 2 7 42 21 17 3 18 31 22 1
Knapsack Array = 0 0 0 0 0 0 0 0 0 0 0 0 0 0 0 0 0 0 0 0 0 0 0 0 0 0 0 0 0 0 0 0 0 0 0 0 0 0 0 0 0 0 0 0 0 0 0 0 0 0 0 0 0 0 0 0 0 0 0 0 0 0 0 0 0 0 0 0 0 0 0 0 0 0 0 0 0 0 0 0 0 0 0 0 0 0 0 0 0 0 0 0 0 0 0 0 0 0 0 0 0 1 0 0 0 0 0 1 0 1 0 0 0 1 0 0 1 0 0 0 0 0 0 0 1 1 0 0 0 0 0 1 0 0 0 0 0 0 0 0 0 0 0 0 0 0 0 0 0 0 0 1 1 0 0 0 0 0 0 1 1 0 0 1 0 1 0 0 0 0 1 0 1 1 0 0 0 0 0 0 1 0 0 0 0 1 0 0 0 0 0 1 0 0 0 0 0 0 1 0 0 0 0 0 1 1 0 1 1 1 0 0 0 0 0 0 0 1 0 0 0 0 0 1 1 0 1 0 0 0 0 1 0 0 0 0 0 0 0 0 0 0 0 0 0 1 0 0 0 1 0 1 0 0 1 0 1 0 0 0 1 1 0 0 0 0 0 0 0 0 0 0 0 0 1 1 0 0 1 1 0 0 0 0 1 0 0 0 0 1 0 0 0 0 0 0 1 0 0 0 0 0 0 0 1 1 0 0 0 0 0 0 0 0 1 1 0 1 0 0 0 1 0 0 0 0 1 0 0 1 0 0 0 1 1 0 0 1 0 0 0 0 0 1 0 0 0 0 0 1 0 0 1 0 0 0 1 0 0 0 0 0 0 0 0 0 1 1 0 0 0 0 1 1 0 0 0 1 0 0 0 0 1 0 0 1 1 0 0 0 0 0 0 0 0 1 1 0 0 1 0 0 1 0 0 0 0 0 0 1 1 0 1 0 0 0 0 0 0 0 0 0 0 0 0 0 1 0 0 0 1 0 0 0 0 0 1 0 0 0 1 0 0 1 0 0 0 0 0 0 0 0 0 0 0 0 0 0 0 0 0 0 0 0 0 0 0 0 0 0 0 0 0 0 0 0 0 1 1 1 0 0 0 0 0 1 0 0 1 0 1 1 0 0 0 0 1 0 0 1 1 0 0 1 0 0 0 0 0 0 
Picked Items (item,city) = (102 , 52) (108 , 7) (110 , 9) (114 , 13) (117 , 16) (125 , 24) (126 , 25) (132 , 31) (152 , 51) (153 , 52) (160 , 8) (161 , 9) (164 , 12) (166 , 14) (171 , 19) (173 , 21) (174 , 22) (181 , 29) (186 , 34) (192 , 40) (199 , 47) (205 , 2) (206 , 3) (208 , 5) (209 , 6) (210 , 7) (218 , 15) (224 , 21) (225 , 22) (227 , 24) (232 , 29) (246 , 43) (250 , 47) (252 , 49) (255 , 52) (257 , 3) (261 , 7) (262 , 8) (275 , 21) (276 , 22) (279 , 25) (280 , 26) (285 , 31) (290 , 36) (297 , 43) (305 , 51) (306 , 52) (315 , 10) (316 , 11) (318 , 13) (322 , 17) (327 , 22) (330 , 25) (334 , 29) (335 , 30) (338 , 33) (344 , 39) (350 , 45) (353 , 48) (357 , 52) (367 , 11) (368 , 12) (373 , 17) (374 , 18) (378 , 22) (383 , 27) (386 , 30) (387 , 31) (396 , 40) (397 , 41) (400 , 44) (403 , 47) (410 , 3) (411 , 4) (413 , 6) (427 , 20) (431 , 24) (437 , 30) (441 , 34) (444 , 37) (478 , 20) (479 , 21) (480 , 22) (486 , 28) (489 , 31) (491 , 33) (492 , 34) (497 , 39) (500 , 42) (501 , 43) (504 , 46) 

Travel Time: 12065.926803863128953; Profit: 72850; TSP Distance : 7544.3659000000016022; Weight: 20293 / 22871; 0000000
TSP Tour = 1 49 32 45 19 41 8 9 10 43 33 51 11 52 14 13 47 26 27 28 12 25 4 6 15 5 24 48 38 37 40 39 36 35 34 44 46 16 29 50 20 23 30 2 7 42 21 17 3 18 31 22 1
Knapsack Array = 0 0 0 0 0 0 1 0 0 0 0 1 0 0 1 0 1 1 0 0 1 0 1 0 0 0 1 0 0 1 0 0 1 0 0 1 0 0 0 0 1 0 0 0 0 0 0 1 0 0 1 0 1 1 0 0 0 0 0 0 0 0 1 0 0 0 0 0 0 0 0 0 0 1 1 0 1 0 0 0 0 0 0 0 0 0 1 1 0 0 0 0 0 0 0 0 0 0 0 0 0 1 0 0 0 0 0 1 0 1 0 0 0 0 0 0 0 0 0 0 0 0 0 0 0 0 0 0 0 0 0 0 0 0 0 0 0 0 0 0 0 0 0 0 0 0 0 0 0 0 0 0 0 0 0 0 0 0 0 0 0 0 0 0 0 0 0 0 0 0 0 0 0 0 0 0 0 0 0 0 1 0 0 0 0 1 0 0 0 0 0 1 0 0 0 0 0 1 1 0 0 0 0 0 1 1 0 1 1 0 0 0 0 0 0 0 0 1 1 0 0 0 0 1 0 0 1 0 0 0 0 1 0 0 0 0 0 0 0 0 0 0 0 0 0 1 0 0 0 1 0 1 0 0 1 0 0 0 0 0 1 1 0 0 0 0 0 0 0 0 1 0 1 0 1 1 1 0 1 1 0 0 0 0 1 0 0 0 0 1 0 0 0 0 0 0 1 0 0 1 0 1 0 0 1 1 0 0 0 0 0 0 0 0 1 1 0 1 0 0 0 1 0 0 0 0 0 0 0 1 0 0 0 1 1 0 0 1 0 0 0 0 0 1 0 0 0 0 0 1 0 0 1 0 0 0 0 0 0 0 0 0 0 0 0 0 1 1 0 0 1 0 1 1 0 1 0 0 0 1 0 0 1 0 0 1 1 0 0 0 0 0 0 0 0 0 1 0 0 1 0 0 1 0 0 0 0 0 0 1 1 0 0 0 0 0 0 0 0 0 0 0 1 0 0 0 1 0 0 0 1 0 0 0 0 0 1 1 0 0 1 0 0 1 0 0 0 0 1 0 0 0 0 0 0 0 1 0 0 0 1 0 1 1 0 0 0 0 1 0 0 1 0 1 1 0 0 1 1 0 0 0 0 0 0 1 0 0 1 0 1 1 0 0 0 0 1 0 0 1 1 0 0 1 0 0 0 0 0 0 
Picked Items (item,city) = (7 , 8) (12 , 13) (15 , 16) (17 , 18) (18 , 19) (21 , 22) (23 , 24) (27 , 28) (30 , 31) (33 , 34) (36 , 37) (41 , 42) (48 , 49) (51 , 52) (53 , 3) (54 , 4) (63 , 13) (74 , 24) (75 , 25) (77 , 27) (87 , 37) (88 , 38) (102 , 52) (108 , 7) (110 , 9) (181 , 29) (186 , 34) (192 , 40) (198 , 46) (199 , 47) (205 , 2) (206 , 3) (208 , 5) (209 , 6) (218 , 15) (219 , 16) (224 , 21) (227 , 24) (232 , 29) (246 , 43) (250 , 47) (252 , 49) (255 , 52) (261 , 7) (262 , 8) (271 , 17) (273 , 19) (275 , 21) (276 , 22) (277 , 23) (279 , 25) (280 , 26) (285 , 31) (290 , 36) (297 , 43) (300 , 46) (302 , 48) (305 , 51) (306 , 52) (315 , 10) (316 , 11) (318 , 13) (322 , 17) (330 , 25) (334 , 29) (335 , 30) (338 , 33) (344 , 39) (350 , 45) (353 , 48) (367 , 11) (368 , 12) (371 , 15) (373 , 17) (374 , 18) (376 , 20) (380 , 24) (383 , 27) (386 , 30) (387 , 31) (397 , 41) (400 , 44) (403 , 47) (410 , 3) (411 , 4) (423 , 16) (427 , 20) (431 , 24) (437 , 30) (438 , 31) (441 , 34) (444 , 37) (449 , 42) (457 , 50) (461 , 3) (463 , 5) (464 , 6) (469 , 11) (472 , 14) (474 , 16) (475 , 17) (478 , 20) (479 , 21) (486 , 28) (489 , 31) (491 , 33) (492 , 34) (497 , 39) (500 , 42) (501 , 43) (504 , 46) 

Travel Time: 8849.9199592783479602; Profit: 41317; TSP Distance : 7544.3659000000016022; Weight: 10561 / 22871; 0000000
TSP Tour = 1 49 32 45 19 41 8 9 10 43 33 51 11 52 14 13 47 26 27 28 12 25 4 6 15 5 24 48 38 37 40 39 36 35 34 44 46 16 29 50 20 23 30 2 7 42 21 17 3 18 31 22 1
Knapsack Array = 0 0 1 0 0 0 1 0 0 0 0 1 0 0 1 0 1 1 0 0 1 0 1 0 0 0 0 0 0 1 0 0 1 0 0 1 0 0 0 0 1 0 0 0 0 0 0 1 0 0 1 0 1 0 0 0 0 0 0 0 0 0 1 0 0 0 0 0 0 0 1 0 0 1 1 0 1 0 0 0 0 0 0 0 0 0 1 1 0 0 0 0 0 0 0 0 0 0 0 0 0 1 0 1 0 0 0 1 0 1 0 0 0 0 0 0 1 0 0 0 0 0 0 0 1 1 0 0 0 0 0 1 0 0 0 1 0 0 0 0 0 0 0 0 0 0 0 0 0 0 0 1 0 0 0 0 0 0 0 1 1 0 0 1 0 0 0 0 0 0 1 0 1 0 0 0 0 0 0 0 1 1 0 0 0 1 0 0 0 0 0 1 0 0 0 0 0 1 1 0 0 0 0 0 1 1 0 1 1 1 0 0 0 0 0 0 0 1 0 0 0 0 0 1 0 0 1 0 0 0 0 1 0 0 0 0 0 0 0 0 0 0 0 0 0 0 0 0 0 1 0 1 0 0 1 0 1 0 0 0 1 1 0 0 0 0 0 0 0 0 0 0 0 0 1 1 0 0 1 0 0 0 0 0 1 0 0 0 0 1 0 0 0 0 0 0 0 0 0 0 0 0 0 0 0 0 0 0 0 0 0 0 0 0 0 0 0 0 0 0 0 0 0 0 0 0 0 0 0 0 0 0 0 0 0 0 0 0 0 0 0 0 0 0 0 0 0 0 0 0 0 0 0 0 0 0 0 0 0 0 0 0 0 0 0 0 0 0 0 0 0 0 0 0 0 0 0 0 0 0 0 0 0 0 0 0 0 0 0 0 0 0 0 0 0 0 0 0 0 0 0 0 0 0 0 0 0 0 0 0 0 0 0 0 0 0 0 0 0 0 0 0 0 0 0 0 0 0 0 0 0 0 0 0 0 0 0 0 0 0 0 0 0 0 0 0 0 0 0 0 0 0 0 0 0 0 0 0 0 0 0 0 0 0 0 0 0 0 0 0 0 0 0 0 0 0 0 0 0 0 0 0 0 0 0 0 0 0 0 0 0 0 0 0 0 0 0 0 0 0 0 0 0 0 0 0 0 0 0 0 
Picked Items (item,city) = (3 , 4) (7 , 8) (12 , 13) (15 , 16) (17 , 18) (18 , 19) (21 , 22) (23 , 24) (30 , 31) (33 , 34) (36 , 37) (41 , 42) (48 , 49) (51 , 52) (53 , 3) (63 , 13) (71 , 21) (74 , 24) (75 , 25) (77 , 27) (87 , 37) (88 , 38) (102 , 52) (104 , 3) (108 , 7) (110 , 9) (117 , 16) (125 , 24) (126 , 25) (132 , 31) (136 , 35) (152 , 51) (160 , 8) (161 , 9) (164 , 12) (171 , 19) (173 , 21) (181 , 29) (182 , 30) (186 , 34) (192 , 40) (198 , 46) (199 , 47) (205 , 2) (206 , 3) (208 , 5) (209 , 6) (210 , 7) (218 , 15) (224 , 21) (227 , 24) (232 , 29) (250 , 47) (252 , 49) (255 , 52) (257 , 3) (261 , 7) (262 , 8) (275 , 21) (276 , 22) (279 , 25) (285 , 31) (290 , 36) 

Travel Time: 8348.2467638985799567; Profit: 31643; TSP Distance : 7544.3659000000016022; Weight: 7592 / 22871; 0000000
TSP Tour = 1 49 32 45 19 41 8 9 10 43 33 51 11 52 14 13 47 26 27 28 12 25 4 6 15 5 24 48 38 37 40 39 36 35 34 44 46 16 29 50 20 23 30 2 7 42 21 17 3 18 31 22 1
Knapsack Array = 0 0 0 0 0 0 0 0 0 0 0 0 0 0 0 0 0 0 0 0 0 0 0 0 0 0 0 0 0 0 0 0 0 0 0 0 0 0 0 0 0 0 0 0 0 0 0 0 0 0 1 0 1 0 0 0 0 0 0 0 0 0 1 0 0 0 0 0 0 0 1 0 0 1 1 0 1 0 0 0 0 0 0 0 0 0 1 1 0 0 0 0 0 0 0 0 0 0 0 0 0 1 0 1 0 0 0 1 0 1 0 0 0 0 0 0 1 0 0 0 0 0 0 0 1 1 0 0 0 0 0 1 0 0 0 1 0 0 0 0 0 0 0 0 0 0 0 0 0 0 0 1 0 0 0 0 0 0 0 1 1 0 0 1 0 0 0 0 0 0 1 0 1 0 0 0 0 0 0 0 1 1 0 0 0 1 0 0 0 0 0 1 0 0 0 0 0 1 1 0 0 0 0 0 1 1 0 1 1 1 0 0 0 0 0 0 0 1 0 0 0 0 0 1 0 0 1 0 0 0 0 1 0 0 0 0 0 0 0 0 0 0 0 0 0 0 0 0 0 1 0 1 0 0 1 0 1 0 0 0 1 1 0 0 0 0 0 0 0 0 0 0 0 0 1 1 0 0 1 0 0 0 0 0 1 0 0 0 0 1 0 0 0 0 0 0 0 0 0 0 0 0 0 0 0 0 0 0 0 0 0 0 0 0 0 0 0 0 0 0 0 0 0 0 0 0 0 0 0 0 0 0 0 0 0 0 0 0 0 0 0 0 0 0 0 0 0 0 0 0 0 0 0 0 0 0 0 0 0 0 0 0 0 0 0 0 0 0 0 0 0 0 0 0 0 0 0 0 0 0 0 0 0 0 0 0 0 0 0 0 0 0 0 0 0 0 0 0 0 0 0 0 0 0 0 0 0 0 0 0 0 0 0 0 0 0 0 0 0 0 0 0 0 0 0 0 0 0 0 0 0 0 0 0 0 0 0 0 0 0 0 0 0 0 0 0 0 0 0 0 0 0 0 0 0 0 0 0 0 0 0 0 0 0 0 0 0 0 0 0 0 0 0 0 0 0 0 0 0 0 0 0 0 0 0 0 0 0 0 0 0 0 0 0 0 0 0 0 0 0 0 0 0 0 0 0 0 0 0 0 
Picked Items (item,city) = (51 , 52) (53 , 3) (63 , 13) (71 , 21) (74 , 24) (75 , 25) (77 , 27) (87 , 37) (88 , 38) (102 , 52) (104 , 3) (108 , 7) (110 , 9) (117 , 16) (125 , 24) (126 , 25) (132 , 31) (136 , 35) (152 , 51) (160 , 8) (161 , 9) (164 , 12) (171 , 19) (173 , 21) (181 , 29) (182 , 30) (186 , 34) (192 , 40) (198 , 46) (199 , 47) (205 , 2) (206 , 3) (208 , 5) (209 , 6) (210 , 7) (218 , 15) (224 , 21) (227 , 24) (232 , 29) (250 , 47) (252 , 49) (255 , 52) (257 , 3) (261 , 7) (262 , 8) (275 , 21) (276 , 22) (279 , 25) (285 , 31) (290 , 36) 


Pareto (Travel Time; Profit; IsValid)

7544.3659000000006927 ; 0; 0000000
10169.186318149206272 ; 68791; 0000000
7566.5972758569050711 ; 1555; 0000000
10834.709290914519443 ; 72473; 0000000
10111.487542404724081 ; 68101; 0000000
10228.412215652602754 ; 69555; 0000000
8126.14570583558816 ; 23036; 0000000
7550.4508759456530242 ; 1396; 0000000
8292.1443240911739849 ; 26334; 0000000
9104.4093563171463757 ; 45869; 0000000
7888.9416457306451775 ; 16443; 0000000
7985.163054722293964 ; 18898; 0000000
13941.171194463211577 ; 79863; 0000000
7808.6386936010067075 ; 11007; 0000000
9443.9584611516856967 ; 56431; 0000000
9443.805347892232021 ; 56312; 0000000
9418.2136119797087304 ; 55205; 0000000
7587.664777774391041 ; 3199; 0000000
7754.8710555726484017 ; 9173; 0000000
12598.408211966781892 ; 78569; 0000000
7808.9894362554223335 ; 12895; 0000000
7740.5952273007624171 ; 8520; 0000000
9645.482352782795715 ; 56554; 0000000
7915.7415921273441199 ; 16488; 0000000
8453.3154888873141317 ; 33360; 0000000
9389.8406376060083858 ; 47110; 0000000
9760.3884730796053191 ; 59423; 0000000
12065.926803863128953 ; 72850; 0000000
8849.9199592783479602 ; 41317; 0000000
8348.2467638985799567 ; 31643; 0000000
