Travel Time: 7544.3659000000006927; Profit: 0; TSP Distance : 7544.3659000000006927; Weight: 0 / 34841; 0000000
TSP Tour = 1 22 31 18 3 17 21 42 7 2 30 23 20 50 29 16 46 44 34 35 36 39 40 37 38 48 24 5 15 6 4 25 12 28 27 26 47 13 14 52 11 51 33 43 10 9 8 41 19 45 32 49 1
Knapsack Array = 0 0 0 0 0 0 0 0 0 0 0 0 0 0 0 0 0 0 0 0 0 0 0 0 0 0 0 0 0 0 0 0 0 0 0 0 0 0 0 0 0 0 0 0 0 0 0 0 0 0 0 0 0 0 0 0 0 0 0 0 0 0 0 0 0 0 0 0 0 0 0 0 0 0 0 0 0 0 0 0 0 0 0 0 0 0 0 0 0 0 0 0 0 0 0 0 0 0 0 0 0 0 0 0 0 0 0 0 0 0 0 0 0 0 0 0 0 0 0 0 0 0 0 0 0 0 0 0 0 0 0 0 0 0 0 0 0 0 0 0 0 0 0 0 0 0 0 0 0 0 0 0 0 0 0 0 0 0 0 0 0 0 0 0 0 0 0 0 0 0 0 0 0 0 0 0 0 0 0 0 0 0 0 0 0 0 0 0 0 0 0 0 0 0 0 0 0 0 0 0 0 0 0 0 0 0 0 0 0 0 0 0 0 0 0 0 0 0 0 0 0 0 0 0 0 0 0 0 0 0 0 0 0 0 0 0 0 0 0 0 0 0 0 0 0 0 0 0 0 0 0 0 0 0 0 
Picked Items (item,city) = 

Travel Time: 11422.4778427208621; Profit: 51021; TSP Distance : 7544.3659000000016022; Weight: 24712 / 34841; 0000000
TSP Tour = 1 49 32 45 19 41 8 9 10 43 33 51 11 52 14 13 47 26 27 28 12 25 4 6 15 5 24 48 38 37 40 39 36 35 34 44 46 16 29 50 20 23 30 2 7 42 21 17 3 18 31 22 1
Knapsack Array = 1 0 1 0 0 0 1 1 0 0 1 1 0 0 1 0 1 1 0 1 1 0 1 1 1 0 1 0 1 1 0 0 1 0 0 1 0 0 0 0 1 1 0 0 1 0 0 1 0 0 1 0 1 1 0 0 0 0 1 0 0 1 1 0 1 0 0 0 0 0 1 1 1 1 1 0 1 0 0 1 0 0 1 0 0 1 1 1 0 0 0 0 0 1 0 0 1 0 0 1 0 1 1 0 0 1 0 1 0 1 0 0 1 1 0 0 1 0 0 1 0 1 0 1 1 1 0 0 1 0 0 1 0 0 1 1 1 1 0 1 1 1 0 0 1 0 0 0 0 0 0 0 0 0 0 0 0 0 0 1 1 0 0 1 0 0 0 0 0 0 0 0 0 0 0 0 0 0 0 0 0 0 0 0 0 0 0 0 0 0 0 0 0 0 0 0 0 0 0 0 0 0 0 0 0 0 0 0 0 0 0 0 0 0 0 0 0 1 1 0 0 0 0 1 0 0 1 0 0 1 0 1 0 0 0 0 0 0 0 0 1 0 0 0 0 1 0 0 0 1 0 1 0 0 1 
Picked Items (item,city) = (1 , 2) (3 , 4) (7 , 8) (8 , 9) (11 , 12) (12 , 13) (15 , 16) (17 , 18) (18 , 19) (20 , 21) (21 , 22) (23 , 24) (24 , 25) (25 , 26) (27 , 28) (29 , 30) (30 , 31) (33 , 34) (36 , 37) (41 , 42) (42 , 43) (45 , 46) (48 , 49) (51 , 52) (53 , 3) (54 , 4) (59 , 9) (62 , 12) (63 , 13) (65 , 15) (71 , 21) (72 , 22) (73 , 23) (74 , 24) (75 , 25) (77 , 27) (80 , 30) (83 , 33) (86 , 36) (87 , 37) (88 , 38) (94 , 44) (97 , 47) (100 , 50) (102 , 52) (103 , 2) (106 , 5) (108 , 7) (110 , 9) (113 , 12) (114 , 13) (117 , 16) (120 , 19) (122 , 21) (124 , 23) (125 , 24) (126 , 25) (129 , 28) (132 , 31) (135 , 34) (136 , 35) (137 , 36) (138 , 37) (140 , 39) (141 , 40) (142 , 41) (145 , 44) (160 , 8) (161 , 9) (164 , 12) (218 , 15) (219 , 16) (224 , 21) (227 , 24) (230 , 27) (232 , 29) (241 , 38) (246 , 43) (250 , 47) (252 , 49) (255 , 52) 

Travel Time: 9553.8963930808840814; Profit: 37526; TSP Distance : 7544.3659000000016022; Weight: 17092 / 34841; 0000000
TSP Tour = 1 49 32 45 19 41 8 9 10 43 33 51 11 52 14 13 47 26 27 28 12 25 4 6 15 5 24 48 38 37 40 39 36 35 34 44 46 16 29 50 20 23 30 2 7 42 21 17 3 18 31 22 1
Knapsack Array = 1 0 1 0 0 0 1 1 0 0 1 1 0 0 1 0 1 1 0 1 1 0 1 1 1 0 1 0 1 1 0 0 1 0 0 1 0 0 0 0 1 1 0 0 1 0 0 1 0 0 1 0 1 1 0 0 0 0 1 0 0 1 1 0 1 0 0 0 0 0 1 1 1 1 1 0 1 0 0 1 0 0 0 0 0 0 0 0 0 0 0 0 0 1 0 0 1 0 0 1 0 1 1 0 0 1 0 1 0 1 0 0 1 1 0 0 0 0 0 0 0 0 0 0 0 0 0 0 0 0 0 0 0 0 0 0 0 0 0 0 0 0 0 0 0 0 0 0 0 0 0 0 0 0 0 0 0 0 0 1 1 0 0 1 0 0 0 0 0 0 0 0 0 0 0 0 0 0 0 0 0 0 0 0 0 0 0 0 0 0 0 0 0 0 0 0 0 0 0 0 0 0 0 0 0 0 0 0 0 0 0 0 0 0 0 0 0 1 1 0 0 0 0 1 0 0 1 0 0 1 0 1 0 0 0 0 0 0 0 0 1 0 0 0 0 1 0 0 0 1 0 1 0 0 1 
Picked Items (item,city) = (1 , 2) (3 , 4) (7 , 8) (8 , 9) (11 , 12) (12 , 13) (15 , 16) (17 , 18) (18 , 19) (20 , 21) (21 , 22) (23 , 24) (24 , 25) (25 , 26) (27 , 28) (29 , 30) (30 , 31) (33 , 34) (36 , 37) (41 , 42) (42 , 43) (45 , 46) (48 , 49) (51 , 52) (53 , 3) (54 , 4) (59 , 9) (62 , 12) (63 , 13) (65 , 15) (71 , 21) (72 , 22) (73 , 23) (74 , 24) (75 , 25) (77 , 27) (80 , 30) (94 , 44) (97 , 47) (100 , 50) (102 , 52) (103 , 2) (106 , 5) (108 , 7) (110 , 9) (113 , 12) (114 , 13) (160 , 8) (161 , 9) (164 , 12) (218 , 15) (219 , 16) (224 , 21) (227 , 24) (230 , 27) (232 , 29) (241 , 38) (246 , 43) (250 , 47) (252 , 49) (255 , 52) 

Travel Time: 7806.9688029429080416; Profit: 8426; TSP Distance : 7544.3659000000016022; Weight: 2595 / 34841; 0000000
TSP Tour = 1 49 32 45 19 41 8 9 10 43 33 51 11 52 14 13 47 26 27 28 12 25 4 6 15 5 24 48 38 37 40 39 36 35 34 44 46 16 29 50 20 23 30 2 7 42 21 17 3 18 31 22 1
Knapsack Array = 0 0 0 0 0 0 0 0 0 0 0 0 0 0 0 0 0 0 0 0 0 0 0 0 0 0 0 0 0 0 0 0 0 0 0 0 0 0 0 0 0 0 0 0 0 0 0 0 0 0 0 0 0 0 0 0 0 0 0 0 0 0 0 0 0 0 0 0 0 0 0 0 0 0 0 0 0 0 0 0 0 0 0 0 0 0 0 0 0 0 0 0 0 0 0 0 0 0 0 0 0 0 0 0 0 0 0 0 0 0 0 0 0 0 0 0 0 0 0 0 0 0 0 0 0 0 0 0 0 0 0 0 0 0 0 0 0 0 0 0 0 0 0 0 0 0 0 0 0 0 0 0 0 0 0 0 0 0 0 1 1 0 0 1 0 0 0 0 0 0 0 0 0 0 0 0 0 0 0 0 0 0 0 0 0 0 0 0 0 0 0 0 0 0 0 0 0 0 0 0 0 0 0 0 0 0 0 0 0 0 0 0 0 0 0 0 0 1 1 0 0 0 0 1 0 0 1 0 0 1 0 1 0 0 0 0 0 0 0 0 1 0 0 0 0 1 0 0 0 1 0 1 0 0 1 
Picked Items (item,city) = (160 , 8) (161 , 9) (164 , 12) (218 , 15) (219 , 16) (224 , 21) (227 , 24) (230 , 27) (232 , 29) (241 , 38) (246 , 43) (250 , 47) (252 , 49) (255 , 52) 

Travel Time: 8957.157197622822423; Profit: 32472; TSP Distance : 7544.3659000000016022; Weight: 14797 / 34841; 0000000
TSP Tour = 1 49 32 45 19 41 8 9 10 43 33 51 11 52 14 13 47 26 27 28 12 25 4 6 15 5 24 48 38 37 40 39 36 35 34 44 46 16 29 50 20 23 30 2 7 42 21 17 3 18 31 22 1
Knapsack Array = 0 0 0 0 0 0 0 0 0 1 1 1 0 0 1 1 1 1 0 0 1 0 1 0 0 0 0 0 0 0 0 0 0 0 0 0 0 0 0 0 0 0 0 0 0 0 0 0 0 0 0 0 0 0 0 0 0 0 0 0 0 0 0 0 0 0 0 0 0 0 0 0 0 0 0 0 0 0 0 0 0 0 0 0 0 0 0 0 0 0 0 0 0 0 0 0 0 0 0 0 0 0 0 0 0 0 0 0 0 0 0 0 0 0 0 0 0 0 0 0 0 0 0 0 0 0 0 0 0 0 0 0 0 0 0 0 0 0 0 0 0 0 0 0 1 0 0 0 0 0 0 1 1 0 0 1 0 1 0 1 1 0 1 1 0 1 0 1 0 0 1 1 1 1 0 1 0 0 0 1 1 1 0 0 0 1 0 0 0 1 0 1 1 0 1 0 0 1 1 0 0 0 0 0 1 1 0 1 1 1 0 0 0 0 0 0 0 1 1 0 1 0 0 1 1 0 1 0 0 0 0 1 0 0 0 0 0 0 0 0 1 0 0 0 0 1 0 0 1 1 0 1 0 0 1 
Picked Items (item,city) = (10 , 11) (11 , 12) (12 , 13) (15 , 16) (16 , 17) (17 , 18) (18 , 19) (21 , 22) (23 , 24) (145 , 44) (152 , 51) (153 , 52) (156 , 4) (158 , 6) (160 , 8) (161 , 9) (163 , 11) (164 , 12) (166 , 14) (168 , 16) (171 , 19) (172 , 20) (173 , 21) (174 , 22) (176 , 24) (180 , 28) (181 , 29) (182 , 30) (186 , 34) (190 , 38) (192 , 40) (193 , 41) (195 , 43) (198 , 46) (199 , 47) (205 , 2) (206 , 3) (208 , 5) (209 , 6) (210 , 7) (218 , 15) (219 , 16) (221 , 18) (224 , 21) (225 , 22) (227 , 24) (232 , 29) (241 , 38) (246 , 43) (249 , 46) (250 , 47) (252 , 49) (255 , 52) 

Travel Time: 10553.795402998994177; Profit: 49885; TSP Distance : 7544.3659000000016022; Weight: 26231 / 34841; 0000000
TSP Tour = 1 49 32 45 19 41 8 9 10 43 33 51 11 52 14 13 47 26 27 28 12 25 4 6 15 5 24 48 38 37 40 39 36 35 34 44 46 16 29 50 20 23 30 2 7 42 21 17 3 18 31 22 1
Knapsack Array = 0 0 0 0 0 0 0 0 0 0 0 0 0 0 0 0 0 0 0 0 0 0 0 0 0 0 0 0 0 0 0 0 0 0 0 0 0 0 0 0 0 0 0 0 0 0 0 0 0 0 1 0 1 1 0 0 0 0 1 0 0 1 1 0 1 0 0 0 0 0 1 1 1 1 1 0 1 0 0 1 0 0 1 0 0 1 1 1 0 0 0 0 0 1 0 0 1 0 0 0 0 1 1 1 0 1 0 1 0 1 0 0 1 1 0 0 1 1 0 1 0 1 0 1 1 1 0 0 1 0 0 1 0 0 1 1 1 1 0 1 1 0 0 0 1 0 0 0 0 0 0 1 1 0 0 1 0 1 0 1 1 0 0 1 0 1 0 1 1 0 1 1 1 1 0 1 0 0 0 1 1 1 0 0 0 1 0 0 0 0 0 1 0 1 1 1 0 1 1 0 0 0 0 0 1 1 0 1 1 1 0 0 0 0 0 0 0 1 1 1 1 0 0 1 1 0 1 0 0 0 0 0 0 0 0 0 0 0 0 0 0 0 0 0 0 0 0 0 0 0 0 0 0 0 0 
Picked Items (item,city) = (51 , 52) (53 , 3) (54 , 4) (59 , 9) (62 , 12) (63 , 13) (65 , 15) (71 , 21) (72 , 22) (73 , 23) (74 , 24) (75 , 25) (77 , 27) (80 , 30) (83 , 33) (86 , 36) (87 , 37) (88 , 38) (94 , 44) (97 , 47) (102 , 52) (103 , 2) (104 , 3) (106 , 5) (108 , 7) (110 , 9) (113 , 12) (114 , 13) (117 , 16) (118 , 17) (120 , 19) (122 , 21) (124 , 23) (125 , 24) (126 , 25) (129 , 28) (132 , 31) (135 , 34) (136 , 35) (137 , 36) (138 , 37) (140 , 39) (141 , 40) (145 , 44) (152 , 51) (153 , 52) (156 , 4) (158 , 6) (160 , 8) (161 , 9) (164 , 12) (166 , 14) (168 , 16) (169 , 17) (171 , 19) (172 , 20) (173 , 21) (174 , 22) (176 , 24) (180 , 28) (181 , 29) (182 , 30) (186 , 34) (192 , 40) (194 , 42) (195 , 43) (196 , 44) (198 , 46) (199 , 47) (205 , 2) (206 , 3) (208 , 5) (209 , 6) (210 , 7) (218 , 15) (219 , 16) (220 , 17) (221 , 18) (224 , 21) (225 , 22) (227 , 24) 

Travel Time: 10265.412992674286215; Profit: 46954; TSP Distance : 7544.3659000000016022; Weight: 24058 / 34841; 0000000
TSP Tour = 1 49 32 45 19 41 8 9 10 43 33 51 11 52 14 13 47 26 27 28 12 25 4 6 15 5 24 48 38 37 40 39 36 35 34 44 46 16 29 50 20 23 30 2 7 42 21 17 3 18 31 22 1
Knapsack Array = 0 0 0 0 0 0 0 0 0 0 0 0 0 0 0 0 1 1 0 1 1 0 1 1 0 0 1 0 1 1 0 0 1 0 0 1 0 0 0 0 1 1 0 0 1 0 0 1 0 0 1 0 1 1 0 0 1 0 1 0 0 1 1 0 1 1 0 0 0 0 1 1 1 1 1 0 1 0 0 1 0 0 1 0 0 1 1 1 0 0 0 0 0 1 0 0 1 0 0 1 0 1 1 1 0 1 0 1 0 1 0 0 1 0 0 0 0 0 0 0 0 0 0 0 0 0 0 0 0 0 0 0 0 0 0 0 0 0 0 0 0 0 0 0 0 0 0 0 0 0 0 0 0 0 0 0 0 0 0 0 0 0 0 0 0 0 0 0 0 0 0 1 1 1 0 1 0 0 0 1 1 1 0 0 0 1 0 0 0 0 0 1 0 1 1 1 0 1 1 0 0 0 0 0 1 1 0 1 1 1 0 0 0 0 0 0 0 1 1 0 1 0 0 1 0 0 1 0 0 0 0 1 1 0 0 0 0 0 0 0 1 0 0 0 1 1 0 0 1 1 0 1 0 0 1 
Picked Items (item,city) = (17 , 18) (18 , 19) (20 , 21) (21 , 22) (23 , 24) (24 , 25) (27 , 28) (29 , 30) (30 , 31) (33 , 34) (36 , 37) (41 , 42) (42 , 43) (45 , 46) (48 , 49) (51 , 52) (53 , 3) (54 , 4) (57 , 7) (59 , 9) (62 , 12) (63 , 13) (65 , 15) (66 , 16) (71 , 21) (72 , 22) (73 , 23) (74 , 24) (75 , 25) (77 , 27) (80 , 30) (83 , 33) (86 , 36) (87 , 37) (88 , 38) (94 , 44) (97 , 47) (100 , 50) (102 , 52) (103 , 2) (104 , 3) (106 , 5) (108 , 7) (110 , 9) (113 , 12) (172 , 20) (173 , 21) (174 , 22) (176 , 24) (180 , 28) (181 , 29) (182 , 30) (186 , 34) (192 , 40) (194 , 42) (195 , 43) (196 , 44) (198 , 46) (199 , 47) (205 , 2) (206 , 3) (208 , 5) (209 , 6) (210 , 7) (218 , 15) (219 , 16) (221 , 18) (224 , 21) (227 , 24) (232 , 29) (233 , 30) (241 , 38) (245 , 42) (246 , 43) (249 , 46) (250 , 47) (252 , 49) (255 , 52) 

Travel Time: 7634.7961782209140438; Profit: 3452; TSP Distance : 7544.3659000000006927; Weight: 1294 / 34841; 0000000
TSP Tour = 1 22 31 18 3 17 21 42 7 2 30 23 20 50 29 16 46 44 34 35 36 39 40 37 38 48 24 5 15 6 4 25 12 28 27 26 47 13 14 52 11 51 33 43 10 9 8 41 19 45 32 49 1
Knapsack Array = 1 0 1 0 0 0 0 0 0 0 0 0 0 0 0 0 0 0 0 0 0 0 0 0 0 0 0 0 0 0 0 0 0 0 0 0 0 0 0 0 0 0 0 0 0 0 0 0 0 0 0 0 0 0 0 0 0 0 0 0 0 0 0 0 0 0 0 0 0 0 0 0 0 0 0 0 0 0 0 0 0 0 0 0 0 0 0 0 0 0 0 0 0 0 0 0 0 0 0 0 0 0 0 0 0 0 0 0 0 0 0 0 0 0 0 0 0 0 0 0 0 0 0 0 0 0 0 0 0 0 0 0 0 0 0 0 0 0 0 0 0 0 0 0 0 0 0 0 0 0 0 0 0 0 0 0 0 0 0 0 0 0 0 0 0 0 0 0 0 0 0 0 0 0 0 0 0 0 0 0 0 0 0 0 0 1 0 0 0 0 0 1 1 0 1 0 0 0 0 0 0 0 0 0 0 0 0 0 0 0 0 0 0 0 0 0 0 0 0 0 0 0 0 0 0 0 0 0 0 0 0 0 0 0 0 0 0 0 0 0 0 0 0 0 0 0 0 0 0 0 0 0 0 0 0 
Picked Items (item,city) = (1 , 2) (3 , 4) (186 , 34) (192 , 40) (193 , 41) (195 , 43) 

Travel Time: 8667.0589585504785646; Profit: 30164; TSP Distance : 7544.3659000000016022; Weight: 12509 / 34841; 0000000
TSP Tour = 1 49 32 45 19 41 8 9 10 43 33 51 11 52 14 13 47 26 27 28 12 25 4 6 15 5 24 48 38 37 40 39 36 35 34 44 46 16 29 50 20 23 30 2 7 42 21 17 3 18 31 22 1
Knapsack Array = 0 0 1 0 0 0 1 1 0 0 0 1 0 0 1 1 1 1 0 0 1 0 1 0 0 0 1 0 1 1 0 0 1 0 0 1 0 0 0 0 1 0 0 0 0 0 0 0 0 0 0 0 0 0 0 0 0 0 0 0 0 0 0 0 0 0 0 0 0 0 0 0 0 0 0 0 0 0 0 0 0 0 0 0 0 0 0 0 0 0 0 0 0 0 0 0 0 0 0 0 0 0 0 0 0 0 0 0 0 0 0 0 0 0 0 0 0 0 0 0 0 0 0 0 0 0 0 0 0 0 0 0 0 0 0 0 0 0 0 0 0 0 0 0 0 0 0 0 0 0 0 0 0 0 0 0 0 0 0 0 0 0 0 0 0 0 0 0 0 0 1 1 1 1 0 1 0 0 0 1 1 1 0 0 0 1 0 0 0 0 0 1 1 1 0 1 0 1 1 0 0 0 0 0 1 1 0 1 1 1 0 0 0 0 0 0 0 1 1 0 0 0 0 1 0 0 1 0 0 1 0 1 0 0 0 0 0 0 0 0 1 0 0 0 0 1 0 0 0 1 0 1 0 0 1 
Picked Items (item,city) = (3 , 4) (7 , 8) (8 , 9) (12 , 13) (15 , 16) (16 , 17) (17 , 18) (18 , 19) (21 , 22) (23 , 24) (27 , 28) (29 , 30) (30 , 31) (33 , 34) (36 , 37) (41 , 42) (171 , 19) (172 , 20) (173 , 21) (174 , 22) (176 , 24) (180 , 28) (181 , 29) (182 , 30) (186 , 34) (192 , 40) (193 , 41) (194 , 42) (196 , 44) (198 , 46) (199 , 47) (205 , 2) (206 , 3) (208 , 5) (209 , 6) (210 , 7) (218 , 15) (219 , 16) (224 , 21) (227 , 24) (230 , 27) (232 , 29) (241 , 38) (246 , 43) (250 , 47) (252 , 49) (255 , 52) 

Travel Time: 9055.9232265430782718; Profit: 35460; TSP Distance : 7544.3659000000016022; Weight: 14636 / 34841; 0000000
TSP Tour = 1 49 32 45 19 41 8 9 10 43 33 51 11 52 14 13 47 26 27 28 12 25 4 6 15 5 24 48 38 37 40 39 36 35 34 44 46 16 29 50 20 23 30 2 7 42 21 17 3 18 31 22 1
Knapsack Array = 0 0 1 0 0 0 1 1 0 0 0 1 0 0 1 1 1 1 0 0 1 0 1 0 0 0 1 0 1 1 0 0 1 0 0 1 0 0 0 0 1 1 0 0 1 0 0 1 0 0 1 0 1 1 0 0 0 0 1 0 0 0 1 0 0 0 0 0 0 0 0 0 0 0 0 0 0 0 0 0 0 0 0 0 0 0 0 0 0 0 0 0 0 0 0 0 0 0 0 0 0 0 0 0 0 0 0 0 0 0 0 0 0 0 0 0 0 0 0 0 0 0 0 0 0 0 0 0 0 0 0 0 0 0 0 0 0 0 0 0 0 0 0 0 0 0 0 0 0 0 0 0 0 0 0 0 0 0 0 0 0 0 0 0 0 0 0 0 0 0 1 1 1 1 0 1 0 0 0 1 1 1 0 0 0 1 0 0 0 0 0 1 1 1 0 1 0 1 1 0 0 0 0 0 1 1 0 1 1 1 0 0 0 0 0 0 0 1 1 0 0 0 0 1 0 0 1 0 0 1 0 1 0 0 0 0 0 0 0 0 1 0 0 0 0 1 0 0 0 1 0 1 0 0 1 
Picked Items (item,city) = (3 , 4) (7 , 8) (8 , 9) (12 , 13) (15 , 16) (16 , 17) (17 , 18) (18 , 19) (21 , 22) (23 , 24) (27 , 28) (29 , 30) (30 , 31) (33 , 34) (36 , 37) (41 , 42) (42 , 43) (45 , 46) (48 , 49) (51 , 52) (53 , 3) (54 , 4) (59 , 9) (63 , 13) (171 , 19) (172 , 20) (173 , 21) (174 , 22) (176 , 24) (180 , 28) (181 , 29) (182 , 30) (186 , 34) (192 , 40) (193 , 41) (194 , 42) (196 , 44) (198 , 46) (199 , 47) (205 , 2) (206 , 3) (208 , 5) (209 , 6) (210 , 7) (218 , 15) (219 , 16) (224 , 21) (227 , 24) (230 , 27) (232 , 29) (241 , 38) (246 , 43) (250 , 47) (252 , 49) (255 , 52) 

Travel Time: 8070.0454676276794999; Profit: 19099; TSP Distance : 7544.3659000000016022; Weight: 7620 / 34841; 0000000
TSP Tour = 1 49 32 45 19 41 8 9 10 43 33 51 11 52 14 13 47 26 27 28 12 25 4 6 15 5 24 48 38 37 40 39 36 35 34 44 46 16 29 50 20 23 30 2 7 42 21 17 3 18 31 22 1
Knapsack Array = 0 0 0 0 0 0 0 0 0 0 0 0 0 0 0 0 0 0 0 0 0 0 1 0 0 0 1 0 1 1 0 0 1 0 0 1 0 0 0 0 1 1 0 0 0 0 0 0 0 0 0 0 0 0 0 0 0 0 0 0 0 0 0 0 0 0 0 0 0 0 0 0 0 0 0 0 0 0 0 0 0 0 0 0 0 0 0 0 0 0 0 0 0 0 0 0 0 0 0 0 0 0 0 0 0 0 0 0 0 0 0 0 0 0 0 0 0 0 0 0 0 0 0 0 0 0 0 0 0 0 0 0 0 0 0 0 0 0 0 0 0 0 0 0 0 0 0 0 0 0 0 0 0 0 0 0 0 0 0 0 0 0 0 0 0 0 0 0 0 0 0 0 1 1 0 1 0 0 0 1 1 1 0 0 0 1 0 0 0 0 0 0 0 0 0 0 0 0 0 0 0 0 0 0 1 1 0 1 1 1 0 0 0 0 0 0 0 1 1 0 0 0 0 1 0 0 1 0 0 0 0 1 1 0 0 0 0 0 0 0 1 0 0 0 0 1 0 0 1 1 0 1 0 0 1 
Picked Items (item,city) = (23 , 24) (27 , 28) (29 , 30) (30 , 31) (33 , 34) (36 , 37) (41 , 42) (42 , 43) (173 , 21) (174 , 22) (176 , 24) (180 , 28) (181 , 29) (182 , 30) (186 , 34) (205 , 2) (206 , 3) (208 , 5) (209 , 6) (210 , 7) (218 , 15) (219 , 16) (224 , 21) (227 , 24) (232 , 29) (233 , 30) (241 , 38) (246 , 43) (249 , 46) (250 , 47) (252 , 49) (255 , 52) 

Travel Time: 7933.3271525159852899; Profit: 12855; TSP Distance : 7544.3659000000016022; Weight: 5820 / 34841; 0000000
TSP Tour = 1 49 32 45 19 41 8 9 10 43 33 51 11 52 14 13 47 26 27 28 12 25 4 6 15 5 24 48 38 37 40 39 36 35 34 44 46 16 29 50 20 23 30 2 7 42 21 17 3 18 31 22 1
Knapsack Array = 0 0 0 0 0 0 0 0 0 0 0 0 0 0 0 0 0 0 0 0 0 0 1 0 0 0 1 0 1 1 0 0 1 0 0 1 0 0 0 0 1 1 0 0 0 0 0 0 0 0 0 0 0 0 0 0 0 0 0 0 0 0 0 0 0 0 0 0 0 0 0 0 0 0 0 0 0 0 0 0 0 0 0 0 0 0 0 0 0 0 0 0 0 0 0 0 0 0 0 0 0 0 0 0 0 0 0 0 0 0 0 0 0 0 0 0 0 0 0 0 0 0 0 0 0 0 0 0 0 0 0 0 0 0 0 0 0 0 0 0 0 0 0 0 0 0 0 0 0 0 0 0 0 0 0 0 0 0 0 0 0 0 0 0 0 0 0 0 0 0 0 0 1 1 0 1 0 0 0 1 1 1 0 0 0 1 0 0 0 0 0 0 0 0 0 0 0 0 0 0 0 0 0 0 0 0 0 0 0 0 0 0 0 0 0 0 0 0 0 0 0 0 0 0 0 0 0 0 0 0 0 0 0 0 0 0 0 0 0 0 1 0 0 0 1 1 0 0 0 1 0 1 1 0 1 
Picked Items (item,city) = (23 , 24) (27 , 28) (29 , 30) (30 , 31) (33 , 34) (36 , 37) (41 , 42) (42 , 43) (173 , 21) (174 , 22) (176 , 24) (180 , 28) (181 , 29) (182 , 30) (186 , 34) (241 , 38) (245 , 42) (246 , 43) (250 , 47) (252 , 49) (253 , 50) (255 , 52) 

Travel Time: 14158.438714910835188; Profit: 68021; TSP Distance : 7815.2539000000006126; Weight: 33837 / 34841; 0000000
TSP Tour = 1 31 18 3 17 21 42 7 2 30 23 20 50 29 16 46 44 35 32 45 19 41 8 9 10 43 33 51 11 52 14 13 47 26 27 28 12 25 4 6 15 5 24 48 38 37 40 39 36 34 49 22 1
Knapsack Array = 1 0 1 0 0 0 1 1 0 1 1 1 0 0 1 0 1 1 0 0 1 0 1 1 1 0 1 0 0 1 1 0 1 0 0 1 0 0 0 0 1 1 0 0 1 0 0 1 0 0 1 0 1 1 0 0 0 0 1 0 0 1 1 0 1 0 0 0 0 0 1 1 1 1 1 0 1 0 0 1 0 0 1 0 0 1 1 1 0 0 0 0 0 0 0 0 1 0 0 1 0 1 1 0 0 1 0 1 0 1 0 0 1 1 0 0 1 0 0 1 0 1 0 1 1 1 0 0 1 0 0 1 0 1 1 1 1 1 0 1 1 1 0 0 1 0 0 0 0 0 0 1 1 0 0 1 0 1 0 1 1 0 1 1 0 1 1 1 0 0 1 1 1 1 0 1 0 0 0 1 1 1 0 0 0 1 0 0 0 0 0 1 1 0 1 0 0 1 1 0 0 0 0 0 1 1 0 1 1 1 0 0 0 0 0 0 0 1 1 0 0 0 0 1 0 0 1 0 0 1 0 1 0 0 0 0 0 0 0 0 1 0 0 0 0 1 0 0 0 0 0 0 0 0 0 
Picked Items (item,city) = (1 , 2) (3 , 4) (7 , 8) (8 , 9) (10 , 11) (11 , 12) (12 , 13) (15 , 16) (17 , 18) (18 , 19) (21 , 22) (23 , 24) (24 , 25) (25 , 26) (27 , 28) (30 , 31) (31 , 32) (33 , 34) (36 , 37) (41 , 42) (42 , 43) (45 , 46) (48 , 49) (51 , 52) (53 , 3) (54 , 4) (59 , 9) (62 , 12) (63 , 13) (65 , 15) (71 , 21) (72 , 22) (73 , 23) (74 , 24) (75 , 25) (77 , 27) (80 , 30) (83 , 33) (86 , 36) (87 , 37) (88 , 38) (97 , 47) (100 , 50) (102 , 52) (103 , 2) (106 , 5) (108 , 7) (110 , 9) (113 , 12) (114 , 13) (117 , 16) (120 , 19) (122 , 21) (124 , 23) (125 , 24) (126 , 25) (129 , 28) (132 , 31) (134 , 33) (135 , 34) (136 , 35) (137 , 36) (138 , 37) (140 , 39) (141 , 40) (142 , 41) (145 , 44) (152 , 51) (153 , 52) (156 , 4) (158 , 6) (160 , 8) (161 , 9) (163 , 11) (164 , 12) (166 , 14) (167 , 15) (168 , 16) (171 , 19) (172 , 20) (173 , 21) (174 , 22) (176 , 24) (180 , 28) (181 , 29) (182 , 30) (186 , 34) (192 , 40) (193 , 41) (195 , 43) (198 , 46) (199 , 47) (205 , 2) (206 , 3) (208 , 5) (209 , 6) (210 , 7) (218 , 15) (219 , 16) (224 , 21) (227 , 24) (230 , 27) (232 , 29) (241 , 38) (246 , 43) 

Travel Time: 11949.291315576228953; Profit: 61013; TSP Distance : 7815.2539000000006126; Weight: 29471 / 34841; 0000000
TSP Tour = 1 31 18 3 17 21 42 7 2 30 23 20 50 29 16 46 44 35 32 45 19 41 8 9 10 43 33 51 11 52 14 13 47 26 27 28 12 25 4 6 15 5 24 48 38 37 40 39 36 34 49 22 1
Knapsack Array = 1 0 1 0 0 0 1 1 0 1 1 1 0 0 1 0 1 1 0 0 1 0 1 1 1 0 1 0 0 1 1 0 1 0 0 1 0 0 0 0 1 1 0 0 1 0 0 1 0 0 1 0 1 1 0 0 0 0 1 0 0 1 1 0 1 0 0 0 0 0 0 0 0 0 0 0 1 0 0 1 0 0 1 0 0 1 1 1 0 0 0 0 0 0 0 0 1 0 0 1 0 1 1 0 0 1 0 1 0 1 0 0 1 1 1 1 1 0 0 1 0 0 0 0 1 1 0 1 0 0 0 0 0 0 0 0 0 1 0 1 1 1 0 0 1 0 0 0 0 0 0 1 1 0 0 1 0 1 0 1 1 0 1 1 0 1 1 1 0 0 1 1 1 1 0 1 0 0 0 1 1 1 0 0 0 1 0 0 0 0 0 1 1 0 1 0 0 1 1 0 0 0 0 0 1 1 0 1 1 1 0 0 0 0 0 0 0 1 1 0 0 0 0 1 0 0 1 0 0 1 0 1 0 0 0 0 0 0 0 0 1 0 0 0 0 1 0 0 0 0 0 0 0 0 0 
Picked Items (item,city) = (1 , 2) (3 , 4) (7 , 8) (8 , 9) (10 , 11) (11 , 12) (12 , 13) (15 , 16) (17 , 18) (18 , 19) (21 , 22) (23 , 24) (24 , 25) (25 , 26) (27 , 28) (30 , 31) (31 , 32) (33 , 34) (36 , 37) (41 , 42) (42 , 43) (45 , 46) (48 , 49) (51 , 52) (53 , 3) (54 , 4) (59 , 9) (62 , 12) (63 , 13) (65 , 15) (77 , 27) (80 , 30) (83 , 33) (86 , 36) (87 , 37) (88 , 38) (97 , 47) (100 , 50) (102 , 52) (103 , 2) (106 , 5) (108 , 7) (110 , 9) (113 , 12) (114 , 13) (115 , 14) (116 , 15) (117 , 16) (120 , 19) (125 , 24) (126 , 25) (128 , 27) (138 , 37) (140 , 39) (141 , 40) (142 , 41) (145 , 44) (152 , 51) (153 , 52) (156 , 4) (158 , 6) (160 , 8) (161 , 9) (163 , 11) (164 , 12) (166 , 14) (167 , 15) (168 , 16) (171 , 19) (172 , 20) (173 , 21) (174 , 22) (176 , 24) (180 , 28) (181 , 29) (182 , 30) (186 , 34) (192 , 40) (193 , 41) (195 , 43) (198 , 46) (199 , 47) (205 , 2) (206 , 3) (208 , 5) (209 , 6) (210 , 7) (218 , 15) (219 , 16) (224 , 21) (227 , 24) (230 , 27) (232 , 29) (241 , 38) (246 , 43) 

Travel Time: 7714.0519372394992388; Profit: 5709; TSP Distance : 7544.3659000000016022; Weight: 2687 / 34841; 0000000
TSP Tour = 1 49 32 45 19 41 8 9 10 43 33 51 11 52 14 13 47 26 27 28 12 25 4 6 15 5 24 48 38 37 40 39 36 35 34 44 46 16 29 50 20 23 30 2 7 42 21 17 3 18 31 22 1
Knapsack Array = 0 0 0 0 0 0 0 0 0 0 0 0 0 0 0 0 0 0 0 0 0 0 0 0 0 0 0 0 0 0 0 0 0 0 0 0 0 0 0 0 0 0 0 0 0 0 0 0 0 0 0 0 0 0 0 0 1 0 1 0 0 0 1 0 1 0 0 0 0 0 1 1 1 1 1 0 1 0 0 0 0 0 0 0 0 0 0 0 0 0 0 0 0 0 0 0 0 0 0 0 0 0 0 0 0 0 0 0 0 0 0 0 0 0 0 0 0 0 0 0 0 0 0 0 0 0 0 0 0 0 0 0 0 0 0 0 0 0 0 0 0 0 0 0 0 0 0 0 0 0 0 0 0 0 0 0 0 0 0 0 0 0 0 0 0 0 0 0 0 0 0 0 0 0 0 0 0 0 0 0 0 0 0 0 0 0 0 0 0 0 0 0 0 0 0 0 0 0 0 0 0 0 0 0 0 0 0 0 0 0 0 0 0 0 0 0 0 0 0 0 0 0 0 0 0 0 0 0 0 0 0 0 0 0 0 0 0 0 0 0 0 0 0 0 0 0 0 0 0 0 0 0 0 0 0 
Picked Items (item,city) = (57 , 7) (59 , 9) (63 , 13) (65 , 15) (71 , 21) (72 , 22) (73 , 23) (74 , 24) (75 , 25) (77 , 27) 

Travel Time: 8010.1972775586064017; Profit: 17377; TSP Distance : 7544.3659000000016022; Weight: 8656 / 34841; 0000000
TSP Tour = 1 49 32 45 19 41 8 9 10 43 33 51 11 52 14 13 47 26 27 28 12 25 4 6 15 5 24 48 38 37 40 39 36 35 34 44 46 16 29 50 20 23 30 2 7 42 21 17 3 18 31 22 1
Knapsack Array = 0 0 0 0 0 0 0 0 0 0 0 0 0 0 0 0 0 0 0 0 0 0 0 0 0 0 0 0 0 0 0 0 0 0 0 0 0 0 0 0 0 0 0 0 0 0 0 0 0 0 0 0 0 0 0 0 1 0 1 0 0 0 1 0 1 0 0 0 0 0 1 1 1 1 1 0 1 0 0 0 0 0 0 0 0 0 0 0 0 0 0 0 0 0 0 0 0 0 0 0 0 0 0 0 0 0 0 0 0 0 0 0 0 0 0 0 0 0 0 0 0 0 0 0 0 0 0 0 0 0 0 0 0 0 0 0 0 0 0 0 0 0 0 0 0 0 0 0 0 0 0 0 0 0 0 0 0 0 0 0 0 0 0 0 0 0 0 0 0 0 0 0 0 0 0 0 0 0 0 0 0 0 0 0 0 0 0 0 0 0 0 0 0 0 0 0 0 0 0 0 0 0 0 0 1 1 0 1 1 1 0 0 0 0 0 0 0 1 1 1 1 0 0 1 1 0 1 0 0 0 0 1 1 0 0 0 0 0 0 0 1 0 0 0 1 1 0 0 0 1 0 1 0 0 1 
Picked Items (item,city) = (57 , 7) (59 , 9) (63 , 13) (65 , 15) (71 , 21) (72 , 22) (73 , 23) (74 , 24) (75 , 25) (77 , 27) (205 , 2) (206 , 3) (208 , 5) (209 , 6) (210 , 7) (218 , 15) (219 , 16) (220 , 17) (221 , 18) (224 , 21) (225 , 22) (227 , 24) (232 , 29) (233 , 30) (241 , 38) (245 , 42) (246 , 43) (250 , 47) (252 , 49) (255 , 52) 

Travel Time: 7568.6855831903685612; Profit: 3350; TSP Distance : 7544.3659000000006927; Weight: 888 / 34841; 0000000
TSP Tour = 1 22 31 18 3 17 21 42 7 2 30 23 20 50 29 16 46 44 34 35 36 39 40 37 38 48 24 5 15 6 4 25 12 28 27 26 47 13 14 52 11 51 33 43 10 9 8 41 19 45 32 49 1
Knapsack Array = 0 0 0 0 0 0 0 0 0 0 0 0 0 0 0 0 0 0 0 0 0 0 0 0 0 0 0 0 0 0 0 0 0 0 0 0 0 0 0 0 0 0 0 0 0 0 0 1 0 0 1 0 0 0 0 0 0 0 0 0 0 0 0 0 0 0 0 0 0 0 0 0 0 0 0 0 0 0 0 0 0 0 0 0 0 0 0 0 0 0 0 0 0 0 0 0 0 0 0 0 0 0 0 0 0 0 0 0 0 0 0 0 0 0 0 0 0 0 0 0 0 0 0 0 0 0 0 0 0 0 0 0 0 0 0 0 0 0 0 0 0 0 0 0 0 0 0 0 0 0 0 0 0 0 0 0 0 0 0 0 0 0 0 0 0 0 0 0 0 0 0 0 0 0 0 0 0 0 0 0 0 0 0 0 0 0 0 0 0 0 0 0 0 0 0 0 0 0 0 0 0 0 0 0 0 0 0 0 0 0 0 0 0 0 0 0 0 0 0 0 0 0 0 0 0 0 0 0 0 0 0 0 0 0 0 0 0 0 0 0 0 0 0 0 0 0 0 0 0 0 0 1 0 0 1 
Picked Items (item,city) = (48 , 49) (51 , 52) (252 , 49) (255 , 52) 

Travel Time: 8437.5931204215339676; Profit: 28017; TSP Distance : 7544.3659000000016022; Weight: 13615 / 34841; 0000000
TSP Tour = 1 49 32 45 19 41 8 9 10 43 33 51 11 52 14 13 47 26 27 28 12 25 4 6 15 5 24 48 38 37 40 39 36 35 34 44 46 16 29 50 20 23 30 2 7 42 21 17 3 18 31 22 1
Knapsack Array = 0 0 0 0 0 0 0 0 0 0 0 0 0 0 0 0 0 0 0 0 0 0 0 0 0 0 0 0 0 0 0 0 0 0 0 0 0 0 0 0 0 0 0 0 0 0 0 0 0 0 0 0 0 0 0 0 0 0 0 0 0 0 0 0 0 0 0 0 0 0 0 1 1 1 1 0 1 0 0 1 0 0 0 0 0 0 0 0 0 0 0 0 0 0 0 0 0 0 0 0 0 0 0 0 0 0 0 0 0 0 0 0 0 0 0 0 0 0 0 0 0 0 0 0 0 0 0 0 0 0 0 0 0 0 0 0 0 0 0 0 0 0 0 0 0 0 0 0 0 0 0 0 0 0 0 0 0 1 0 1 1 0 0 1 0 1 0 1 1 0 1 1 1 1 0 1 0 0 0 1 1 1 0 0 0 1 0 0 0 0 0 1 0 1 0 1 0 1 1 0 0 0 0 0 1 1 0 1 1 1 0 0 0 0 0 0 0 1 1 1 1 0 0 1 1 0 1 0 0 1 0 1 0 0 0 0 0 0 0 0 1 0 0 0 0 1 0 0 0 1 0 1 0 0 1 
Picked Items (item,city) = (72 , 22) (73 , 23) (74 , 24) (75 , 25) (77 , 27) (80 , 30) (158 , 6) (160 , 8) (161 , 9) (164 , 12) (166 , 14) (168 , 16) (169 , 17) (171 , 19) (172 , 20) (173 , 21) (174 , 22) (176 , 24) (180 , 28) (181 , 29) (182 , 30) (186 , 34) (192 , 40) (194 , 42) (196 , 44) (198 , 46) (199 , 47) (205 , 2) (206 , 3) (208 , 5) (209 , 6) (210 , 7) (218 , 15) (219 , 16) (220 , 17) (221 , 18) (224 , 21) (225 , 22) (227 , 24) (230 , 27) (232 , 29) (241 , 38) (246 , 43) (250 , 47) (252 , 49) (255 , 52) 

Travel Time: 12002.816378497826008; Profit: 62672; TSP Distance : 7544.3659000000016022; Weight: 30648 / 34841; 0000000
TSP Tour = 1 49 32 45 19 41 8 9 10 43 33 51 11 52 14 13 47 26 27 28 12 25 4 6 15 5 24 48 38 37 40 39 36 35 34 44 46 16 29 50 20 23 30 2 7 42 21 17 3 18 31 22 1
Knapsack Array = 0 0 1 0 0 0 1 1 0 0 0 1 0 0 1 1 1 1 0 0 1 0 1 0 1 0 1 0 1 1 0 0 1 0 0 1 0 0 0 0 1 1 0 0 1 0 0 1 0 0 1 0 1 1 0 0 0 0 0 0 0 0 1 0 1 0 0 0 0 0 1 1 1 1 1 0 1 0 0 1 0 0 1 0 0 1 1 1 0 0 0 0 0 1 0 0 1 0 0 1 0 1 1 1 0 1 0 1 0 1 0 0 1 1 0 0 1 1 0 1 0 1 0 0 1 1 0 0 0 0 0 0 0 0 0 0 0 0 0 0 0 1 0 0 1 0 0 0 0 0 0 1 1 0 0 1 0 1 0 1 1 0 0 1 0 1 0 1 1 0 1 1 1 1 0 1 0 0 0 1 1 1 0 0 0 1 0 0 0 0 0 1 0 1 0 1 0 1 1 0 0 0 0 0 1 1 0 1 1 1 0 0 0 0 0 0 0 1 1 1 1 0 0 1 1 0 1 0 0 1 0 1 0 0 0 0 0 0 0 0 1 0 0 0 1 1 0 0 0 1 0 1 0 0 1 
Picked Items (item,city) = (3 , 4) (7 , 8) (8 , 9) (12 , 13) (15 , 16) (16 , 17) (17 , 18) (18 , 19) (21 , 22) (23 , 24) (25 , 26) (27 , 28) (29 , 30) (30 , 31) (33 , 34) (36 , 37) (41 , 42) (42 , 43) (45 , 46) (48 , 49) (51 , 52) (53 , 3) (54 , 4) (63 , 13) (65 , 15) (71 , 21) (72 , 22) (73 , 23) (74 , 24) (75 , 25) (77 , 27) (80 , 30) (83 , 33) (86 , 36) (87 , 37) (88 , 38) (94 , 44) (97 , 47) (100 , 50) (102 , 52) (103 , 2) (104 , 3) (106 , 5) (108 , 7) (110 , 9) (113 , 12) (114 , 13) (117 , 16) (118 , 17) (120 , 19) (122 , 21) (125 , 24) (126 , 25) (142 , 41) (145 , 44) (152 , 51) (153 , 52) (156 , 4) (158 , 6) (160 , 8) (161 , 9) (164 , 12) (166 , 14) (168 , 16) (169 , 17) (171 , 19) (172 , 20) (173 , 21) (174 , 22) (176 , 24) (180 , 28) (181 , 29) (182 , 30) (186 , 34) (192 , 40) (194 , 42) (196 , 44) (198 , 46) (199 , 47) (205 , 2) (206 , 3) (208 , 5) (209 , 6) (210 , 7) (218 , 15) (219 , 16) (220 , 17) (221 , 18) (224 , 21) (225 , 22) (227 , 24) (230 , 27) (232 , 29) (241 , 38) (245 , 42) (246 , 43) (250 , 47) (252 , 49) (255 , 52) 

Travel Time: 8242.401069326677316; Profit: 21080; TSP Distance : 7544.3659000000016022; Weight: 8472 / 34841; 0000000
TSP Tour = 1 49 32 45 19 41 8 9 10 43 33 51 11 52 14 13 47 26 27 28 12 25 4 6 15 5 24 48 38 37 40 39 36 35 34 44 46 16 29 50 20 23 30 2 7 42 21 17 3 18 31 22 1
Knapsack Array = 1 0 1 0 0 0 1 1 0 1 0 1 0 0 1 1 1 1 0 1 1 0 1 0 0 0 1 0 1 1 0 0 1 0 0 1 0 0 0 0 0 0 0 0 0 0 0 0 0 0 0 0 0 0 0 0 0 0 0 0 0 0 0 0 0 0 0 0 0 0 0 0 0 0 0 0 0 0 0 0 0 0 0 0 0 0 0 0 0 0 0 0 0 0 0 0 0 0 0 0 0 0 0 0 0 0 0 0 0 0 0 0 0 0 0 0 0 0 0 0 0 0 0 0 0 0 0 0 0 0 0 0 0 0 0 0 0 0 0 0 0 0 0 0 0 0 0 0 0 0 0 0 0 0 0 0 0 0 0 0 0 0 0 0 0 0 0 0 0 0 0 0 0 0 0 0 0 0 0 0 0 0 0 0 0 0 0 0 0 0 0 0 0 0 0 0 0 0 0 0 0 0 0 0 1 1 0 1 1 1 0 0 0 0 0 0 0 1 1 0 0 0 0 1 1 0 1 0 0 1 0 1 0 0 0 0 0 0 0 0 1 0 0 0 0 1 0 0 0 1 0 1 0 0 1 
Picked Items (item,city) = (1 , 2) (3 , 4) (7 , 8) (8 , 9) (10 , 11) (12 , 13) (15 , 16) (16 , 17) (17 , 18) (18 , 19) (20 , 21) (21 , 22) (23 , 24) (27 , 28) (29 , 30) (30 , 31) (33 , 34) (36 , 37) (205 , 2) (206 , 3) (208 , 5) (209 , 6) (210 , 7) (218 , 15) (219 , 16) (224 , 21) (225 , 22) (227 , 24) (230 , 27) (232 , 29) (241 , 38) (246 , 43) (250 , 47) (252 , 49) (255 , 52) 

Travel Time: 7828.942629748607942; Profit: 8603; TSP Distance : 7544.3659000000016022; Weight: 3987 / 34841; 0000000
TSP Tour = 1 49 32 45 19 41 8 9 10 43 33 51 11 52 14 13 47 26 27 28 12 25 4 6 15 5 24 48 38 37 40 39 36 35 34 44 46 16 29 50 20 23 30 2 7 42 21 17 3 18 31 22 1
Knapsack Array = 0 0 0 0 0 0 0 0 0 0 0 1 0 0 1 1 1 1 0 0 1 0 1 1 1 0 1 0 1 1 0 0 1 0 0 0 0 0 0 0 0 0 0 0 0 0 0 0 0 0 0 0 0 0 0 0 0 0 0 0 0 0 0 0 0 0 0 0 0 0 0 0 0 0 0 0 0 0 0 0 0 0 0 0 0 0 0 0 0 0 0 0 0 0 0 0 0 0 0 0 0 0 0 0 0 0 0 0 0 0 0 0 0 0 0 0 0 0 0 0 0 0 0 0 0 0 0 0 0 0 0 0 0 0 0 0 0 0 0 0 0 0 0 0 0 0 0 0 0 0 0 0 0 0 0 0 0 0 0 0 0 0 0 0 0 0 0 0 0 0 0 0 0 0 0 0 0 0 0 0 0 0 0 0 0 0 0 0 0 0 0 0 0 0 0 0 0 0 0 0 0 0 0 0 0 0 0 0 0 0 0 0 0 0 0 0 0 0 0 0 0 0 0 0 0 0 0 0 0 0 0 0 0 0 0 0 0 0 0 0 0 0 0 0 0 0 0 0 0 0 0 0 0 0 0 
Picked Items (item,city) = (12 , 13) (15 , 16) (16 , 17) (17 , 18) (18 , 19) (21 , 22) (23 , 24) (24 , 25) (25 , 26) (27 , 28) (29 , 30) (30 , 31) (33 , 34) 

Travel Time: 8862.2197114289137971; Profit: 31984; TSP Distance : 7544.3659000000016022; Weight: 16808 / 34841; 0000000
TSP Tour = 1 49 32 45 19 41 8 9 10 43 33 51 11 52 14 13 47 26 27 28 12 25 4 6 15 5 24 48 38 37 40 39 36 35 34 44 46 16 29 50 20 23 30 2 7 42 21 17 3 18 31 22 1
Knapsack Array = 0 0 0 0 0 0 0 0 0 0 0 1 0 0 1 1 1 1 0 0 1 0 1 1 1 0 1 0 1 1 0 0 1 0 0 0 0 0 0 0 0 0 0 0 0 0 0 0 0 0 0 0 0 0 0 0 0 0 0 0 0 0 0 0 0 0 0 0 0 0 0 0 0 0 0 0 0 0 0 0 0 0 0 0 0 0 0 0 0 0 0 0 0 0 0 0 0 0 0 1 0 1 1 1 1 1 0 1 0 1 0 0 1 1 0 0 1 1 0 1 0 0 0 1 1 1 0 0 1 0 0 1 0 0 1 1 1 1 0 0 0 0 0 0 0 0 0 0 0 0 0 0 0 0 0 0 0 1 0 1 1 0 0 1 0 1 0 1 1 0 1 1 1 1 0 1 0 0 0 1 0 0 0 0 0 0 0 0 0 0 0 0 0 0 0 0 0 0 0 0 0 0 0 0 0 0 0 0 0 0 0 0 0 0 0 0 0 0 0 1 1 0 0 1 1 0 1 0 0 0 0 1 0 0 0 0 0 0 0 0 0 0 0 0 0 0 0 0 0 0 0 0 0 0 0 
Picked Items (item,city) = (12 , 13) (15 , 16) (16 , 17) (17 , 18) (18 , 19) (21 , 22) (23 , 24) (24 , 25) (25 , 26) (27 , 28) (29 , 30) (30 , 31) (33 , 34) (100 , 50) (102 , 52) (103 , 2) (104 , 3) (105 , 4) (106 , 5) (108 , 7) (110 , 9) (113 , 12) (114 , 13) (117 , 16) (118 , 17) (120 , 19) (124 , 23) (125 , 24) (126 , 25) (129 , 28) (132 , 31) (135 , 34) (136 , 35) (137 , 36) (138 , 37) (158 , 6) (160 , 8) (161 , 9) (164 , 12) (166 , 14) (168 , 16) (169 , 17) (171 , 19) (172 , 20) (173 , 21) (174 , 22) (176 , 24) (180 , 28) (220 , 17) (221 , 18) (224 , 21) (225 , 22) (227 , 24) (232 , 29) 

Travel Time: 9784.6994047863554442; Profit: 39907; TSP Distance : 7684.2316000000018903; Weight: 18204 / 34841; 0000000
TSP Tour = 1 45 19 41 8 9 10 43 33 51 11 52 14 13 47 26 27 28 12 25 4 6 15 5 24 48 38 37 40 39 36 35 34 44 46 16 29 50 20 23 30 2 7 42 21 17 3 18 31 22 32 49 1
Knapsack Array = 1 0 1 0 0 0 1 1 0 1 1 1 0 0 1 0 1 1 0 0 1 0 1 1 1 0 1 0 0 1 1 0 1 0 0 1 0 0 0 0 1 1 0 0 1 0 0 1 0 0 1 0 1 0 0 0 0 0 0 0 0 0 0 0 0 0 0 0 0 0 0 0 0 0 0 0 0 0 0 0 0 0 0 0 0 0 0 0 0 0 0 0 0 0 0 0 0 0 0 0 0 0 0 0 0 0 0 0 0 0 0 0 0 0 0 0 0 0 0 0 0 0 0 0 0 0 0 0 0 0 0 0 0 0 0 0 0 0 0 0 0 0 0 0 0 0 0 0 0 0 0 0 0 0 0 0 0 0 0 0 1 0 1 1 0 1 0 1 0 0 1 1 1 1 0 1 0 0 0 1 1 1 0 0 0 1 0 0 0 0 0 1 1 1 0 1 0 1 1 0 0 0 0 0 1 1 0 1 1 1 0 0 0 0 0 0 0 1 1 0 0 0 0 1 0 0 1 0 0 1 0 1 0 0 0 0 0 0 0 0 1 0 0 0 0 1 0 0 0 1 0 1 0 0 1 
Picked Items (item,city) = (1 , 2) (3 , 4) (7 , 8) (8 , 9) (10 , 11) (11 , 12) (12 , 13) (15 , 16) (17 , 18) (18 , 19) (21 , 22) (23 , 24) (24 , 25) (25 , 26) (27 , 28) (30 , 31) (31 , 32) (33 , 34) (36 , 37) (41 , 42) (42 , 43) (45 , 46) (48 , 49) (51 , 52) (53 , 3) (161 , 9) (163 , 11) (164 , 12) (166 , 14) (168 , 16) (171 , 19) (172 , 20) (173 , 21) (174 , 22) (176 , 24) (180 , 28) (181 , 29) (182 , 30) (186 , 34) (192 , 40) (193 , 41) (194 , 42) (196 , 44) (198 , 46) (199 , 47) (205 , 2) (206 , 3) (208 , 5) (209 , 6) (210 , 7) (218 , 15) (219 , 16) (224 , 21) (227 , 24) (230 , 27) (232 , 29) (241 , 38) (246 , 43) (250 , 47) (252 , 49) (255 , 52) 


Pareto (Travel Time; Profit; IsValid)

7544.3659000000006927 ; 0; 0000000
11422.4778427208621 ; 51021; 0000000
9553.8963930808840814 ; 37526; 0000000
7806.9688029429080416 ; 8426; 0000000
8957.157197622822423 ; 32472; 0000000
10553.795402998994177 ; 49885; 0000000
10265.412992674286215 ; 46954; 0000000
7634.7961782209140438 ; 3452; 0000000
8667.0589585504785646 ; 30164; 0000000
9055.9232265430782718 ; 35460; 0000000
8070.0454676276794999 ; 19099; 0000000
7933.3271525159852899 ; 12855; 0000000
14158.438714910835188 ; 68021; 0000000
11949.291315576228953 ; 61013; 0000000
7714.0519372394992388 ; 5709; 0000000
8010.1972775586064017 ; 17377; 0000000
7568.6855831903685612 ; 3350; 0000000
8437.5931204215339676 ; 28017; 0000000
12002.816378497826008 ; 62672; 0000000
8242.401069326677316 ; 21080; 0000000
7828.942629748607942 ; 8603; 0000000
8862.2197114289137971 ; 31984; 0000000
9784.6994047863554442 ; 39907; 0000000
