Travel Time: 8568.1276165224062424; Profit: 47396; TSP Distance : 7544.3659000000016022; Weight: 20984 / 68614; 0000000
TSP Tour = 1 49 32 45 19 41 8 9 10 43 33 51 11 52 14 13 47 26 27 28 12 25 4 6 15 5 24 48 38 37 40 39 36 35 34 44 46 16 29 50 20 23 30 2 7 42 21 17 3 18 31 22 1
Knapsack Array = 1 0 1 0 0 0 1 1 0 1 1 1 0 0 1 0 1 1 0 0 1 0 1 1 0 0 1 0 1 1 0 0 1 0 0 1 0 0 0 0 1 1 0 0 1 0 0 1 0 0 1 0 1 1 0 0 0 0 1 0 0 0 1 0 1 0 0 0 0 0 1 1 1 1 1 0 1 0 0 1 0 0 1 0 0 0 1 1 0 0 0 0 0 0 0 0 1 0 0 1 0 1 0 1 1 1 0 0 0 0 0 0 0 0 0 0 0 0 0 0 0 0 0 0 0 0 0 0 0 0 0 0 0 0 0 0 0 0 0 0 0 0 0 0 0 0 0 0 0 0 0 0 0 0 0 0 0 0 0 0 0 0 0 0 0 0 0 0 0 0 0 0 0 0 0 0 0 0 0 0 0 0 0 0 0 0 0 0 0 0 0 0 0 0 0 0 0 0 0 0 0 0 0 0 0 0 0 0 0 0 0 0 0 0 0 0 0 0 0 0 0 0 0 0 0 0 0 0 0 0 0 0 0 0 0 0 0 0 0 0 0 0 0 0 0 0 0 0 0 0 0 0 0 0 0 0 0 0 0 0 0 0 0 0 0 0 0 0 0 0 0 0 0 0 0 0 0 0 0 0 0 0 0 0 0 0 0 0 0 0 0 0 0 0 0 0 0 0 0 0 0 0 0 0 0 0 0 0 0 0 0 0 0 0 0 0 0 0 0 0 0 0 0 0 0 0 0 0 0 0 0 0 0 0 0 0 0 0 0 0 0 0 0 0 0 0 0 0 0 0 0 0 0 0 0 0 0 0 0 0 0 0 0 0 0 0 0 0 0 0 0 0 0 0 0 0 0 0 0 0 0 0 0 0 0 0 0 0 0 0 0 0 0 0 0 0 0 0 0 0 0 0 0 0 0 0 0 0 0 0 0 0 0 0 0 0 0 0 0 0 0 0 0 0 0 0 0 0 0 0 0 0 1 0 0 0 1 1 0 1 1 1 0 1 0 0 0 0 1 1 0 1 0 0 0 0 1 0 1 0 1 1 1 1 0 1 0 0 1 0 0 1 0 1 1 0 0 1 1 1 0 0 0 0 0 1 0 1 1 0 1 1 0 1 1 0 1 1 0 1 1 0 0 0 0 0 0 0 0 0 
Picked Items (item,city) = (1 , 2) (3 , 4) (7 , 8) (8 , 9) (10 , 11) (11 , 12) (12 , 13) (15 , 16) (17 , 18) (18 , 19) (21 , 22) (23 , 24) (24 , 25) (27 , 28) (29 , 30) (30 , 31) (33 , 34) (36 , 37) (41 , 42) (42 , 43) (45 , 46) (48 , 49) (51 , 52) (53 , 3) (54 , 4) (59 , 9) (63 , 13) (65 , 15) (71 , 21) (72 , 22) (73 , 23) (74 , 24) (75 , 25) (77 , 27) (80 , 30) (83 , 33) (87 , 37) (88 , 38) (97 , 47) (100 , 50) (102 , 52) (104 , 3) (105 , 4) (106 , 5) (433 , 26) (437 , 30) (438 , 31) (440 , 33) (441 , 34) (442 , 35) (444 , 37) (449 , 42) (450 , 43) (452 , 45) (457 , 50) (459 , 52) (461 , 3) (462 , 4) (463 , 5) (464 , 6) (466 , 8) (469 , 11) (472 , 14) (474 , 16) (475 , 17) (478 , 20) (479 , 21) (480 , 22) (486 , 28) (488 , 30) (489 , 31) (491 , 33) (492 , 34) (494 , 36) (495 , 37) (497 , 39) (498 , 40) (500 , 42) (501 , 43) 

Travel Time: 9553.0836241904307826; Profit: 79700; TSP Distance : 7544.3659000000016022; Weight: 37076 / 68614; 0000000
TSP Tour = 1 49 32 45 19 41 8 9 10 43 33 51 11 52 14 13 47 26 27 28 12 25 4 6 15 5 24 48 38 37 40 39 36 35 34 44 46 16 29 50 20 23 30 2 7 42 21 17 3 18 31 22 1
Knapsack Array = 1 0 1 0 0 0 1 1 0 1 1 1 0 0 1 0 1 1 0 0 1 0 1 1 0 0 1 0 1 1 0 0 1 0 0 1 0 0 0 0 1 1 0 0 1 0 0 1 0 0 1 0 1 1 0 0 0 0 1 0 0 0 1 0 1 0 0 0 0 0 1 1 1 1 1 0 1 0 0 1 0 0 1 0 0 0 1 1 0 0 0 0 0 0 0 0 1 0 0 1 0 1 0 1 1 1 0 0 0 0 0 0 0 0 0 0 0 0 0 0 0 0 0 0 0 0 0 0 0 0 0 0 0 0 0 0 0 0 0 0 0 0 0 0 0 0 0 0 0 0 0 0 0 0 0 0 0 0 0 0 0 0 0 0 0 0 0 0 0 0 0 0 0 0 0 0 0 0 0 0 0 0 0 0 0 0 0 0 0 0 0 0 0 0 0 0 0 0 0 0 0 0 0 0 0 0 0 0 0 0 0 0 0 0 0 0 0 0 0 0 0 0 0 0 0 0 0 0 0 0 0 0 0 0 0 0 0 0 0 0 0 0 0 0 0 0 0 0 0 0 0 0 0 0 0 0 0 0 0 0 0 0 0 0 0 0 0 0 0 0 0 0 0 0 0 0 0 0 0 0 0 0 0 0 0 0 0 0 0 0 0 0 0 0 0 0 0 0 0 0 0 0 0 0 0 0 0 0 0 0 0 0 0 0 0 0 0 0 0 0 0 0 0 0 0 0 0 0 0 0 0 0 0 0 0 0 0 1 0 0 0 1 1 1 1 0 0 0 0 1 0 0 1 0 0 0 1 0 1 1 0 1 0 0 1 0 1 1 0 1 1 0 1 1 0 1 1 1 0 1 1 1 1 0 0 1 1 0 1 0 0 0 0 0 1 1 1 0 1 1 0 0 1 0 0 1 0 0 1 1 1 1 1 1 0 0 1 0 0 0 1 0 1 0 0 0 1 1 1 0 1 0 1 0 0 0 1 1 0 1 1 1 0 1 0 0 0 0 1 1 0 1 0 0 0 0 1 0 1 0 1 1 1 1 0 1 0 0 1 0 0 1 0 1 1 0 0 1 1 1 0 0 0 0 0 1 0 1 1 0 1 1 0 1 1 0 1 1 0 1 1 0 0 0 0 0 0 0 0 0 
Picked Items (item,city) = (1 , 2) (3 , 4) (7 , 8) (8 , 9) (10 , 11) (11 , 12) (12 , 13) (15 , 16) (17 , 18) (18 , 19) (21 , 22) (23 , 24) (24 , 25) (27 , 28) (29 , 30) (30 , 31) (33 , 34) (36 , 37) (41 , 42) (42 , 43) (45 , 46) (48 , 49) (51 , 52) (53 , 3) (54 , 4) (59 , 9) (63 , 13) (65 , 15) (71 , 21) (72 , 22) (73 , 23) (74 , 24) (75 , 25) (77 , 27) (80 , 30) (83 , 33) (87 , 37) (88 , 38) (97 , 47) (100 , 50) (102 , 52) (104 , 3) (105 , 4) (106 , 5) (338 , 33) (342 , 37) (343 , 38) (344 , 39) (345 , 40) (350 , 45) (353 , 48) (357 , 52) (359 , 3) (360 , 4) (362 , 6) (365 , 9) (367 , 11) (368 , 12) (370 , 14) (371 , 15) (373 , 17) (374 , 18) (376 , 20) (377 , 21) (378 , 22) (380 , 24) (381 , 25) (382 , 26) (383 , 27) (386 , 30) (387 , 31) (389 , 33) (395 , 39) (396 , 40) (397 , 41) (399 , 43) (400 , 44) (403 , 47) (406 , 50) (409 , 2) (410 , 3) (411 , 4) (412 , 5) (413 , 6) (414 , 7) (417 , 10) (421 , 14) (423 , 16) (427 , 20) (428 , 21) (429 , 22) (431 , 24) (433 , 26) (437 , 30) (438 , 31) (440 , 33) (441 , 34) (442 , 35) (444 , 37) (449 , 42) (450 , 43) (452 , 45) (457 , 50) (459 , 52) (461 , 3) (462 , 4) (463 , 5) (464 , 6) (466 , 8) (469 , 11) (472 , 14) (474 , 16) (475 , 17) (478 , 20) (479 , 21) (480 , 22) (486 , 28) (488 , 30) (489 , 31) (491 , 33) (492 , 34) (494 , 36) (495 , 37) (497 , 39) (498 , 40) (500 , 42) (501 , 43) 

Travel Time: 9835.9802371353289345; Profit: 90014; TSP Distance : 7707.6134000000010928; Weight: 39567 / 68614; 0000000
TSP Tour = 1 45 19 41 8 9 10 43 33 51 11 52 14 13 47 26 27 28 12 25 4 6 15 5 24 48 38 37 40 39 36 35 34 44 46 16 29 50 20 23 30 2 7 42 21 17 3 18 31 22 49 32 1
Knapsack Array = 0 0 1 0 0 0 1 0 0 0 0 1 0 0 1 1 1 1 0 0 1 0 1 0 0 0 1 0 0 1 1 0 1 0 0 1 0 0 0 0 1 1 0 0 1 0 0 1 0 0 1 0 1 1 0 0 0 0 1 0 0 0 1 0 1 0 0 0 0 0 0 1 1 1 1 0 1 0 0 0 0 0 1 0 0 1 1 1 0 0 0 0 0 0 0 0 1 0 1 1 0 1 1 1 0 1 0 1 0 1 0 0 1 1 0 0 1 0 0 0 0 1 0 1 1 1 0 0 1 0 0 1 0 0 1 1 1 1 0 1 1 0 0 0 1 0 0 0 0 0 0 1 1 0 0 1 0 0 0 1 1 0 0 1 0 1 0 1 0 0 1 1 1 1 0 1 0 0 0 1 1 1 0 0 1 1 0 0 0 0 0 1 0 0 0 0 0 0 0 0 0 0 0 0 0 0 0 0 0 0 0 0 0 0 0 0 0 0 0 0 0 0 0 0 0 0 0 0 0 0 0 0 0 0 0 0 0 0 0 0 1 0 0 0 1 1 0 0 1 1 0 1 0 0 1 0 1 0 0 0 1 1 0 0 0 0 0 0 0 0 1 0 1 0 1 1 1 0 1 1 0 0 0 1 1 0 0 1 0 1 0 0 1 0 1 1 1 0 0 1 0 1 0 0 1 1 1 1 0 0 1 0 0 0 1 1 0 1 0 0 0 1 0 0 0 0 1 0 0 1 0 0 0 1 1 0 0 1 0 0 0 1 1 1 1 0 0 0 0 1 0 0 1 0 0 0 1 1 0 0 0 1 1 0 1 0 1 1 0 1 1 0 1 1 0 1 1 1 0 1 0 0 0 0 0 0 0 0 0 0 0 0 0 0 0 0 0 0 0 0 0 0 0 0 0 0 0 0 0 0 0 0 0 0 0 0 0 0 0 0 0 0 0 0 0 0 0 0 0 0 0 0 0 0 0 0 0 0 0 0 0 0 0 0 0 0 0 0 0 0 0 0 0 0 0 0 0 0 0 0 0 0 0 0 0 0 0 0 0 0 0 0 0 0 0 0 0 0 0 0 0 0 0 0 0 0 0 0 0 0 0 0 0 0 0 0 0 0 0 0 0 0 0 0 0 0 0 0 0 0 
Picked Items (item,city) = (3 , 4) (7 , 8) (12 , 13) (15 , 16) (16 , 17) (17 , 18) (18 , 19) (21 , 22) (23 , 24) (27 , 28) (30 , 31) (31 , 32) (33 , 34) (36 , 37) (41 , 42) (42 , 43) (45 , 46) (48 , 49) (51 , 52) (53 , 3) (54 , 4) (59 , 9) (63 , 13) (65 , 15) (72 , 22) (73 , 23) (74 , 24) (75 , 25) (77 , 27) (83 , 33) (86 , 36) (87 , 37) (88 , 38) (97 , 47) (99 , 49) (100 , 50) (102 , 52) (103 , 2) (104 , 3) (106 , 5) (108 , 7) (110 , 9) (113 , 12) (114 , 13) (117 , 16) (122 , 21) (124 , 23) (125 , 24) (126 , 25) (129 , 28) (132 , 31) (135 , 34) (136 , 35) (137 , 36) (138 , 37) (140 , 39) (141 , 40) (145 , 44) (152 , 51) (153 , 52) (156 , 4) (160 , 8) (161 , 9) (164 , 12) (166 , 14) (168 , 16) (171 , 19) (172 , 20) (173 , 21) (174 , 22) (176 , 24) (180 , 28) (181 , 29) (182 , 30) (185 , 33) (186 , 34) (192 , 40) (241 , 38) (245 , 42) (246 , 43) (249 , 46) (250 , 47) (252 , 49) (255 , 52) (257 , 3) (261 , 7) (262 , 8) (271 , 17) (273 , 19) (275 , 21) (276 , 22) (277 , 23) (279 , 25) (280 , 26) (284 , 30) (285 , 31) (288 , 34) (290 , 36) (293 , 39) (295 , 41) (296 , 42) (297 , 43) (300 , 46) (302 , 48) (305 , 51) (306 , 52) (307 , 2) (308 , 3) (311 , 6) (315 , 10) (316 , 11) (318 , 13) (322 , 17) (327 , 22) (330 , 25) (334 , 29) (335 , 30) (338 , 33) (342 , 37) (343 , 38) (344 , 39) (345 , 40) (350 , 45) (353 , 48) (357 , 52) (358 , 2) (362 , 6) (363 , 7) (365 , 9) (367 , 11) (368 , 12) (370 , 14) (371 , 15) (373 , 17) (374 , 18) (376 , 20) (377 , 21) (378 , 22) (380 , 24) 

Travel Time: 11647.16854721641721; Profit: 119330; TSP Distance : 7544.3659000000016022; Weight: 55545 / 68614; 0000000
TSP Tour = 1 49 32 45 19 41 8 9 10 43 33 51 11 52 14 13 47 26 27 28 12 25 4 6 15 5 24 48 38 37 40 39 36 35 34 44 46 16 29 50 20 23 30 2 7 42 21 17 3 18 31 22 1
Knapsack Array = 0 0 0 0 0 0 0 0 0 0 0 0 0 0 0 0 0 0 0 0 0 0 0 0 0 0 0 0 0 0 0 0 0 0 0 0 0 0 0 0 0 0 0 0 0 0 0 0 0 0 0 0 0 0 0 0 0 0 0 0 0 0 0 0 0 0 0 0 0 0 0 0 0 0 0 0 0 0 0 0 0 0 0 0 0 0 0 0 0 0 0 0 0 0 0 0 0 0 0 0 0 1 1 0 0 1 0 1 0 1 0 0 1 1 0 0 1 0 0 0 0 1 0 1 1 1 0 0 1 0 0 1 0 0 1 1 1 1 0 1 1 1 0 0 1 0 0 0 0 0 0 1 1 0 0 1 0 1 0 1 1 0 0 1 0 1 0 1 0 0 1 1 1 1 0 1 0 0 0 1 1 1 0 0 0 1 0 0 0 0 0 1 1 1 1 1 0 1 1 0 0 0 0 0 1 1 0 1 1 1 0 0 0 0 0 0 0 1 1 0 0 0 0 1 1 0 1 0 0 0 0 1 0 0 0 0 0 0 0 0 1 0 0 0 0 1 0 0 1 1 0 1 0 0 1 0 1 0 1 0 1 1 0 0 0 0 0 0 0 0 0 0 1 1 1 1 1 0 1 1 0 0 0 1 1 0 0 1 0 1 1 0 1 0 1 1 1 0 0 1 0 1 0 0 1 1 1 0 1 0 1 0 0 0 1 1 0 1 0 0 0 1 0 0 0 0 1 0 0 1 0 0 0 1 1 0 0 1 0 0 0 1 1 1 1 0 0 0 0 1 0 0 1 0 1 0 1 1 0 1 0 1 0 0 1 0 1 1 0 1 1 0 1 1 0 1 1 1 0 1 1 1 1 0 0 1 1 0 1 0 0 0 0 0 1 1 1 0 1 1 0 0 1 0 0 1 0 0 1 1 1 1 1 1 0 0 1 0 0 0 1 0 1 0 0 0 1 1 1 0 1 0 1 0 0 0 1 1 0 1 1 1 0 1 0 0 0 0 1 1 0 1 0 0 0 0 1 0 1 0 1 1 1 1 1 1 0 0 1 0 0 1 0 1 1 0 0 1 1 1 0 0 0 0 0 1 0 1 1 0 1 1 0 1 1 0 1 1 0 1 1 0 1 1 0 0 0 0 0 0 
Picked Items (item,city) = (102 , 52) (103 , 2) (106 , 5) (108 , 7) (110 , 9) (113 , 12) (114 , 13) (117 , 16) (122 , 21) (124 , 23) (125 , 24) (126 , 25) (129 , 28) (132 , 31) (135 , 34) (136 , 35) (137 , 36) (138 , 37) (140 , 39) (141 , 40) (142 , 41) (145 , 44) (152 , 51) (153 , 52) (156 , 4) (158 , 6) (160 , 8) (161 , 9) (164 , 12) (166 , 14) (168 , 16) (171 , 19) (172 , 20) (173 , 21) (174 , 22) (176 , 24) (180 , 28) (181 , 29) (182 , 30) (186 , 34) (192 , 40) (193 , 41) (194 , 42) (195 , 43) (196 , 44) (198 , 46) (199 , 47) (205 , 2) (206 , 3) (208 , 5) (209 , 6) (210 , 7) (218 , 15) (219 , 16) (224 , 21) (225 , 22) (227 , 24) (232 , 29) (241 , 38) (246 , 43) (249 , 46) (250 , 47) (252 , 49) (255 , 52) (257 , 3) (259 , 5) (261 , 7) (262 , 8) (273 , 19) (274 , 20) (275 , 21) (276 , 22) (277 , 23) (279 , 25) (280 , 26) (284 , 30) (285 , 31) (288 , 34) (290 , 36) (291 , 37) (293 , 39) (295 , 41) (296 , 42) (297 , 43) (300 , 46) (302 , 48) (305 , 51) (306 , 52) (307 , 2) (309 , 4) (311 , 6) (315 , 10) (316 , 11) (318 , 13) (322 , 17) (327 , 22) (330 , 25) (334 , 29) (335 , 30) (338 , 33) (342 , 37) (343 , 38) (344 , 39) (345 , 40) (350 , 45) (353 , 48) (355 , 50) (357 , 52) (358 , 2) (360 , 4) (362 , 6) (365 , 9) (367 , 11) (368 , 12) (370 , 14) (371 , 15) (373 , 17) (374 , 18) (376 , 20) (377 , 21) (378 , 22) (380 , 24) (381 , 25) (382 , 26) (383 , 27) (386 , 30) (387 , 31) (389 , 33) (395 , 39) (396 , 40) (397 , 41) (399 , 43) (400 , 44) (403 , 47) (406 , 50) (409 , 2) (410 , 3) (411 , 4) (412 , 5) (413 , 6) (414 , 7) (417 , 10) (421 , 14) (423 , 16) (427 , 20) (428 , 21) (429 , 22) (431 , 24) (433 , 26) (437 , 30) (438 , 31) (440 , 33) (441 , 34) (442 , 35) (444 , 37) (449 , 42) (450 , 43) (452 , 45) (457 , 50) (459 , 52) (461 , 3) (462 , 4) (463 , 5) (464 , 6) (465 , 7) (466 , 8) (469 , 11) (472 , 14) (474 , 16) (475 , 17) (478 , 20) (479 , 21) (480 , 22) (486 , 28) (488 , 30) (489 , 31) (491 , 33) (492 , 34) (494 , 36) (495 , 37) (497 , 39) (498 , 40) (500 , 42) (501 , 43) (503 , 45) (504 , 46) 

Travel Time: 14623.707163494173074; Profit: 143966; TSP Distance : 7544.3659000000016022; Weight: 66340 / 68614; 0000000
TSP Tour = 1 49 32 45 19 41 8 9 10 43 33 51 11 52 14 13 47 26 27 28 12 25 4 6 15 5 24 48 38 37 40 39 36 35 34 44 46 16 29 50 20 23 30 2 7 42 21 17 3 18 31 22 1
Knapsack Array = 1 0 1 0 0 0 1 1 0 0 1 1 0 0 1 0 1 1 0 1 1 0 1 1 1 0 1 0 1 1 0 0 1 0 0 1 0 0 0 0 1 1 0 0 1 0 0 1 0 0 1 0 1 1 0 0 0 0 1 0 0 0 1 0 1 0 0 0 0 0 0 0 1 1 1 1 1 0 0 0 0 0 1 0 0 0 1 1 0 0 0 0 0 0 0 0 1 0 0 1 0 1 1 0 0 1 0 1 0 1 0 0 1 1 0 0 1 0 0 0 0 1 0 1 1 1 0 0 1 0 0 1 0 0 1 1 1 1 0 1 1 1 0 0 1 0 0 0 0 0 0 1 1 0 0 1 0 1 0 1 1 0 0 1 0 1 0 1 0 0 1 1 1 1 0 1 0 0 0 1 1 1 0 0 0 1 0 0 0 0 0 1 1 1 1 1 0 1 1 0 0 0 0 0 1 1 0 1 1 1 0 0 0 0 0 0 0 1 1 0 0 0 0 1 1 0 1 0 0 0 0 1 0 0 0 0 0 0 0 0 1 0 0 0 0 1 0 0 1 1 0 1 0 0 1 0 1 0 1 0 1 1 0 0 0 0 0 0 0 0 0 0 1 1 1 1 1 0 1 1 0 0 0 1 1 0 0 1 0 1 1 0 1 0 1 1 1 0 0 1 0 1 0 0 1 1 1 0 1 0 1 0 0 0 1 1 0 1 0 0 0 1 0 0 0 0 1 0 0 1 0 0 0 1 1 0 0 1 0 0 0 1 1 1 1 0 0 0 0 1 0 0 1 0 1 0 1 1 0 1 0 1 0 0 1 0 1 1 0 1 1 0 1 1 0 1 1 1 0 1 1 1 1 0 0 1 1 0 1 0 0 0 0 0 1 1 1 0 1 1 0 0 1 0 0 1 0 0 1 1 1 1 1 1 0 0 1 0 0 0 1 0 1 0 0 0 1 1 1 0 1 0 1 0 0 0 1 1 0 1 1 1 0 1 0 0 0 0 1 1 0 1 0 0 0 0 1 0 1 0 1 1 1 1 1 1 0 0 1 0 0 1 0 1 1 0 0 1 1 1 0 0 0 0 0 1 0 1 1 0 1 1 0 1 1 0 1 1 0 1 1 0 1 1 0 0 0 0 0 0 
Picked Items (item,city) = (1 , 2) (3 , 4) (7 , 8) (8 , 9) (11 , 12) (12 , 13) (15 , 16) (17 , 18) (18 , 19) (20 , 21) (21 , 22) (23 , 24) (24 , 25) (25 , 26) (27 , 28) (29 , 30) (30 , 31) (33 , 34) (36 , 37) (41 , 42) (42 , 43) (45 , 46) (48 , 49) (51 , 52) (53 , 3) (54 , 4) (59 , 9) (63 , 13) (65 , 15) (73 , 23) (74 , 24) (75 , 25) (76 , 26) (77 , 27) (83 , 33) (87 , 37) (88 , 38) (97 , 47) (100 , 50) (102 , 52) (103 , 2) (106 , 5) (108 , 7) (110 , 9) (113 , 12) (114 , 13) (117 , 16) (122 , 21) (124 , 23) (125 , 24) (126 , 25) (129 , 28) (132 , 31) (135 , 34) (136 , 35) (137 , 36) (138 , 37) (140 , 39) (141 , 40) (142 , 41) (145 , 44) (152 , 51) (153 , 52) (156 , 4) (158 , 6) (160 , 8) (161 , 9) (164 , 12) (166 , 14) (168 , 16) (171 , 19) (172 , 20) (173 , 21) (174 , 22) (176 , 24) (180 , 28) (181 , 29) (182 , 30) (186 , 34) (192 , 40) (193 , 41) (194 , 42) (195 , 43) (196 , 44) (198 , 46) (199 , 47) (205 , 2) (206 , 3) (208 , 5) (209 , 6) (210 , 7) (218 , 15) (219 , 16) (224 , 21) (225 , 22) (227 , 24) (232 , 29) (241 , 38) (246 , 43) (249 , 46) (250 , 47) (252 , 49) (255 , 52) (257 , 3) (259 , 5) (261 , 7) (262 , 8) (273 , 19) (274 , 20) (275 , 21) (276 , 22) (277 , 23) (279 , 25) (280 , 26) (284 , 30) (285 , 31) (288 , 34) (290 , 36) (291 , 37) (293 , 39) (295 , 41) (296 , 42) (297 , 43) (300 , 46) (302 , 48) (305 , 51) (306 , 52) (307 , 2) (309 , 4) (311 , 6) (315 , 10) (316 , 11) (318 , 13) (322 , 17) (327 , 22) (330 , 25) (334 , 29) (335 , 30) (338 , 33) (342 , 37) (343 , 38) (344 , 39) (345 , 40) (350 , 45) (353 , 48) (355 , 50) (357 , 52) (358 , 2) (360 , 4) (362 , 6) (365 , 9) (367 , 11) (368 , 12) (370 , 14) (371 , 15) (373 , 17) (374 , 18) (376 , 20) (377 , 21) (378 , 22) (380 , 24) (381 , 25) (382 , 26) (383 , 27) (386 , 30) (387 , 31) (389 , 33) (395 , 39) (396 , 40) (397 , 41) (399 , 43) (400 , 44) (403 , 47) (406 , 50) (409 , 2) (410 , 3) (411 , 4) (412 , 5) (413 , 6) (414 , 7) (417 , 10) (421 , 14) (423 , 16) (427 , 20) (428 , 21) (429 , 22) (431 , 24) (433 , 26) (437 , 30) (438 , 31) (440 , 33) (441 , 34) (442 , 35) (444 , 37) (449 , 42) (450 , 43) (452 , 45) (457 , 50) (459 , 52) (461 , 3) (462 , 4) (463 , 5) (464 , 6) (465 , 7) (466 , 8) (469 , 11) (472 , 14) (474 , 16) (475 , 17) (478 , 20) (479 , 21) (480 , 22) (486 , 28) (488 , 30) (489 , 31) (491 , 33) (492 , 34) (494 , 36) (495 , 37) (497 , 39) (498 , 40) (500 , 42) (501 , 43) (503 , 45) (504 , 46) 

Travel Time: 8918.1236155833666999; Profit: 64381; TSP Distance : 7544.3659000000016022; Weight: 31735 / 68614; 0000000
TSP Tour = 1 49 32 45 19 41 8 9 10 43 33 51 11 52 14 13 47 26 27 28 12 25 4 6 15 5 24 48 38 37 40 39 36 35 34 44 46 16 29 50 20 23 30 2 7 42 21 17 3 18 31 22 1
Knapsack Array = 0 0 0 0 0 0 0 0 0 0 0 0 0 0 0 0 0 0 0 0 0 0 0 0 0 0 0 0 0 0 0 0 0 0 0 0 0 0 0 0 0 0 0 0 0 0 0 0 0 0 0 0 0 0 0 0 0 0 0 0 0 0 0 0 0 0 0 0 0 0 0 0 0 0 0 0 0 0 0 0 0 0 0 0 0 0 0 0 0 0 0 0 0 0 0 0 0 0 0 0 0 0 0 0 0 0 0 0 0 0 0 0 0 0 0 0 0 0 0 0 0 1 0 1 1 1 0 0 1 0 0 1 0 0 1 1 1 1 0 1 1 1 0 0 1 0 0 0 0 0 0 1 1 0 0 1 0 1 0 1 1 0 0 1 0 1 0 1 0 0 1 1 1 1 0 1 0 0 0 1 1 1 0 0 0 1 0 0 0 0 0 1 0 1 0 0 0 1 1 0 0 0 0 0 1 1 0 1 1 1 0 0 0 0 0 0 0 1 1 0 1 0 0 1 1 0 1 0 0 0 0 1 1 0 0 0 0 0 0 0 0 0 0 0 0 0 0 0 0 0 0 0 0 0 0 0 0 0 0 0 0 0 0 0 0 0 0 0 0 0 0 0 0 0 0 0 0 0 0 0 0 0 0 0 0 0 0 0 0 0 0 0 0 0 0 0 0 0 0 0 0 0 0 0 0 0 0 0 0 0 0 0 0 0 0 0 0 0 0 0 0 0 0 0 0 0 0 0 0 0 0 0 0 0 0 0 0 0 0 0 0 0 0 0 0 0 0 0 0 0 0 0 0 0 0 0 0 0 0 0 0 0 0 0 0 0 0 0 0 0 0 0 0 0 0 0 0 0 0 0 0 0 0 0 0 0 0 0 0 0 0 0 0 0 0 0 0 0 0 0 0 0 0 0 0 0 0 0 1 1 1 1 1 1 0 0 1 0 0 0 1 0 1 0 0 0 1 1 1 0 1 0 1 0 0 0 1 1 0 1 1 1 0 1 0 0 0 0 1 0 0 1 0 0 0 0 1 0 1 0 1 1 1 1 1 1 0 0 1 0 0 1 0 1 1 1 0 1 1 1 0 0 0 0 0 1 0 1 1 0 1 1 0 1 1 0 1 1 0 1 1 0 1 1 0 1 0 0 1 0 
Picked Items (item,city) = (122 , 21) (124 , 23) (125 , 24) (126 , 25) (129 , 28) (132 , 31) (135 , 34) (136 , 35) (137 , 36) (138 , 37) (140 , 39) (141 , 40) (142 , 41) (145 , 44) (152 , 51) (153 , 52) (156 , 4) (158 , 6) (160 , 8) (161 , 9) (164 , 12) (166 , 14) (168 , 16) (171 , 19) (172 , 20) (173 , 21) (174 , 22) (176 , 24) (180 , 28) (181 , 29) (182 , 30) (186 , 34) (192 , 40) (194 , 42) (198 , 46) (199 , 47) (205 , 2) (206 , 3) (208 , 5) (209 , 6) (210 , 7) (218 , 15) (219 , 16) (221 , 18) (224 , 21) (225 , 22) (227 , 24) (232 , 29) (233 , 30) (409 , 2) (410 , 3) (411 , 4) (412 , 5) (413 , 6) (414 , 7) (417 , 10) (421 , 14) (423 , 16) (427 , 20) (428 , 21) (429 , 22) (431 , 24) (433 , 26) (437 , 30) (438 , 31) (440 , 33) (441 , 34) (442 , 35) (444 , 37) (449 , 42) (452 , 45) (457 , 50) (459 , 52) (461 , 3) (462 , 4) (463 , 5) (464 , 6) (465 , 7) (466 , 8) (469 , 11) (472 , 14) (474 , 16) (475 , 17) (476 , 18) (478 , 20) (479 , 21) (480 , 22) (486 , 28) (488 , 30) (489 , 31) (491 , 33) (492 , 34) (494 , 36) (495 , 37) (497 , 39) (498 , 40) (500 , 42) (501 , 43) (503 , 45) (504 , 46) (506 , 48) (509 , 51) 

Travel Time: 7544.3659000000006927; Profit: 0; TSP Distance : 7544.3659000000006927; Weight: 0 / 68614; 0000000
TSP Tour = 1 22 31 18 3 17 21 42 7 2 30 23 20 50 29 16 46 44 34 35 36 39 40 37 38 48 24 5 15 6 4 25 12 28 27 26 47 13 14 52 11 51 33 43 10 9 8 41 19 45 32 49 1
Knapsack Array = 0 0 0 0 0 0 0 0 0 0 0 0 0 0 0 0 0 0 0 0 0 0 0 0 0 0 0 0 0 0 0 0 0 0 0 0 0 0 0 0 0 0 0 0 0 0 0 0 0 0 0 0 0 0 0 0 0 0 0 0 0 0 0 0 0 0 0 0 0 0 0 0 0 0 0 0 0 0 0 0 0 0 0 0 0 0 0 0 0 0 0 0 0 0 0 0 0 0 0 0 0 0 0 0 0 0 0 0 0 0 0 0 0 0 0 0 0 0 0 0 0 0 0 0 0 0 0 0 0 0 0 0 0 0 0 0 0 0 0 0 0 0 0 0 0 0 0 0 0 0 0 0 0 0 0 0 0 0 0 0 0 0 0 0 0 0 0 0 0 0 0 0 0 0 0 0 0 0 0 0 0 0 0 0 0 0 0 0 0 0 0 0 0 0 0 0 0 0 0 0 0 0 0 0 0 0 0 0 0 0 0 0 0 0 0 0 0 0 0 0 0 0 0 0 0 0 0 0 0 0 0 0 0 0 0 0 0 0 0 0 0 0 0 0 0 0 0 0 0 0 0 0 0 0 0 0 0 0 0 0 0 0 0 0 0 0 0 0 0 0 0 0 0 0 0 0 0 0 0 0 0 0 0 0 0 0 0 0 0 0 0 0 0 0 0 0 0 0 0 0 0 0 0 0 0 0 0 0 0 0 0 0 0 0 0 0 0 0 0 0 0 0 0 0 0 0 0 0 0 0 0 0 0 0 0 0 0 0 0 0 0 0 0 0 0 0 0 0 0 0 0 0 0 0 0 0 0 0 0 0 0 0 0 0 0 0 0 0 0 0 0 0 0 0 0 0 0 0 0 0 0 0 0 0 0 0 0 0 0 0 0 0 0 0 0 0 0 0 0 0 0 0 0 0 0 0 0 0 0 0 0 0 0 0 0 0 0 0 0 0 0 0 0 0 0 0 0 0 0 0 0 0 0 0 0 0 0 0 0 0 0 0 0 0 0 0 0 0 0 0 0 0 0 0 0 0 0 0 0 0 0 0 0 0 0 0 0 0 0 0 0 0 0 0 0 0 0 0 0 0 0 0 0 0 0 0 0 0 0 0 0 0 0 0 0 0 0 0 0 0 0 0 0 0 0 0 0 0 0 0 
Picked Items (item,city) = 

Travel Time: 11454.373758474032002; Profit: 117582; TSP Distance : 7544.3659000000016022; Weight: 55340 / 68614; 0000000
TSP Tour = 1 49 32 45 19 41 8 9 10 43 33 51 11 52 14 13 47 26 27 28 12 25 4 6 15 5 24 48 38 37 40 39 36 35 34 44 46 16 29 50 20 23 30 2 7 42 21 17 3 18 31 22 1
Knapsack Array = 1 0 1 0 0 0 1 1 0 1 1 1 0 0 1 1 1 1 0 0 1 0 0 0 0 0 0 0 0 0 0 0 0 0 0 0 0 0 0 0 0 0 0 0 0 0 0 0 0 0 0 0 0 0 0 0 0 0 0 0 0 0 0 0 0 0 0 0 0 0 0 0 0 0 0 0 0 0 0 0 0 0 0 0 0 0 0 0 0 0 0 0 0 0 0 0 0 0 0 0 0 0 0 0 0 0 0 0 0 0 0 0 0 0 0 0 0 0 0 0 0 0 0 0 0 0 0 0 0 0 0 0 0 0 0 0 0 0 0 1 1 1 0 0 1 0 0 0 0 0 0 1 1 0 0 1 0 1 0 1 1 0 0 1 0 1 0 1 0 0 1 1 1 1 0 1 0 0 0 1 1 1 0 0 0 1 0 0 0 1 0 1 0 1 0 1 0 1 1 0 0 0 0 0 1 1 0 1 1 1 0 0 0 0 0 0 0 1 1 0 1 0 0 1 0 0 1 0 0 0 0 1 1 0 0 0 0 0 0 0 1 0 0 0 1 1 0 0 0 1 0 1 0 0 1 0 1 0 0 0 1 1 0 0 0 0 0 0 0 0 1 0 1 1 1 1 1 0 1 1 0 0 0 1 1 0 0 1 0 1 0 0 1 0 1 1 1 0 0 1 0 1 0 0 1 1 1 1 1 0 1 0 0 0 1 1 0 1 0 0 0 1 0 0 0 0 1 0 0 1 0 0 0 1 1 0 0 1 0 0 0 1 1 1 1 0 0 0 0 1 0 0 1 0 0 0 1 1 0 1 0 1 1 0 1 0 1 1 0 1 1 0 1 1 0 1 1 1 0 1 1 1 1 0 0 1 1 0 1 0 0 0 0 0 1 1 1 0 1 1 0 0 1 0 0 1 0 0 1 1 1 1 1 1 0 0 1 0 0 0 1 0 1 0 0 0 1 1 1 0 1 0 1 0 0 0 1 1 0 1 1 1 0 1 0 0 0 0 1 1 0 1 0 0 0 0 1 0 1 0 1 1 1 1 1 1 0 0 1 0 0 1 0 1 1 1 0 1 1 1 0 0 0 0 0 1 0 1 1 0 1 1 0 1 1 0 1 1 0 1 1 0 1 1 0 1 0 0 1 0 
Picked Items (item,city) = (1 , 2) (3 , 4) (7 , 8) (8 , 9) (10 , 11) (11 , 12) (12 , 13) (15 , 16) (16 , 17) (17 , 18) (18 , 19) (21 , 22) (140 , 39) (141 , 40) (142 , 41) (145 , 44) (152 , 51) (153 , 52) (156 , 4) (158 , 6) (160 , 8) (161 , 9) (164 , 12) (166 , 14) (168 , 16) (171 , 19) (172 , 20) (173 , 21) (174 , 22) (176 , 24) (180 , 28) (181 , 29) (182 , 30) (186 , 34) (190 , 38) (192 , 40) (194 , 42) (196 , 44) (198 , 46) (199 , 47) (205 , 2) (206 , 3) (208 , 5) (209 , 6) (210 , 7) (218 , 15) (219 , 16) (221 , 18) (224 , 21) (227 , 24) (232 , 29) (233 , 30) (241 , 38) (245 , 42) (246 , 43) (250 , 47) (252 , 49) (255 , 52) (257 , 3) (261 , 7) (262 , 8) (271 , 17) (273 , 19) (274 , 20) (275 , 21) (276 , 22) (277 , 23) (279 , 25) (280 , 26) (284 , 30) (285 , 31) (288 , 34) (290 , 36) (293 , 39) (295 , 41) (296 , 42) (297 , 43) (300 , 46) (302 , 48) (305 , 51) (306 , 52) (307 , 2) (308 , 3) (309 , 4) (311 , 6) (315 , 10) (316 , 11) (318 , 13) (322 , 17) (327 , 22) (330 , 25) (334 , 29) (335 , 30) (338 , 33) (342 , 37) (343 , 38) (344 , 39) (345 , 40) (350 , 45) (353 , 48) (357 , 52) (358 , 2) (360 , 4) (362 , 6) (363 , 7) (365 , 9) (367 , 11) (368 , 12) (370 , 14) (371 , 15) (373 , 17) (374 , 18) (376 , 20) (377 , 21) (378 , 22) (380 , 24) (381 , 25) (382 , 26) (383 , 27) (386 , 30) (387 , 31) (389 , 33) (395 , 39) (396 , 40) (397 , 41) (399 , 43) (400 , 44) (403 , 47) (406 , 50) (409 , 2) (410 , 3) (411 , 4) (412 , 5) (413 , 6) (414 , 7) (417 , 10) (421 , 14) (423 , 16) (427 , 20) (428 , 21) (429 , 22) (431 , 24) (433 , 26) (437 , 30) (438 , 31) (440 , 33) (441 , 34) (442 , 35) (444 , 37) (449 , 42) (450 , 43) (452 , 45) (457 , 50) (459 , 52) (461 , 3) (462 , 4) (463 , 5) (464 , 6) (465 , 7) (466 , 8) (469 , 11) (472 , 14) (474 , 16) (475 , 17) (476 , 18) (478 , 20) (479 , 21) (480 , 22) (486 , 28) (488 , 30) (489 , 31) (491 , 33) (492 , 34) (494 , 36) (495 , 37) (497 , 39) (498 , 40) (500 , 42) (501 , 43) (503 , 45) (504 , 46) (506 , 48) (509 , 51) 

Travel Time: 11366.118624189635739; Profit: 117068; TSP Distance : 7544.3659000000016022; Weight: 54958 / 68614; 0000000
TSP Tour = 1 49 32 45 19 41 8 9 10 43 33 51 11 52 14 13 47 26 27 28 12 25 4 6 15 5 24 48 38 37 40 39 36 35 34 44 46 16 29 50 20 23 30 2 7 42 21 17 3 18 31 22 1
Knapsack Array = 1 0 1 0 0 0 1 1 0 1 1 1 0 0 1 1 1 1 0 0 1 0 0 0 0 0 0 0 0 0 0 0 0 0 0 0 0 0 0 0 0 0 0 0 0 0 0 0 0 0 0 0 0 0 0 0 0 0 0 0 0 0 0 0 0 0 0 0 0 0 0 0 0 0 0 0 0 0 0 0 0 0 0 0 0 0 0 0 0 0 0 0 0 0 0 0 0 0 0 0 0 0 0 0 0 0 0 0 0 0 0 0 0 0 0 0 0 0 0 0 0 0 0 0 0 0 0 0 0 0 0 0 0 0 0 0 0 0 0 1 1 1 0 0 1 0 0 0 0 0 0 1 1 0 0 1 0 1 0 1 1 0 0 1 0 1 0 1 0 0 1 1 1 1 0 1 0 0 0 1 1 1 0 0 0 1 0 0 0 1 0 1 0 1 0 1 0 1 1 0 0 0 0 0 1 1 0 1 1 1 0 0 0 0 0 0 0 1 1 0 1 0 0 1 0 0 1 0 0 0 0 1 1 0 0 0 0 0 0 0 1 0 0 0 1 1 0 0 0 1 0 1 0 0 1 0 1 0 0 0 1 1 0 0 0 0 0 0 0 0 1 0 1 1 1 1 1 0 1 1 0 0 0 1 1 0 0 1 0 1 0 0 1 0 1 1 1 0 0 1 0 1 0 0 1 1 1 1 1 0 1 0 0 0 1 1 0 1 0 0 0 1 0 0 0 0 1 0 0 1 0 0 0 1 1 0 0 1 0 0 0 1 1 1 1 0 0 0 0 1 0 0 1 0 0 0 1 1 0 1 0 1 1 0 1 0 1 1 0 1 1 0 1 1 0 1 1 1 0 1 1 1 1 0 0 1 1 0 1 0 0 0 0 0 1 1 1 0 1 1 0 0 1 0 0 1 0 0 1 1 1 1 1 1 0 0 1 0 0 0 1 0 1 0 0 0 1 1 1 0 1 0 1 0 0 0 1 1 0 1 1 1 0 1 0 0 0 0 1 1 0 1 0 0 0 0 1 0 1 0 1 1 1 1 1 1 0 0 1 0 0 1 0 1 1 1 0 1 1 1 0 0 0 0 0 1 0 1 1 0 1 1 0 1 1 0 1 1 0 1 1 0 1 1 0 1 0 0 0 0 
Picked Items (item,city) = (1 , 2) (3 , 4) (7 , 8) (8 , 9) (10 , 11) (11 , 12) (12 , 13) (15 , 16) (16 , 17) (17 , 18) (18 , 19) (21 , 22) (140 , 39) (141 , 40) (142 , 41) (145 , 44) (152 , 51) (153 , 52) (156 , 4) (158 , 6) (160 , 8) (161 , 9) (164 , 12) (166 , 14) (168 , 16) (171 , 19) (172 , 20) (173 , 21) (174 , 22) (176 , 24) (180 , 28) (181 , 29) (182 , 30) (186 , 34) (190 , 38) (192 , 40) (194 , 42) (196 , 44) (198 , 46) (199 , 47) (205 , 2) (206 , 3) (208 , 5) (209 , 6) (210 , 7) (218 , 15) (219 , 16) (221 , 18) (224 , 21) (227 , 24) (232 , 29) (233 , 30) (241 , 38) (245 , 42) (246 , 43) (250 , 47) (252 , 49) (255 , 52) (257 , 3) (261 , 7) (262 , 8) (271 , 17) (273 , 19) (274 , 20) (275 , 21) (276 , 22) (277 , 23) (279 , 25) (280 , 26) (284 , 30) (285 , 31) (288 , 34) (290 , 36) (293 , 39) (295 , 41) (296 , 42) (297 , 43) (300 , 46) (302 , 48) (305 , 51) (306 , 52) (307 , 2) (308 , 3) (309 , 4) (311 , 6) (315 , 10) (316 , 11) (318 , 13) (322 , 17) (327 , 22) (330 , 25) (334 , 29) (335 , 30) (338 , 33) (342 , 37) (343 , 38) (344 , 39) (345 , 40) (350 , 45) (353 , 48) (357 , 52) (358 , 2) (360 , 4) (362 , 6) (363 , 7) (365 , 9) (367 , 11) (368 , 12) (370 , 14) (371 , 15) (373 , 17) (374 , 18) (376 , 20) (377 , 21) (378 , 22) (380 , 24) (381 , 25) (382 , 26) (383 , 27) (386 , 30) (387 , 31) (389 , 33) (395 , 39) (396 , 40) (397 , 41) (399 , 43) (400 , 44) (403 , 47) (406 , 50) (409 , 2) (410 , 3) (411 , 4) (412 , 5) (413 , 6) (414 , 7) (417 , 10) (421 , 14) (423 , 16) (427 , 20) (428 , 21) (429 , 22) (431 , 24) (433 , 26) (437 , 30) (438 , 31) (440 , 33) (441 , 34) (442 , 35) (444 , 37) (449 , 42) (450 , 43) (452 , 45) (457 , 50) (459 , 52) (461 , 3) (462 , 4) (463 , 5) (464 , 6) (465 , 7) (466 , 8) (469 , 11) (472 , 14) (474 , 16) (475 , 17) (476 , 18) (478 , 20) (479 , 21) (480 , 22) (486 , 28) (488 , 30) (489 , 31) (491 , 33) (492 , 34) (494 , 36) (495 , 37) (497 , 39) (498 , 40) (500 , 42) (501 , 43) (503 , 45) (504 , 46) (506 , 48) 

Travel Time: 8173.6385519123650738; Profit: 33877; TSP Distance : 7544.3659000000016022; Weight: 14432 / 68614; 0000000
TSP Tour = 1 49 32 45 19 41 8 9 10 43 33 51 11 52 14 13 47 26 27 28 12 25 4 6 15 5 24 48 38 37 40 39 36 35 34 44 46 16 29 50 20 23 30 2 7 42 21 17 3 18 31 22 1
Knapsack Array = 0 0 1 0 0 0 1 1 0 1 0 1 0 0 1 0 1 1 0 0 1 0 1 0 1 0 1 0 1 1 0 0 1 0 0 1 0 0 0 0 1 1 0 0 1 0 0 1 0 0 1 0 1 1 0 0 0 0 1 0 0 0 1 0 1 0 0 0 0 0 1 1 1 1 1 0 1 0 0 0 0 0 1 0 0 0 1 1 0 0 0 0 0 0 0 0 0 0 0 0 0 0 0 0 0 0 0 0 0 0 0 0 0 0 0 0 0 0 0 0 0 0 0 0 0 0 0 0 0 0 0 0 0 0 0 0 0 0 0 0 0 0 0 0 0 0 0 0 0 0 0 0 0 0 0 0 0 0 0 0 0 0 0 0 0 0 0 0 0 0 0 0 0 0 0 0 0 0 0 0 0 0 0 0 0 0 0 0 0 0 0 0 0 0 0 0 0 1 1 0 0 0 0 0 1 1 0 1 1 1 0 0 0 0 0 0 0 1 1 0 1 0 0 1 0 0 1 0 0 0 0 1 0 0 0 0 0 0 0 0 1 0 0 0 1 1 0 0 1 1 0 1 0 0 0 0 0 0 0 0 0 0 0 0 0 0 0 0 0 0 0 0 0 0 0 0 0 0 0 0 0 0 0 0 0 0 0 0 0 0 0 0 0 0 0 0 0 0 0 0 0 0 0 0 0 0 0 0 0 0 0 0 0 0 0 0 0 0 0 0 0 0 0 0 0 0 0 0 0 0 0 0 0 0 0 0 0 0 0 0 0 0 0 0 0 0 0 0 0 0 0 0 0 0 0 0 0 0 0 0 0 0 0 0 0 0 0 0 0 0 0 0 0 0 0 0 0 0 0 0 0 0 0 0 0 0 0 0 0 0 0 0 0 0 0 0 0 0 0 0 0 0 0 0 0 0 0 0 0 0 0 0 0 0 0 0 0 0 0 0 0 0 0 0 0 0 0 0 0 0 0 0 0 0 0 0 0 0 0 0 0 0 0 0 0 0 0 0 0 0 0 0 0 0 0 0 0 0 0 0 0 0 0 0 0 0 0 0 0 0 0 0 0 0 0 0 0 0 0 0 0 0 0 0 0 0 0 0 0 0 0 0 0 0 0 0 0 0 0 0 0 0 0 0 0 0 0 0 0 0 
Picked Items (item,city) = (3 , 4) (7 , 8) (8 , 9) (10 , 11) (12 , 13) (15 , 16) (17 , 18) (18 , 19) (21 , 22) (23 , 24) (25 , 26) (27 , 28) (29 , 30) (30 , 31) (33 , 34) (36 , 37) (41 , 42) (42 , 43) (45 , 46) (48 , 49) (51 , 52) (53 , 3) (54 , 4) (59 , 9) (63 , 13) (65 , 15) (71 , 21) (72 , 22) (73 , 23) (74 , 24) (75 , 25) (77 , 27) (83 , 33) (87 , 37) (88 , 38) (198 , 46) (199 , 47) (205 , 2) (206 , 3) (208 , 5) (209 , 6) (210 , 7) (218 , 15) (219 , 16) (221 , 18) (224 , 21) (227 , 24) (232 , 29) (241 , 38) (245 , 42) (246 , 43) (249 , 46) (250 , 47) (252 , 49) 

Travel Time: 8431.2234764836321119; Profit: 47246; TSP Distance : 7544.3659000000016022; Weight: 19961 / 68614; 0000000
TSP Tour = 1 49 32 45 19 41 8 9 10 43 33 51 11 52 14 13 47 26 27 28 12 25 4 6 15 5 24 48 38 37 40 39 36 35 34 44 46 16 29 50 20 23 30 2 7 42 21 17 3 18 31 22 1
Knapsack Array = 0 0 1 0 0 0 1 1 0 1 0 1 0 0 1 0 1 1 0 0 1 0 1 0 1 0 1 0 1 1 0 0 1 0 0 1 0 0 0 0 1 1 0 0 1 0 0 1 0 0 1 0 1 1 0 0 0 0 1 0 0 0 1 0 1 0 0 0 0 0 1 1 1 1 1 0 1 0 0 0 0 0 1 0 0 0 1 1 0 0 0 0 0 0 0 0 0 0 0 0 0 0 0 0 0 0 0 0 0 0 0 0 0 0 0 0 0 0 0 0 0 0 0 0 0 0 0 0 0 0 0 0 0 0 0 0 0 0 0 0 0 0 0 0 0 0 0 0 0 0 0 1 1 0 0 1 0 1 0 1 1 0 0 1 0 1 0 1 0 0 1 1 1 1 0 1 0 0 0 1 1 1 0 0 0 1 0 0 0 0 0 1 0 1 1 0 0 1 1 0 0 0 0 0 1 1 0 1 1 1 0 0 0 0 0 0 0 1 1 0 1 0 0 1 0 0 1 0 0 0 0 1 0 0 0 0 0 0 0 0 1 0 0 0 1 1 0 0 1 1 0 1 0 0 0 0 0 0 0 0 0 0 0 0 0 0 0 0 0 0 0 0 0 0 0 0 0 0 0 0 0 0 0 0 0 0 0 0 0 0 0 0 0 0 0 0 0 0 0 0 0 0 0 0 0 0 0 0 0 0 0 0 0 0 0 0 0 0 0 0 0 0 0 0 0 0 0 0 0 0 0 0 0 0 0 0 0 0 0 0 0 0 0 0 0 0 0 0 0 0 0 0 0 0 0 0 0 0 0 0 0 0 0 0 0 0 0 0 0 0 0 0 0 0 0 0 0 0 0 0 0 0 0 0 0 0 0 0 0 0 0 0 0 0 0 0 0 0 0 0 0 0 0 0 0 0 0 0 0 0 0 0 0 0 0 0 0 0 0 0 0 0 0 0 0 0 0 0 0 0 0 0 0 0 0 0 0 0 0 0 0 0 0 0 0 0 0 0 0 0 0 0 0 0 0 0 0 0 0 0 0 0 0 0 0 0 0 0 0 0 0 0 0 0 0 0 0 0 0 0 0 0 0 0 0 0 0 0 0 0 0 0 0 0 0 0 0 0 0 0 0 0 0 0 0 0 0 0 0 0 
Picked Items (item,city) = (3 , 4) (7 , 8) (8 , 9) (10 , 11) (12 , 13) (15 , 16) (17 , 18) (18 , 19) (21 , 22) (23 , 24) (25 , 26) (27 , 28) (29 , 30) (30 , 31) (33 , 34) (36 , 37) (41 , 42) (42 , 43) (45 , 46) (48 , 49) (51 , 52) (53 , 3) (54 , 4) (59 , 9) (63 , 13) (65 , 15) (71 , 21) (72 , 22) (73 , 23) (74 , 24) (75 , 25) (77 , 27) (83 , 33) (87 , 37) (88 , 38) (152 , 51) (153 , 52) (156 , 4) (158 , 6) (160 , 8) (161 , 9) (164 , 12) (166 , 14) (168 , 16) (171 , 19) (172 , 20) (173 , 21) (174 , 22) (176 , 24) (180 , 28) (181 , 29) (182 , 30) (186 , 34) (192 , 40) (194 , 42) (195 , 43) (198 , 46) (199 , 47) (205 , 2) (206 , 3) (208 , 5) (209 , 6) (210 , 7) (218 , 15) (219 , 16) (221 , 18) (224 , 21) (227 , 24) (232 , 29) (241 , 38) (245 , 42) (246 , 43) (249 , 46) (250 , 47) (252 , 49) 

Travel Time: 8991.6814990260954801; Profit: 66534; TSP Distance : 7544.3659000000016022; Weight: 30506 / 68614; 0000000
TSP Tour = 1 49 32 45 19 41 8 9 10 43 33 51 11 52 14 13 47 26 27 28 12 25 4 6 15 5 24 48 38 37 40 39 36 35 34 44 46 16 29 50 20 23 30 2 7 42 21 17 3 18 31 22 1
Knapsack Array = 1 0 1 0 0 0 1 1 0 1 1 1 0 0 1 0 1 1 0 0 1 0 1 1 1 0 1 0 0 1 0 0 1 0 0 0 0 0 0 0 0 0 0 0 1 0 0 1 0 0 1 0 1 1 0 0 0 0 1 0 0 0 1 0 1 0 0 0 0 0 1 1 1 1 1 0 1 0 0 0 0 0 1 0 0 0 1 1 0 0 0 0 0 0 0 0 1 0 0 1 0 1 1 0 0 1 0 1 0 1 0 0 0 0 0 0 0 0 0 0 0 0 0 0 0 0 0 0 0 0 0 0 0 0 0 0 0 0 0 0 0 0 0 0 0 0 0 0 0 0 0 0 0 0 0 0 0 0 0 0 0 0 0 1 0 1 0 1 0 0 1 1 1 1 0 1 0 0 0 1 1 1 0 0 0 1 0 0 0 0 0 1 1 1 1 0 0 1 1 0 0 0 0 0 1 1 0 1 1 1 0 0 0 0 0 0 0 1 1 1 1 0 0 0 0 0 0 0 0 0 0 0 0 0 0 0 0 0 0 0 0 0 0 0 0 0 0 0 0 0 0 0 0 0 0 0 0 0 0 0 1 1 0 0 0 0 0 0 0 0 1 0 1 1 1 1 1 0 1 1 0 0 0 1 1 0 0 1 0 1 1 0 1 0 1 1 1 0 0 1 0 1 0 0 0 0 0 0 0 0 0 0 0 0 0 0 0 0 0 0 0 0 0 0 0 0 0 0 0 0 0 0 0 0 0 0 0 0 0 0 0 0 0 0 0 0 0 0 0 0 0 0 0 0 0 0 0 0 0 0 0 0 0 0 0 0 1 1 0 1 1 0 1 1 0 1 1 1 0 1 1 1 1 0 0 1 1 0 0 0 0 0 0 0 0 0 0 0 0 0 0 0 0 0 0 0 0 0 0 0 0 0 0 0 0 0 0 0 0 0 0 0 0 0 0 0 0 0 0 0 0 0 0 0 0 0 0 0 0 0 0 0 0 0 0 0 0 0 0 0 0 0 0 0 0 0 0 0 0 0 0 0 0 0 0 0 0 0 0 0 0 0 0 0 0 0 0 0 0 0 0 0 0 0 0 0 0 0 0 0 0 0 0 0 0 0 0 0 0 0 0 0 0 0 0 0 0 0 0 0 
Picked Items (item,city) = (1 , 2) (3 , 4) (7 , 8) (8 , 9) (10 , 11) (11 , 12) (12 , 13) (15 , 16) (17 , 18) (18 , 19) (21 , 22) (23 , 24) (24 , 25) (25 , 26) (27 , 28) (30 , 31) (33 , 34) (45 , 46) (48 , 49) (51 , 52) (53 , 3) (54 , 4) (59 , 9) (63 , 13) (65 , 15) (71 , 21) (72 , 22) (73 , 23) (74 , 24) (75 , 25) (77 , 27) (83 , 33) (87 , 37) (88 , 38) (97 , 47) (100 , 50) (102 , 52) (103 , 2) (106 , 5) (108 , 7) (110 , 9) (164 , 12) (166 , 14) (168 , 16) (171 , 19) (172 , 20) (173 , 21) (174 , 22) (176 , 24) (180 , 28) (181 , 29) (182 , 30) (186 , 34) (192 , 40) (193 , 41) (194 , 42) (195 , 43) (198 , 46) (199 , 47) (205 , 2) (206 , 3) (208 , 5) (209 , 6) (210 , 7) (218 , 15) (219 , 16) (220 , 17) (221 , 18) (261 , 7) (262 , 8) (271 , 17) (273 , 19) (274 , 20) (275 , 21) (276 , 22) (277 , 23) (279 , 25) (280 , 26) (284 , 30) (285 , 31) (288 , 34) (290 , 36) (291 , 37) (293 , 39) (295 , 41) (296 , 42) (297 , 43) (300 , 46) (302 , 48) (367 , 11) (368 , 12) (370 , 14) (371 , 15) (373 , 17) (374 , 18) (376 , 20) (377 , 21) (378 , 22) (380 , 24) (381 , 25) (382 , 26) (383 , 27) (386 , 30) (387 , 31) 

Travel Time: 8284.0298792678895552; Profit: 39453; TSP Distance : 7544.3659000000016022; Weight: 17365 / 68614; 0000000
TSP Tour = 1 49 32 45 19 41 8 9 10 43 33 51 11 52 14 13 47 26 27 28 12 25 4 6 15 5 24 48 38 37 40 39 36 35 34 44 46 16 29 50 20 23 30 2 7 42 21 17 3 18 31 22 1
Knapsack Array = 1 0 1 0 0 0 1 1 0 0 0 1 0 0 1 1 1 1 0 0 1 0 1 0 0 0 1 0 0 1 0 0 1 0 0 1 0 0 0 0 1 1 0 0 1 0 0 1 0 0 1 0 1 1 0 0 0 0 1 0 0 0 1 0 1 0 0 0 0 0 0 1 1 1 1 0 1 0 0 0 0 0 1 0 0 0 1 1 0 0 0 0 0 0 0 0 1 0 0 1 0 1 1 0 0 1 0 0 0 0 0 0 0 0 0 0 0 0 0 0 0 0 0 0 0 0 0 0 0 0 0 0 0 0 0 0 0 0 0 0 0 0 0 0 0 0 0 0 0 0 0 0 0 0 0 0 0 0 0 0 0 0 0 0 0 0 0 0 0 0 0 0 0 0 0 0 0 0 0 0 0 0 0 0 0 0 0 0 0 0 0 0 0 0 0 0 0 0 0 0 0 0 0 0 0 0 0 0 0 0 0 0 0 0 0 0 0 0 0 0 0 0 0 0 0 0 0 0 0 0 0 0 0 0 0 0 0 0 0 0 0 0 0 0 0 0 0 0 0 0 0 0 0 0 0 0 0 0 0 0 0 0 0 0 0 0 0 0 0 0 0 0 0 0 0 0 0 0 0 0 0 0 0 0 1 0 0 1 0 1 1 0 1 0 1 1 0 0 0 0 0 0 0 0 0 0 0 0 0 0 0 0 0 0 0 0 0 0 0 0 0 0 0 0 0 0 0 0 0 0 0 0 0 0 0 0 0 0 0 0 0 0 0 0 0 0 0 0 0 0 0 0 0 0 0 0 0 0 0 0 0 0 0 0 0 0 1 1 0 1 1 0 1 1 0 1 1 1 0 1 1 1 1 0 0 1 1 0 0 0 0 0 0 0 0 0 0 0 0 0 0 0 0 0 0 0 0 0 0 0 0 0 0 0 0 0 0 0 0 0 0 0 0 0 0 0 0 0 0 0 0 0 0 0 0 0 0 0 0 0 0 0 0 0 0 0 0 0 0 0 0 0 0 0 0 0 0 0 0 0 0 0 0 0 0 0 0 0 0 0 0 0 0 0 0 0 0 0 0 0 0 0 0 0 0 0 0 0 0 0 0 0 0 0 0 0 0 0 0 0 0 0 0 0 0 0 0 0 0 0 
Picked Items (item,city) = (1 , 2) (3 , 4) (7 , 8) (8 , 9) (12 , 13) (15 , 16) (16 , 17) (17 , 18) (18 , 19) (21 , 22) (23 , 24) (27 , 28) (30 , 31) (33 , 34) (36 , 37) (41 , 42) (42 , 43) (45 , 46) (48 , 49) (51 , 52) (53 , 3) (54 , 4) (59 , 9) (63 , 13) (65 , 15) (72 , 22) (73 , 23) (74 , 24) (75 , 25) (77 , 27) (83 , 33) (87 , 37) (88 , 38) (97 , 47) (100 , 50) (102 , 52) (103 , 2) (106 , 5) (285 , 31) (288 , 34) (290 , 36) (291 , 37) (293 , 39) (295 , 41) (296 , 42) (367 , 11) (368 , 12) (370 , 14) (371 , 15) (373 , 17) (374 , 18) (376 , 20) (377 , 21) (378 , 22) (380 , 24) (381 , 25) (382 , 26) (383 , 27) (386 , 30) (387 , 31) 

Travel Time: 9984.0184357782236475; Profit: 98485; TSP Distance : 7544.3659000000016022; Weight: 43957 / 68614; 0000000
TSP Tour = 1 49 32 45 19 41 8 9 10 43 33 51 11 52 14 13 47 26 27 28 12 25 4 6 15 5 24 48 38 37 40 39 36 35 34 44 46 16 29 50 20 23 30 2 7 42 21 17 3 18 31 22 1
Knapsack Array = 1 0 1 0 0 0 1 1 0 0 0 1 0 0 1 1 1 1 0 1 1 0 1 1 0 0 1 0 1 1 0 0 1 0 0 1 0 0 0 0 1 1 0 0 1 0 0 1 0 0 1 0 1 1 0 0 0 0 1 0 0 0 1 0 1 0 0 0 0 0 1 1 1 1 1 0 1 0 0 1 0 0 1 0 0 1 1 1 0 0 0 0 0 0 0 0 1 0 0 1 0 1 0 1 0 1 0 1 0 1 0 0 1 1 0 0 1 0 0 0 0 1 0 0 1 1 0 0 1 0 0 1 0 0 1 1 1 1 0 1 1 0 0 0 1 0 0 0 0 0 0 1 1 0 0 1 0 1 0 1 1 0 0 1 0 1 0 1 0 0 1 1 1 1 0 1 0 0 0 1 1 1 0 0 0 1 0 0 0 0 0 1 0 1 0 1 0 1 1 0 0 0 0 0 1 1 0 1 1 1 0 0 0 0 0 0 0 1 1 0 1 0 0 1 1 0 1 0 0 0 0 1 1 0 0 0 0 0 0 0 1 0 0 0 0 1 0 0 0 1 0 1 0 0 1 0 1 0 0 0 1 1 0 0 0 0 0 0 0 0 1 0 1 0 1 1 1 0 1 1 0 0 0 1 1 0 0 1 0 1 1 0 1 0 1 1 1 0 0 1 0 1 0 0 1 1 1 1 1 0 1 0 0 0 1 1 0 1 0 0 0 1 0 0 0 0 1 0 0 1 0 0 0 1 1 0 0 1 0 0 0 1 0 1 0 0 0 0 0 0 0 0 0 0 0 0 0 0 0 0 0 0 0 0 0 0 0 0 0 0 0 0 0 0 0 0 0 0 0 0 0 0 0 0 0 0 0 0 0 0 0 0 0 0 0 0 0 0 0 0 0 0 0 0 0 0 0 0 0 0 0 0 0 0 0 0 0 0 0 0 0 0 0 0 0 0 0 0 0 0 0 0 0 0 0 0 0 0 0 0 0 0 0 0 0 0 0 0 0 0 0 0 0 0 0 0 0 0 0 0 0 0 0 0 0 0 0 0 0 0 0 0 0 0 0 0 0 1 1 1 0 0 0 0 0 1 0 1 1 0 1 1 0 1 1 0 1 1 0 1 0 0 0 0 0 0 0 0 0 0 
Picked Items (item,city) = (1 , 2) (3 , 4) (7 , 8) (8 , 9) (12 , 13) (15 , 16) (16 , 17) (17 , 18) (18 , 19) (20 , 21) (21 , 22) (23 , 24) (24 , 25) (27 , 28) (29 , 30) (30 , 31) (33 , 34) (36 , 37) (41 , 42) (42 , 43) (45 , 46) (48 , 49) (51 , 52) (53 , 3) (54 , 4) (59 , 9) (63 , 13) (65 , 15) (71 , 21) (72 , 22) (73 , 23) (74 , 24) (75 , 25) (77 , 27) (80 , 30) (83 , 33) (86 , 36) (87 , 37) (88 , 38) (97 , 47) (100 , 50) (102 , 52) (104 , 3) (106 , 5) (108 , 7) (110 , 9) (113 , 12) (114 , 13) (117 , 16) (122 , 21) (125 , 24) (126 , 25) (129 , 28) (132 , 31) (135 , 34) (136 , 35) (137 , 36) (138 , 37) (140 , 39) (141 , 40) (145 , 44) (152 , 51) (153 , 52) (156 , 4) (158 , 6) (160 , 8) (161 , 9) (164 , 12) (166 , 14) (168 , 16) (171 , 19) (172 , 20) (173 , 21) (174 , 22) (176 , 24) (180 , 28) (181 , 29) (182 , 30) (186 , 34) (192 , 40) (194 , 42) (196 , 44) (198 , 46) (199 , 47) (205 , 2) (206 , 3) (208 , 5) (209 , 6) (210 , 7) (218 , 15) (219 , 16) (221 , 18) (224 , 21) (225 , 22) (227 , 24) (232 , 29) (233 , 30) (241 , 38) (246 , 43) (250 , 47) (252 , 49) (255 , 52) (257 , 3) (261 , 7) (262 , 8) (271 , 17) (273 , 19) (275 , 21) (276 , 22) (277 , 23) (279 , 25) (280 , 26) (284 , 30) (285 , 31) (288 , 34) (290 , 36) (291 , 37) (293 , 39) (295 , 41) (296 , 42) (297 , 43) (300 , 46) (302 , 48) (305 , 51) (306 , 52) (307 , 2) (308 , 3) (309 , 4) (311 , 6) (315 , 10) (316 , 11) (318 , 13) (322 , 17) (327 , 22) (330 , 25) (334 , 29) (335 , 30) (338 , 33) (342 , 37) (344 , 39) (478 , 20) (479 , 21) (480 , 22) (486 , 28) (488 , 30) (489 , 31) (491 , 33) (492 , 34) (494 , 36) (495 , 37) (497 , 39) (498 , 40) (500 , 42) 

Travel Time: 11149.433119357583564; Profit: 114396; TSP Distance : 7544.3659000000016022; Weight: 52815 / 68614; 0000000
TSP Tour = 1 49 32 45 19 41 8 9 10 43 33 51 11 52 14 13 47 26 27 28 12 25 4 6 15 5 24 48 38 37 40 39 36 35 34 44 46 16 29 50 20 23 30 2 7 42 21 17 3 18 31 22 1
Knapsack Array = 1 0 1 0 0 0 1 1 0 0 0 1 0 0 1 1 1 1 0 1 1 0 1 1 0 0 1 0 1 1 0 0 1 0 0 1 0 0 0 0 1 1 0 0 1 0 0 1 0 0 1 0 1 1 0 0 0 0 1 0 0 0 1 0 1 0 0 0 0 0 1 1 1 1 1 0 1 0 0 1 0 0 1 0 0 1 1 1 0 0 0 0 0 0 0 0 1 0 0 1 0 1 0 1 0 1 0 1 0 1 0 0 1 1 0 0 1 0 0 0 0 1 0 0 1 1 0 0 1 0 0 1 0 0 1 1 1 1 0 1 1 0 0 0 1 0 0 0 0 0 0 1 1 0 0 1 0 1 0 1 1 0 0 1 0 1 0 1 0 0 1 1 1 1 0 1 0 0 0 1 1 1 0 0 0 1 0 0 0 0 0 1 0 1 0 1 0 1 1 0 0 0 0 0 1 1 0 1 1 1 0 0 0 0 0 0 0 1 1 0 1 0 0 1 1 0 1 0 0 0 0 1 1 0 0 0 0 0 0 0 1 0 0 0 0 1 0 0 0 1 0 1 0 0 1 0 1 0 0 0 1 1 0 0 0 0 0 0 0 0 1 0 1 0 1 1 1 0 1 1 0 0 0 1 1 0 0 1 0 1 1 0 1 0 1 1 1 0 0 1 0 1 0 0 1 1 1 1 1 0 1 0 0 0 1 1 0 1 0 0 0 1 0 0 0 0 1 0 0 1 0 0 0 1 1 0 0 1 0 0 0 1 0 1 0 0 0 0 0 0 0 0 0 0 0 0 0 0 0 0 0 0 0 0 0 0 0 0 0 0 0 0 0 0 0 0 0 0 0 0 0 0 0 0 0 0 0 0 0 0 0 0 0 0 0 0 0 0 0 0 0 0 0 0 0 1 0 0 1 1 1 1 1 1 0 0 1 0 0 0 1 0 1 0 0 0 1 0 1 0 1 0 1 0 0 0 1 1 0 1 1 1 0 1 0 0 0 0 0 0 0 0 0 0 0 0 0 0 0 0 0 0 0 0 0 0 0 0 0 0 0 0 0 0 0 0 0 0 0 1 0 0 0 0 0 1 0 1 1 1 1 1 0 1 1 0 1 1 0 1 1 0 1 1 0 1 0 0 1 0 
Picked Items (item,city) = (1 , 2) (3 , 4) (7 , 8) (8 , 9) (12 , 13) (15 , 16) (16 , 17) (17 , 18) (18 , 19) (20 , 21) (21 , 22) (23 , 24) (24 , 25) (27 , 28) (29 , 30) (30 , 31) (33 , 34) (36 , 37) (41 , 42) (42 , 43) (45 , 46) (48 , 49) (51 , 52) (53 , 3) (54 , 4) (59 , 9) (63 , 13) (65 , 15) (71 , 21) (72 , 22) (73 , 23) (74 , 24) (75 , 25) (77 , 27) (80 , 30) (83 , 33) (86 , 36) (87 , 37) (88 , 38) (97 , 47) (100 , 50) (102 , 52) (104 , 3) (106 , 5) (108 , 7) (110 , 9) (113 , 12) (114 , 13) (117 , 16) (122 , 21) (125 , 24) (126 , 25) (129 , 28) (132 , 31) (135 , 34) (136 , 35) (137 , 36) (138 , 37) (140 , 39) (141 , 40) (145 , 44) (152 , 51) (153 , 52) (156 , 4) (158 , 6) (160 , 8) (161 , 9) (164 , 12) (166 , 14) (168 , 16) (171 , 19) (172 , 20) (173 , 21) (174 , 22) (176 , 24) (180 , 28) (181 , 29) (182 , 30) (186 , 34) (192 , 40) (194 , 42) (196 , 44) (198 , 46) (199 , 47) (205 , 2) (206 , 3) (208 , 5) (209 , 6) (210 , 7) (218 , 15) (219 , 16) (221 , 18) (224 , 21) (225 , 22) (227 , 24) (232 , 29) (233 , 30) (241 , 38) (246 , 43) (250 , 47) (252 , 49) (255 , 52) (257 , 3) (261 , 7) (262 , 8) (271 , 17) (273 , 19) (275 , 21) (276 , 22) (277 , 23) (279 , 25) (280 , 26) (284 , 30) (285 , 31) (288 , 34) (290 , 36) (291 , 37) (293 , 39) (295 , 41) (296 , 42) (297 , 43) (300 , 46) (302 , 48) (305 , 51) (306 , 52) (307 , 2) (308 , 3) (309 , 4) (311 , 6) (315 , 10) (316 , 11) (318 , 13) (322 , 17) (327 , 22) (330 , 25) (334 , 29) (335 , 30) (338 , 33) (342 , 37) (344 , 39) (406 , 50) (409 , 2) (410 , 3) (411 , 4) (412 , 5) (413 , 6) (414 , 7) (417 , 10) (421 , 14) (423 , 16) (427 , 20) (429 , 22) (431 , 24) (433 , 26) (437 , 30) (438 , 31) (440 , 33) (441 , 34) (442 , 35) (444 , 37) (480 , 22) (486 , 28) (488 , 30) (489 , 31) (490 , 32) (491 , 33) (492 , 34) (494 , 36) (495 , 37) (497 , 39) (498 , 40) (500 , 42) (501 , 43) (503 , 45) (504 , 46) (506 , 48) (509 , 51) 

Travel Time: 13897.653773230404113; Profit: 141184; TSP Distance : 7684.2316000000018903; Weight: 65415 / 68614; 0000000
TSP Tour = 1 45 19 41 8 9 10 43 33 51 11 52 14 13 47 26 27 28 12 25 4 6 15 5 24 48 38 37 40 39 36 35 34 44 46 16 29 50 20 23 30 2 7 42 21 17 3 18 31 22 32 49 1
Knapsack Array = 1 0 1 0 0 0 1 1 0 0 0 1 0 0 1 1 1 1 0 0 1 0 1 0 0 0 1 0 1 1 0 0 1 0 0 1 0 0 0 0 1 1 0 0 1 0 0 1 0 0 1 0 1 1 0 0 0 0 1 0 0 0 1 0 1 0 0 0 0 0 1 0 1 1 1 0 1 0 0 1 0 0 1 0 0 0 1 1 0 0 0 0 0 0 0 0 1 0 0 1 0 1 1 1 0 1 0 1 0 1 0 0 1 1 0 1 1 1 0 1 0 1 0 1 1 1 0 0 1 0 0 1 0 0 1 1 1 1 0 0 0 0 0 0 0 0 0 0 0 0 0 1 1 0 0 1 0 1 0 1 1 0 0 1 0 1 1 1 0 0 1 1 1 1 0 1 0 0 0 1 1 1 0 0 1 1 0 0 0 0 0 1 0 1 1 0 0 1 1 0 0 0 0 0 1 1 0 1 1 1 0 0 0 0 0 0 0 1 1 1 1 0 0 1 1 0 0 0 0 0 0 0 0 0 0 0 0 0 0 0 0 0 0 0 0 0 0 0 0 0 0 1 0 0 1 0 1 0 0 1 1 1 0 0 0 0 0 0 0 0 1 0 1 0 1 1 1 0 1 1 0 1 0 1 1 0 0 1 0 1 0 0 1 0 1 1 1 0 0 1 0 1 0 0 1 1 1 1 0 0 1 0 0 0 1 1 0 1 0 0 0 1 0 0 0 0 1 0 0 1 0 0 0 1 1 0 0 1 0 0 0 1 1 1 1 0 0 0 0 1 0 0 1 0 0 0 1 1 0 1 0 1 0 0 1 0 1 1 0 1 1 0 1 1 1 1 1 1 0 1 1 1 1 0 0 1 1 1 1 0 0 0 0 0 1 1 1 0 1 1 0 0 1 0 0 1 0 0 1 1 1 1 1 1 0 0 1 0 0 0 1 0 1 0 0 0 1 0 1 0 1 0 1 0 0 0 1 1 0 1 1 1 0 1 0 0 0 0 1 1 0 1 0 0 0 1 1 1 1 0 1 1 1 1 0 1 0 0 1 0 0 1 0 1 1 0 0 1 1 1 0 0 0 0 0 1 0 1 1 1 1 1 0 1 1 0 1 1 0 1 1 0 1 1 0 0 0 0 0 0 
Picked Items (item,city) = (1 , 2) (3 , 4) (7 , 8) (8 , 9) (12 , 13) (15 , 16) (16 , 17) (17 , 18) (18 , 19) (21 , 22) (23 , 24) (27 , 28) (29 , 30) (30 , 31) (33 , 34) (36 , 37) (41 , 42) (42 , 43) (45 , 46) (48 , 49) (51 , 52) (53 , 3) (54 , 4) (59 , 9) (63 , 13) (65 , 15) (71 , 21) (73 , 23) (74 , 24) (75 , 25) (77 , 27) (80 , 30) (83 , 33) (87 , 37) (88 , 38) (97 , 47) (100 , 50) (102 , 52) (103 , 2) (104 , 3) (106 , 5) (108 , 7) (110 , 9) (113 , 12) (114 , 13) (116 , 15) (117 , 16) (118 , 17) (120 , 19) (122 , 21) (124 , 23) (125 , 24) (126 , 25) (129 , 28) (132 , 31) (135 , 34) (136 , 35) (137 , 36) (138 , 37) (152 , 51) (153 , 52) (156 , 4) (158 , 6) (160 , 8) (161 , 9) (164 , 12) (166 , 14) (167 , 15) (168 , 16) (171 , 19) (172 , 20) (173 , 21) (174 , 22) (176 , 24) (180 , 28) (181 , 29) (182 , 30) (185 , 33) (186 , 34) (192 , 40) (194 , 42) (195 , 43) (198 , 46) (199 , 47) (205 , 2) (206 , 3) (208 , 5) (209 , 6) (210 , 7) (218 , 15) (219 , 16) (220 , 17) (221 , 18) (224 , 21) (225 , 22) (252 , 49) (255 , 52) (257 , 3) (260 , 6) (261 , 7) (262 , 8) (271 , 17) (273 , 19) (275 , 21) (276 , 22) (277 , 23) (279 , 25) (280 , 26) (282 , 28) (284 , 30) (285 , 31) (288 , 34) (290 , 36) (293 , 39) (295 , 41) (296 , 42) (297 , 43) (300 , 46) (302 , 48) (305 , 51) (306 , 52) (307 , 2) (308 , 3) (311 , 6) (315 , 10) (316 , 11) (318 , 13) (322 , 17) (327 , 22) (330 , 25) (334 , 29) (335 , 30) (338 , 33) (342 , 37) (343 , 38) (344 , 39) (345 , 40) (350 , 45) (353 , 48) (357 , 52) (358 , 2) (360 , 4) (362 , 6) (365 , 9) (367 , 11) (368 , 12) (370 , 14) (371 , 15) (373 , 17) (374 , 18) (375 , 19) (376 , 20) (377 , 21) (378 , 22) (380 , 24) (381 , 25) (382 , 26) (383 , 27) (386 , 30) (387 , 31) (388 , 32) (389 , 33) (395 , 39) (396 , 40) (397 , 41) (399 , 43) (400 , 44) (403 , 47) (406 , 50) (409 , 2) (410 , 3) (411 , 4) (412 , 5) (413 , 6) (414 , 7) (417 , 10) (421 , 14) (423 , 16) (427 , 20) (429 , 22) (431 , 24) (433 , 26) (437 , 30) (438 , 31) (440 , 33) (441 , 34) (442 , 35) (444 , 37) (449 , 42) (450 , 43) (452 , 45) (456 , 49) (457 , 50) (458 , 51) (459 , 52) (461 , 3) (462 , 4) (463 , 5) (464 , 6) (466 , 8) (469 , 11) (472 , 14) (474 , 16) (475 , 17) (478 , 20) (479 , 21) (480 , 22) (486 , 28) (488 , 30) (489 , 31) (490 , 32) (491 , 33) (492 , 34) (494 , 36) (495 , 37) (497 , 39) (498 , 40) (500 , 42) (501 , 43) (503 , 45) (504 , 46) 

Travel Time: 9676.3231314575314173; Profit: 80482; TSP Distance : 7544.3659000000016022; Weight: 36674 / 68614; 0000000
TSP Tour = 1 49 32 45 19 41 8 9 10 43 33 51 11 52 14 13 47 26 27 28 12 25 4 6 15 5 24 48 38 37 40 39 36 35 34 44 46 16 29 50 20 23 30 2 7 42 21 17 3 18 31 22 1
Knapsack Array = 0 0 0 0 0 0 0 0 0 0 0 0 0 0 0 0 0 0 0 0 0 0 0 0 0 0 0 0 0 0 0 0 0 0 0 0 0 0 0 0 0 0 0 0 0 0 0 0 0 0 0 0 0 0 0 0 0 0 0 0 0 0 0 0 0 0 0 0 0 0 1 1 1 1 1 0 1 0 0 0 0 0 1 0 0 0 1 1 0 0 0 0 0 0 0 0 0 0 0 0 0 0 0 0 0 0 0 0 0 0 0 0 0 0 0 0 0 0 0 0 0 0 0 0 0 0 0 0 1 0 0 1 0 0 1 1 0 1 0 1 0 0 0 0 1 0 0 0 0 0 0 1 1 0 0 1 0 0 0 1 1 0 1 1 0 1 0 1 0 0 1 1 1 1 0 1 0 0 0 1 1 1 0 0 1 1 1 0 0 0 0 1 0 0 1 0 0 1 1 0 0 0 0 0 1 1 0 1 1 1 0 0 0 1 0 0 0 1 1 0 0 0 0 1 0 0 1 0 0 0 0 1 0 0 0 0 0 0 0 0 1 0 0 0 0 1 0 0 0 1 0 1 0 0 1 0 1 0 1 0 1 1 0 0 0 0 0 0 0 0 1 0 1 1 1 1 1 0 1 1 0 0 0 1 1 0 0 1 0 1 1 0 1 0 1 1 1 0 0 1 0 1 0 0 1 1 1 0 1 0 1 0 0 0 1 1 0 1 0 0 0 1 0 0 0 0 1 0 1 1 0 0 0 1 1 0 0 1 0 0 0 1 1 1 1 0 0 0 0 1 0 0 1 0 0 0 1 1 0 1 0 1 0 0 1 0 1 1 0 1 1 0 1 1 1 1 1 1 0 1 1 1 1 0 0 1 1 1 1 0 0 0 0 0 0 0 0 0 0 0 0 0 0 0 0 0 0 0 0 0 0 0 0 0 0 0 0 0 0 0 0 0 0 0 0 0 0 0 0 0 0 0 0 0 0 0 0 0 0 0 0 0 0 0 0 0 0 0 0 0 0 0 0 0 0 0 0 0 0 0 0 0 0 0 0 0 0 0 0 0 0 0 0 0 0 0 0 0 0 0 0 0 0 0 0 0 0 0 0 0 0 0 0 0 0 0 0 0 0 0 0 0 0 0 0 0 0 0 0 0 
Picked Items (item,city) = (71 , 21) (72 , 22) (73 , 23) (74 , 24) (75 , 25) (77 , 27) (83 , 33) (87 , 37) (88 , 38) (129 , 28) (132 , 31) (135 , 34) (136 , 35) (138 , 37) (140 , 39) (145 , 44) (152 , 51) (153 , 52) (156 , 4) (160 , 8) (161 , 9) (163 , 11) (164 , 12) (166 , 14) (168 , 16) (171 , 19) (172 , 20) (173 , 21) (174 , 22) (176 , 24) (180 , 28) (181 , 29) (182 , 30) (185 , 33) (186 , 34) (187 , 35) (192 , 40) (195 , 43) (198 , 46) (199 , 47) (205 , 2) (206 , 3) (208 , 5) (209 , 6) (210 , 7) (214 , 11) (218 , 15) (219 , 16) (224 , 21) (227 , 24) (232 , 29) (241 , 38) (246 , 43) (250 , 47) (252 , 49) (255 , 52) (257 , 3) (259 , 5) (261 , 7) (262 , 8) (271 , 17) (273 , 19) (274 , 20) (275 , 21) (276 , 22) (277 , 23) (279 , 25) (280 , 26) (284 , 30) (285 , 31) (288 , 34) (290 , 36) (291 , 37) (293 , 39) (295 , 41) (296 , 42) (297 , 43) (300 , 46) (302 , 48) (305 , 51) (306 , 52) (307 , 2) (309 , 4) (311 , 6) (315 , 10) (316 , 11) (318 , 13) (322 , 17) (327 , 22) (329 , 24) (330 , 25) (334 , 29) (335 , 30) (338 , 33) (342 , 37) (343 , 38) (344 , 39) (345 , 40) (350 , 45) (353 , 48) (357 , 52) (358 , 2) (360 , 4) (362 , 6) (365 , 9) (367 , 11) (368 , 12) (370 , 14) (371 , 15) (373 , 17) (374 , 18) (375 , 19) (376 , 20) (377 , 21) (378 , 22) (380 , 24) (381 , 25) (382 , 26) (383 , 27) (386 , 30) (387 , 31) (388 , 32) (389 , 33) 

Travel Time: 9682.6469049825282127; Profit: 80881; TSP Distance : 7544.3659000000016022; Weight: 36739 / 68614; 0000000
TSP Tour = 1 49 32 45 19 41 8 9 10 43 33 51 11 52 14 13 47 26 27 28 12 25 4 6 15 5 24 48 38 37 40 39 36 35 34 44 46 16 29 50 20 23 30 2 7 42 21 17 3 18 31 22 1
Knapsack Array = 0 0 0 0 0 0 0 0 0 0 0 0 0 0 0 0 0 0 0 0 0 0 0 0 0 0 0 0 0 0 0 0 0 0 0 0 0 0 0 0 0 0 0 0 0 0 0 0 0 0 0 0 0 0 0 0 0 0 0 0 0 0 0 0 0 0 0 0 0 0 1 1 1 1 1 0 1 0 0 0 0 0 1 0 0 0 1 1 0 0 0 0 0 0 0 0 0 0 0 0 0 0 0 0 0 0 0 0 0 0 0 0 0 0 0 0 0 0 0 0 0 0 0 0 0 0 0 0 1 0 0 1 0 0 1 1 0 1 0 1 0 0 0 0 1 0 0 0 0 0 0 1 1 0 0 1 0 0 0 1 1 0 1 1 0 1 0 1 0 0 1 1 1 1 0 1 0 0 0 1 1 1 0 0 1 1 1 0 0 0 0 1 0 0 1 0 0 1 1 0 0 0 0 0 1 1 0 1 1 1 0 0 0 1 0 0 0 1 1 0 0 0 0 1 0 0 1 0 0 0 0 1 0 0 0 0 0 0 0 0 1 0 0 0 0 1 0 0 0 1 0 1 0 0 1 0 1 0 1 0 1 1 0 0 0 0 0 0 0 0 1 0 1 1 1 1 1 0 1 1 0 0 0 1 1 0 0 1 0 1 1 0 1 0 1 1 1 0 0 1 0 1 0 0 1 1 1 0 1 0 1 0 0 0 1 1 0 1 0 0 0 1 0 0 0 0 1 0 1 1 0 0 0 1 1 0 0 1 0 0 0 1 1 1 1 0 0 0 0 1 0 0 1 0 0 0 1 1 0 1 0 1 0 0 1 0 1 1 0 1 1 0 1 1 1 1 1 1 0 1 1 1 1 0 0 1 1 1 1 0 0 0 0 0 0 0 0 0 0 0 0 0 0 0 0 0 0 0 0 0 0 0 0 0 0 0 0 0 0 0 0 0 0 0 0 0 0 0 0 0 0 0 0 0 0 0 0 0 0 0 0 0 0 1 0 0 0 0 0 0 0 0 0 0 0 0 0 0 0 0 0 0 0 0 0 0 0 0 0 0 0 0 0 0 0 0 0 0 0 0 0 0 0 0 0 0 0 0 0 0 0 0 0 0 0 0 0 0 0 0 0 0 0 0 0 0 0 0 0 0 
Picked Items (item,city) = (71 , 21) (72 , 22) (73 , 23) (74 , 24) (75 , 25) (77 , 27) (83 , 33) (87 , 37) (88 , 38) (129 , 28) (132 , 31) (135 , 34) (136 , 35) (138 , 37) (140 , 39) (145 , 44) (152 , 51) (153 , 52) (156 , 4) (160 , 8) (161 , 9) (163 , 11) (164 , 12) (166 , 14) (168 , 16) (171 , 19) (172 , 20) (173 , 21) (174 , 22) (176 , 24) (180 , 28) (181 , 29) (182 , 30) (185 , 33) (186 , 34) (187 , 35) (192 , 40) (195 , 43) (198 , 46) (199 , 47) (205 , 2) (206 , 3) (208 , 5) (209 , 6) (210 , 7) (214 , 11) (218 , 15) (219 , 16) (224 , 21) (227 , 24) (232 , 29) (241 , 38) (246 , 43) (250 , 47) (252 , 49) (255 , 52) (257 , 3) (259 , 5) (261 , 7) (262 , 8) (271 , 17) (273 , 19) (274 , 20) (275 , 21) (276 , 22) (277 , 23) (279 , 25) (280 , 26) (284 , 30) (285 , 31) (288 , 34) (290 , 36) (291 , 37) (293 , 39) (295 , 41) (296 , 42) (297 , 43) (300 , 46) (302 , 48) (305 , 51) (306 , 52) (307 , 2) (309 , 4) (311 , 6) (315 , 10) (316 , 11) (318 , 13) (322 , 17) (327 , 22) (329 , 24) (330 , 25) (334 , 29) (335 , 30) (338 , 33) (342 , 37) (343 , 38) (344 , 39) (345 , 40) (350 , 45) (353 , 48) (357 , 52) (358 , 2) (360 , 4) (362 , 6) (365 , 9) (367 , 11) (368 , 12) (370 , 14) (371 , 15) (373 , 17) (374 , 18) (375 , 19) (376 , 20) (377 , 21) (378 , 22) (380 , 24) (381 , 25) (382 , 26) (383 , 27) (386 , 30) (387 , 31) (388 , 32) (389 , 33) (444 , 37) 

Travel Time: 7708.9786969723018046; Profit: 11318; TSP Distance : 7544.3659000000016022; Weight: 4174 / 68614; 0000000
TSP Tour = 1 49 32 45 19 41 8 9 10 43 33 51 11 52 14 13 47 26 27 28 12 25 4 6 15 5 24 48 38 37 40 39 36 35 34 44 46 16 29 50 20 23 30 2 7 42 21 17 3 18 31 22 1
Knapsack Array = 1 0 1 0 0 0 1 1 0 0 0 1 0 0 1 1 1 1 0 0 1 0 1 0 0 0 1 0 1 1 0 0 1 0 0 1 0 0 0 0 1 1 0 0 0 0 0 0 0 0 0 0 0 0 0 0 0 0 0 0 0 0 0 0 0 0 0 0 0 0 0 0 0 0 0 0 0 0 0 0 0 0 0 0 0 0 0 0 0 0 0 0 0 0 0 0 0 0 0 0 0 0 0 0 0 0 0 0 0 0 0 0 0 0 0 0 0 0 0 0 0 0 0 0 0 0 0 0 0 0 0 0 0 0 0 0 0 0 0 0 0 0 0 0 0 0 0 0 0 0 0 0 0 0 0 0 0 0 0 0 0 0 0 0 0 0 0 0 0 0 0 0 0 0 0 0 0 0 0 0 0 0 0 0 0 0 0 0 0 0 0 0 0 0 0 0 0 0 0 0 0 0 0 0 0 0 0 0 0 0 0 0 0 0 0 0 0 0 0 0 0 0 0 0 0 0 0 0 0 0 0 0 0 0 0 0 0 0 0 0 0 0 0 0 0 0 0 0 0 0 0 0 0 0 0 0 0 0 0 0 0 0 0 0 0 0 0 0 0 0 0 0 0 0 0 0 0 0 0 0 0 0 0 0 0 0 0 0 0 0 0 0 0 0 0 0 0 0 0 0 0 0 0 0 0 0 0 0 0 0 0 0 0 0 0 0 0 0 0 0 0 0 0 0 0 0 0 0 0 0 0 0 0 0 0 0 0 0 0 0 0 0 0 0 0 0 0 0 0 0 0 0 0 0 0 0 0 0 0 0 0 0 0 0 0 0 0 0 0 0 0 0 0 0 0 0 0 0 0 0 0 0 0 0 0 0 0 0 0 0 0 0 0 0 0 0 0 0 0 0 0 0 0 0 0 0 0 0 0 0 0 0 0 0 0 0 0 0 0 0 0 0 0 0 0 0 0 0 0 0 0 0 0 0 0 0 0 0 0 0 0 0 0 0 0 0 0 0 0 0 0 0 0 0 0 0 0 0 0 0 0 0 0 0 0 0 0 0 0 0 0 0 0 0 0 0 0 0 0 0 0 0 0 0 0 0 0 0 0 0 0 0 0 0 0 0 0 0 0 0 0 0 0 0 0 0 0 0 0 0 
Picked Items (item,city) = (1 , 2) (3 , 4) (7 , 8) (8 , 9) (12 , 13) (15 , 16) (16 , 17) (17 , 18) (18 , 19) (21 , 22) (23 , 24) (27 , 28) (29 , 30) (30 , 31) (33 , 34) (36 , 37) (41 , 42) (42 , 43) 

Travel Time: 7800.448606420993201; Profit: 16292; TSP Distance : 7544.3659000000016022; Weight: 7116 / 68614; 0000000
TSP Tour = 1 49 32 45 19 41 8 9 10 43 33 51 11 52 14 13 47 26 27 28 12 25 4 6 15 5 24 48 38 37 40 39 36 35 34 44 46 16 29 50 20 23 30 2 7 42 21 17 3 18 31 22 1
Knapsack Array = 0 0 0 0 0 0 0 0 0 0 0 0 0 0 0 0 0 0 0 0 0 0 0 0 0 0 0 0 0 0 0 0 0 0 0 0 0 0 0 0 0 0 0 0 0 0 0 0 0 0 0 0 0 0 0 0 0 0 0 0 0 0 0 0 0 0 0 0 0 0 0 0 0 0 0 0 0 0 0 0 0 0 0 0 0 0 0 0 0 0 0 0 0 0 0 0 0 0 0 0 0 0 0 0 0 0 0 0 0 0 0 0 0 0 0 0 0 0 0 0 0 0 0 0 0 0 0 0 1 0 0 1 0 0 0 0 0 0 0 0 0 0 0 0 0 0 0 0 0 0 0 0 0 0 0 0 0 0 0 0 0 0 0 0 0 0 0 0 0 0 0 0 0 0 0 0 0 0 0 0 0 0 0 0 0 0 0 0 0 0 0 0 0 0 1 0 0 1 1 0 0 0 0 0 1 1 0 1 1 1 0 0 0 0 0 0 0 1 1 0 0 0 0 1 0 0 1 0 0 0 0 0 0 0 0 0 0 0 0 0 0 0 0 0 0 0 0 0 0 0 0 0 0 0 0 0 0 0 0 0 0 0 0 0 0 0 0 0 0 0 0 0 0 0 0 0 0 0 0 0 0 0 0 0 0 0 0 0 0 0 0 0 0 0 0 0 0 0 0 0 0 0 0 0 0 0 0 0 0 0 0 0 0 0 0 0 0 0 0 0 0 0 0 0 0 0 0 0 0 0 0 0 0 0 0 0 0 0 0 0 0 0 0 0 0 0 0 0 0 0 0 0 0 0 0 0 0 0 0 0 0 0 0 0 0 0 0 0 0 0 0 0 0 0 0 0 0 0 0 0 0 0 0 0 0 0 0 0 0 0 0 0 0 0 0 0 0 0 0 0 0 0 0 0 0 0 0 0 0 0 0 0 0 0 0 0 0 0 0 0 0 0 1 0 0 0 1 0 1 0 1 0 1 0 0 0 1 1 0 1 1 1 0 1 0 0 0 0 1 1 0 1 0 0 0 0 0 0 0 0 0 0 0 0 0 0 0 0 0 0 0 0 0 0 0 0 0 0 0 0 0 0 0 0 0 0 0 0 0 0 0 0 0 0 0 0 0 0 0 0 0 0 0 0 0 0 0 0 0 0 
Picked Items (item,city) = (129 , 28) (132 , 31) (195 , 43) (198 , 46) (199 , 47) (205 , 2) (206 , 3) (208 , 5) (209 , 6) (210 , 7) (218 , 15) (219 , 16) (224 , 21) (227 , 24) (423 , 16) (427 , 20) (429 , 22) (431 , 24) (433 , 26) (437 , 30) (438 , 31) (440 , 33) (441 , 34) (442 , 35) (444 , 37) (449 , 42) (450 , 43) (452 , 45) 

Travel Time: 8063.6341848332140216; Profit: 31175; TSP Distance : 7544.3659000000016022; Weight: 13941 / 68614; 0000000
TSP Tour = 1 49 32 45 19 41 8 9 10 43 33 51 11 52 14 13 47 26 27 28 12 25 4 6 15 5 24 48 38 37 40 39 36 35 34 44 46 16 29 50 20 23 30 2 7 42 21 17 3 18 31 22 1
Knapsack Array = 0 0 0 0 0 0 0 0 0 0 0 0 0 0 0 0 0 0 0 0 0 0 0 0 0 0 0 0 0 0 0 0 0 0 0 0 0 0 0 0 0 0 0 0 0 0 0 0 0 0 0 0 0 0 0 0 0 0 0 0 0 0 0 0 0 0 0 0 0 0 0 0 0 0 0 0 0 0 0 0 0 0 0 0 0 0 0 0 0 0 0 0 0 0 0 0 0 0 0 0 0 0 0 0 0 0 0 0 0 0 0 0 0 0 0 0 0 0 0 0 0 0 0 0 0 0 0 0 1 0 0 1 0 0 0 0 0 0 0 0 0 0 0 0 0 0 0 0 0 0 0 0 0 0 0 0 0 0 0 0 0 0 0 0 0 0 0 0 0 0 0 0 0 0 0 0 0 0 0 0 0 0 0 0 0 0 0 0 0 0 0 0 0 0 1 0 0 1 1 0 0 0 0 0 1 1 0 1 1 1 0 0 0 0 0 0 0 1 1 0 0 0 0 1 0 0 1 0 0 0 0 0 0 0 0 0 0 0 0 0 0 0 0 0 0 0 0 0 0 0 0 0 0 0 0 0 0 0 0 0 0 0 0 0 0 0 0 0 0 0 0 0 0 0 0 0 0 0 0 0 0 0 0 0 0 0 0 0 0 0 0 0 0 0 0 0 0 0 0 0 0 0 0 0 0 0 0 0 0 0 0 0 0 0 0 0 0 0 0 0 0 0 0 0 0 0 0 0 0 0 0 0 0 0 0 0 0 0 0 0 0 0 0 0 0 0 0 0 0 0 0 0 0 0 0 0 0 0 0 0 0 0 0 0 0 0 0 0 0 0 0 0 0 0 0 0 0 0 0 0 0 0 0 0 0 0 0 0 0 0 0 0 0 0 0 0 0 0 0 0 0 0 0 0 0 0 0 0 0 0 0 0 0 0 0 0 0 0 0 0 0 0 1 0 0 0 1 0 1 0 1 0 1 0 0 0 1 1 0 1 1 1 0 1 0 0 0 0 1 1 0 1 0 0 0 0 0 0 0 0 0 0 0 0 0 0 0 0 1 0 0 1 0 1 1 1 0 1 1 1 0 0 0 0 0 1 0 1 1 0 1 1 0 1 1 0 1 1 0 1 1 0 1 1 0 1 0 0 1 0 
Picked Items (item,city) = (129 , 28) (132 , 31) (195 , 43) (198 , 46) (199 , 47) (205 , 2) (206 , 3) (208 , 5) (209 , 6) (210 , 7) (218 , 15) (219 , 16) (224 , 21) (227 , 24) (423 , 16) (427 , 20) (429 , 22) (431 , 24) (433 , 26) (437 , 30) (438 , 31) (440 , 33) (441 , 34) (442 , 35) (444 , 37) (449 , 42) (450 , 43) (452 , 45) (469 , 11) (472 , 14) (474 , 16) (475 , 17) (476 , 18) (478 , 20) (479 , 21) (480 , 22) (486 , 28) (488 , 30) (489 , 31) (491 , 33) (492 , 34) (494 , 36) (495 , 37) (497 , 39) (498 , 40) (500 , 42) (501 , 43) (503 , 45) (504 , 46) (506 , 48) (509 , 51) 

Travel Time: 8083.5190521032072866; Profit: 33449; TSP Distance : 7544.3659000000016022; Weight: 13500 / 68614; 0000000
TSP Tour = 1 49 32 45 19 41 8 9 10 43 33 51 11 52 14 13 47 26 27 28 12 25 4 6 15 5 24 48 38 37 40 39 36 35 34 44 46 16 29 50 20 23 30 2 7 42 21 17 3 18 31 22 1
Knapsack Array = 0 0 0 0 0 0 0 0 0 0 0 0 0 0 0 0 0 0 0 0 0 0 0 0 0 0 0 0 0 0 0 0 0 0 0 0 0 0 0 0 0 0 0 0 0 0 0 0 0 0 0 0 0 0 0 0 0 0 0 0 0 0 0 0 0 0 0 0 0 0 0 0 0 0 0 0 0 0 0 0 0 0 0 0 0 0 1 1 0 0 0 0 0 0 0 0 0 0 0 0 0 0 0 0 0 0 0 0 0 0 0 0 0 0 0 0 0 0 0 0 0 0 0 0 0 0 0 0 0 0 0 0 0 0 0 0 0 0 0 0 0 0 0 0 0 0 0 0 0 0 0 0 0 0 0 1 0 1 0 1 1 0 1 1 0 1 0 1 0 0 1 1 1 1 0 1 0 0 0 1 1 1 0 0 0 1 0 0 0 0 0 1 1 0 1 0 0 1 1 0 0 0 0 0 1 1 0 1 1 1 0 0 0 0 0 0 0 1 1 0 0 0 0 1 0 0 1 0 0 0 0 1 0 0 0 0 0 0 0 0 1 0 0 0 0 1 0 0 0 1 0 1 0 0 1 0 1 0 1 0 1 1 0 0 0 0 0 0 0 0 1 0 1 1 1 1 1 0 1 1 0 0 0 1 1 0 0 0 0 0 0 0 0 0 0 0 0 0 0 0 0 0 0 0 0 0 0 0 0 0 0 0 0 0 0 0 0 0 0 0 0 0 0 0 0 0 0 0 0 0 0 0 0 0 0 0 0 0 0 0 0 0 0 0 0 0 0 0 0 0 0 0 0 0 0 0 0 0 0 0 0 0 0 0 0 0 0 0 0 0 0 0 0 0 0 0 0 0 0 0 0 0 0 0 0 0 0 0 0 0 0 0 0 0 0 0 0 0 0 0 0 0 0 0 0 0 0 0 0 0 0 0 0 0 0 0 0 0 0 0 0 0 0 0 0 0 0 0 0 0 0 0 0 0 0 0 0 0 0 0 0 0 0 0 0 0 0 0 0 0 0 0 0 0 0 0 0 0 0 0 0 0 0 0 0 0 0 0 0 0 0 0 0 1 1 0 0 0 0 0 0 0 0 0 0 0 0 0 0 0 0 0 0 0 0 0 0 0 0 0 0 0 0 0 0 0 0 0 0 0 
Picked Items (item,city) = (87 , 37) (88 , 38) (156 , 4) (158 , 6) (160 , 8) (161 , 9) (163 , 11) (164 , 12) (166 , 14) (168 , 16) (171 , 19) (172 , 20) (173 , 21) (174 , 22) (176 , 24) (180 , 28) (181 , 29) (182 , 30) (186 , 34) (192 , 40) (193 , 41) (195 , 43) (198 , 46) (199 , 47) (205 , 2) (206 , 3) (208 , 5) (209 , 6) (210 , 7) (218 , 15) (219 , 16) (224 , 21) (227 , 24) (232 , 29) (241 , 38) (246 , 43) (250 , 47) (252 , 49) (255 , 52) (257 , 3) (259 , 5) (261 , 7) (262 , 8) (271 , 17) (273 , 19) (274 , 20) (275 , 21) (276 , 22) (277 , 23) (279 , 25) (280 , 26) (284 , 30) (285 , 31) (474 , 16) (475 , 17) 

Travel Time: 11997.151624587868355; Profit: 119892; TSP Distance : 7544.3659000000016022; Weight: 56734 / 68614; 0000000
TSP Tour = 1 49 32 45 19 41 8 9 10 43 33 51 11 52 14 13 47 26 27 28 12 25 4 6 15 5 24 48 38 37 40 39 36 35 34 44 46 16 29 50 20 23 30 2 7 42 21 17 3 18 31 22 1
Knapsack Array = 0 0 0 0 0 0 0 0 0 0 0 0 0 0 0 0 0 0 0 0 0 0 0 0 0 0 0 0 0 1 0 0 1 0 0 1 0 0 0 0 1 1 0 0 1 0 0 1 0 0 1 0 1 1 0 0 0 0 1 0 0 0 1 0 1 0 0 0 0 0 1 1 1 1 1 0 1 0 0 0 0 0 1 0 0 0 1 1 0 0 0 0 0 0 0 0 1 0 0 1 0 1 1 1 0 1 0 1 0 1 0 0 1 1 0 0 1 0 0 1 0 0 0 1 1 1 0 0 1 0 0 1 0 1 1 1 1 1 0 1 1 1 0 0 1 0 0 0 0 0 0 1 1 0 0 1 0 1 0 1 1 0 0 1 0 1 0 1 1 0 1 1 1 0 0 1 0 0 0 1 1 1 0 0 0 1 0 0 0 0 0 1 0 1 0 1 0 1 1 0 0 0 0 0 1 1 0 1 1 1 0 0 0 0 0 0 0 1 1 1 1 0 0 1 0 0 1 0 0 0 0 1 1 0 0 0 0 0 0 0 1 0 0 0 1 1 0 0 1 1 0 1 0 0 1 0 1 0 1 0 1 1 0 0 0 0 0 0 0 0 1 0 1 1 1 1 1 0 1 1 0 0 0 1 1 0 0 1 0 1 0 0 1 0 1 1 1 0 0 1 0 1 0 0 1 1 1 1 1 0 1 0 0 0 1 1 0 1 0 0 0 1 0 0 0 0 0 0 0 1 0 0 0 1 1 0 0 1 1 0 0 1 1 1 1 0 0 0 0 1 0 0 1 0 1 0 1 1 0 1 0 1 1 0 1 0 1 1 0 1 1 0 1 1 0 1 1 1 0 1 1 1 1 0 0 1 1 0 1 0 0 0 0 0 1 1 1 0 1 1 0 0 1 0 0 1 0 0 1 1 1 1 1 1 0 0 1 0 0 0 1 0 1 0 0 0 1 1 0 0 1 0 1 0 0 0 1 1 0 1 1 1 0 1 0 0 0 0 1 0 0 1 0 0 0 0 0 0 0 0 0 0 0 0 0 0 0 0 0 0 0 0 0 0 0 1 0 1 1 0 0 0 0 0 0 0 0 0 0 0 0 0 0 0 0 0 0 0 0 0 0 0 0 0 0 0 0 0 0 0 
Picked Items (item,city) = (30 , 31) (33 , 34) (36 , 37) (41 , 42) (42 , 43) (45 , 46) (48 , 49) (51 , 52) (53 , 3) (54 , 4) (59 , 9) (63 , 13) (65 , 15) (71 , 21) (72 , 22) (73 , 23) (74 , 24) (75 , 25) (77 , 27) (83 , 33) (87 , 37) (88 , 38) (97 , 47) (100 , 50) (102 , 52) (103 , 2) (104 , 3) (106 , 5) (108 , 7) (110 , 9) (113 , 12) (114 , 13) (117 , 16) (120 , 19) (124 , 23) (125 , 24) (126 , 25) (129 , 28) (132 , 31) (134 , 33) (135 , 34) (136 , 35) (137 , 36) (138 , 37) (140 , 39) (141 , 40) (142 , 41) (145 , 44) (152 , 51) (153 , 52) (156 , 4) (158 , 6) (160 , 8) (161 , 9) (164 , 12) (166 , 14) (168 , 16) (169 , 17) (171 , 19) (172 , 20) (173 , 21) (176 , 24) (180 , 28) (181 , 29) (182 , 30) (186 , 34) (192 , 40) (194 , 42) (196 , 44) (198 , 46) (199 , 47) (205 , 2) (206 , 3) (208 , 5) (209 , 6) (210 , 7) (218 , 15) (219 , 16) (220 , 17) (221 , 18) (224 , 21) (227 , 24) (232 , 29) (233 , 30) (241 , 38) (245 , 42) (246 , 43) (249 , 46) (250 , 47) (252 , 49) (255 , 52) (257 , 3) (259 , 5) (261 , 7) (262 , 8) (271 , 17) (273 , 19) (274 , 20) (275 , 21) (276 , 22) (277 , 23) (279 , 25) (280 , 26) (284 , 30) (285 , 31) (288 , 34) (290 , 36) (293 , 39) (295 , 41) (296 , 42) (297 , 43) (300 , 46) (302 , 48) (305 , 51) (306 , 52) (307 , 2) (308 , 3) (309 , 4) (311 , 6) (315 , 10) (316 , 11) (318 , 13) (322 , 17) (330 , 25) (334 , 29) (335 , 30) (338 , 33) (339 , 34) (342 , 37) (343 , 38) (344 , 39) (345 , 40) (350 , 45) (353 , 48) (355 , 50) (357 , 52) (358 , 2) (360 , 4) (362 , 6) (363 , 7) (365 , 9) (367 , 11) (368 , 12) (370 , 14) (371 , 15) (373 , 17) (374 , 18) (376 , 20) (377 , 21) (378 , 22) (380 , 24) (381 , 25) (382 , 26) (383 , 27) (386 , 30) (387 , 31) (389 , 33) (395 , 39) (396 , 40) (397 , 41) (399 , 43) (400 , 44) (403 , 47) (406 , 50) (409 , 2) (410 , 3) (411 , 4) (412 , 5) (413 , 6) (414 , 7) (417 , 10) (421 , 14) (423 , 16) (427 , 20) (428 , 21) (431 , 24) (433 , 26) (437 , 30) (438 , 31) (440 , 33) (441 , 34) (442 , 35) (444 , 37) (449 , 42) (452 , 45) (476 , 18) (478 , 20) (479 , 21) 

Travel Time: 7551.0256887763544; Profit: 1785; TSP Distance : 7544.3659000000016022; Weight: 997 / 68614; 0000000
TSP Tour = 1 49 32 45 19 41 8 9 10 43 33 51 11 52 14 13 47 26 27 28 12 25 4 6 15 5 24 48 38 37 40 39 36 35 34 44 46 16 29 50 20 23 30 2 7 42 21 17 3 18 31 22 1
Knapsack Array = 0 0 0 0 0 0 0 0 0 0 0 0 0 0 0 0 0 0 0 0 0 0 0 0 0 0 0 0 0 0 0 0 0 0 0 0 0 0 0 0 0 0 0 0 0 0 0 0 0 0 0 0 0 0 0 0 0 0 0 0 0 0 0 0 0 0 0 0 0 0 0 0 0 0 0 0 0 0 0 0 0 0 0 0 0 0 0 0 0 0 0 0 0 0 0 0 0 0 0 0 0 0 0 0 0 0 0 0 0 0 0 0 0 0 0 0 0 0 0 0 0 0 0 0 0 0 0 0 0 0 0 0 0 0 0 0 0 0 0 0 0 0 0 0 0 0 0 0 0 0 0 0 0 0 0 0 0 0 0 0 0 0 0 0 0 0 0 0 0 0 0 0 0 0 0 0 0 0 0 0 0 0 0 0 0 0 0 0 0 0 0 0 0 0 0 0 0 0 0 0 0 0 0 0 0 0 0 0 0 0 0 0 0 0 0 0 0 0 0 0 0 0 0 0 0 0 0 0 0 0 0 0 0 0 0 0 0 0 0 0 0 0 0 0 0 0 0 0 0 0 0 0 0 0 0 0 0 0 0 0 0 0 0 0 0 0 0 0 0 0 0 0 0 0 0 0 0 0 0 0 0 0 0 0 0 0 0 0 0 0 0 0 0 0 0 0 0 0 0 0 0 0 0 0 0 0 0 0 0 0 0 0 0 0 0 0 0 0 0 0 0 0 0 0 0 0 0 0 0 0 0 0 0 0 0 0 0 0 0 0 0 0 0 0 0 0 0 0 0 0 0 0 0 0 0 0 0 0 0 0 0 0 0 0 0 0 0 0 0 0 0 0 0 0 0 0 0 0 0 0 0 0 0 0 0 0 0 0 0 0 0 0 0 0 0 0 0 0 0 0 0 0 0 0 0 0 0 0 0 0 0 0 0 0 0 0 0 0 0 0 0 0 0 0 0 0 0 0 0 0 0 0 0 0 0 0 0 0 0 0 0 0 0 0 0 0 0 0 0 0 0 0 0 0 0 0 0 0 0 0 0 0 0 0 0 0 0 0 0 0 0 0 0 0 0 1 0 1 1 0 0 0 0 0 0 0 0 0 0 0 0 0 0 0 0 0 0 0 0 0 0 0 0 0 0 0 0 0 0 0 
Picked Items (item,city) = (476 , 18) (478 , 20) (479 , 21) 

Travel Time: 8193.3919242413849133; Profit: 36996; TSP Distance : 7544.3659000000016022; Weight: 15942 / 68614; 0000000
TSP Tour = 1 49 32 45 19 41 8 9 10 43 33 51 11 52 14 13 47 26 27 28 12 25 4 6 15 5 24 48 38 37 40 39 36 35 34 44 46 16 29 50 20 23 30 2 7 42 21 17 3 18 31 22 1
Knapsack Array = 0 0 0 0 0 0 0 0 0 0 0 0 0 0 0 0 0 0 0 0 0 0 0 0 0 0 0 0 0 0 0 0 0 0 0 0 0 0 0 0 0 0 0 0 0 0 0 0 0 0 0 0 0 0 0 0 0 0 0 0 0 0 0 0 0 0 0 0 0 0 0 0 0 0 0 0 0 0 0 0 0 0 0 0 0 0 0 0 0 0 0 0 0 0 0 0 0 0 0 0 0 0 0 0 0 0 0 0 0 0 0 0 0 0 0 0 0 0 0 0 0 0 0 0 0 0 0 0 0 0 0 0 0 0 0 0 0 0 0 0 0 0 0 0 0 0 0 0 0 0 0 1 1 0 0 1 0 1 0 1 1 0 0 1 0 1 0 1 1 0 1 1 1 0 0 1 0 0 0 1 1 1 0 0 0 1 0 0 1 0 0 1 0 1 0 1 0 1 1 0 0 0 0 0 1 1 0 1 1 1 0 0 0 0 0 0 0 1 1 1 0 0 0 1 0 0 1 0 0 0 0 1 0 0 0 0 0 0 0 0 1 0 0 0 0 1 0 0 0 1 0 1 0 0 1 0 1 0 1 0 1 1 0 0 0 0 0 0 0 0 1 0 1 1 1 1 1 0 1 1 0 1 0 1 1 0 0 1 0 1 0 0 1 0 1 0 1 0 0 0 0 0 0 0 0 0 0 0 0 0 0 0 0 0 0 0 0 0 0 0 0 0 0 0 0 0 0 0 0 0 0 0 0 0 0 0 0 0 0 0 0 0 0 0 0 0 0 0 0 0 0 0 0 0 0 0 0 0 0 0 0 0 0 0 0 0 0 0 0 0 0 0 0 0 0 0 0 0 0 0 0 0 0 0 0 0 0 0 0 0 0 0 0 0 0 0 0 0 0 0 0 0 0 0 0 0 0 0 0 0 0 0 0 0 0 0 0 0 0 0 0 0 0 0 0 0 0 0 0 0 0 0 0 0 0 0 0 0 0 0 0 0 0 0 0 0 0 0 0 0 0 0 0 0 0 0 0 0 0 0 0 0 0 0 0 0 0 0 0 0 0 0 0 0 0 0 0 0 0 0 0 0 0 0 0 0 0 0 0 0 0 0 0 0 0 0 0 0 0 0 0 0 0 0 0 0 0 0 0 0 
Picked Items (item,city) = (152 , 51) (153 , 52) (156 , 4) (158 , 6) (160 , 8) (161 , 9) (164 , 12) (166 , 14) (168 , 16) (169 , 17) (171 , 19) (172 , 20) (173 , 21) (176 , 24) (180 , 28) (181 , 29) (182 , 30) (186 , 34) (189 , 37) (192 , 40) (194 , 42) (196 , 44) (198 , 46) (199 , 47) (205 , 2) (206 , 3) (208 , 5) (209 , 6) (210 , 7) (218 , 15) (219 , 16) (220 , 17) (224 , 21) (227 , 24) (232 , 29) (241 , 38) (246 , 43) (250 , 47) (252 , 49) (255 , 52) (257 , 3) (259 , 5) (261 , 7) (262 , 8) (271 , 17) (273 , 19) (274 , 20) (275 , 21) (276 , 22) (277 , 23) (279 , 25) (280 , 26) (282 , 28) (284 , 30) (285 , 31) (288 , 34) (290 , 36) (293 , 39) (295 , 41) (297 , 43) 

Travel Time: 9521.4946624464319029; Profit: 77242; TSP Distance : 7544.3659000000016022; Weight: 33962 / 68614; 0000000
TSP Tour = 1 49 32 45 19 41 8 9 10 43 33 51 11 52 14 13 47 26 27 28 12 25 4 6 15 5 24 48 38 37 40 39 36 35 34 44 46 16 29 50 20 23 30 2 7 42 21 17 3 18 31 22 1
Knapsack Array = 1 0 1 0 0 0 1 1 0 0 1 1 0 0 1 1 1 1 0 0 1 0 1 1 0 0 1 0 0 1 0 0 1 0 0 1 0 0 0 0 1 1 0 0 0 0 0 1 0 0 1 0 1 1 0 0 0 0 1 0 0 1 1 0 1 1 0 0 0 0 1 0 1 1 1 0 1 0 0 0 0 0 1 0 0 1 1 1 0 0 0 0 0 0 0 0 1 0 0 0 0 1 0 0 1 1 0 1 0 1 0 0 1 1 0 0 1 1 0 1 0 1 0 0 0 0 0 0 0 0 0 0 0 0 0 0 0 0 0 0 0 0 0 0 0 0 0 0 0 0 0 1 1 0 0 1 0 1 0 1 1 0 1 1 0 1 0 1 0 0 1 1 1 1 0 1 0 0 0 1 1 1 0 0 0 1 0 0 0 0 0 1 1 0 1 0 0 1 1 0 0 0 0 0 1 1 0 1 1 1 0 0 0 0 0 0 0 1 1 1 0 0 0 1 0 0 1 0 0 0 0 1 0 0 0 0 0 0 0 0 1 0 0 0 0 1 0 0 0 1 0 1 0 0 1 0 1 1 1 0 1 1 0 0 0 0 0 0 0 0 1 0 1 0 1 1 1 0 1 1 0 0 0 0 0 0 0 0 0 0 0 0 0 0 0 0 0 0 0 0 0 0 0 0 0 0 0 0 0 0 1 0 0 0 1 1 0 1 0 0 0 1 0 0 0 0 1 0 1 1 0 0 0 1 1 0 0 1 0 0 0 1 1 1 1 0 0 0 0 1 0 0 1 0 0 0 0 0 0 0 0 0 0 0 0 0 0 0 0 0 0 0 0 0 0 0 0 0 0 0 0 0 0 0 0 0 0 0 0 0 0 0 0 0 0 0 0 0 0 0 0 0 0 0 0 0 0 0 0 0 0 0 0 0 0 0 0 0 0 0 0 0 0 0 0 0 0 0 0 0 0 0 0 0 0 0 0 0 0 0 0 0 0 0 0 0 0 0 0 0 0 0 0 0 0 0 0 0 0 0 0 0 0 0 0 0 0 0 0 0 0 0 0 0 0 0 0 0 0 0 0 0 0 0 0 0 0 0 0 0 0 0 0 0 0 0 0 0 0 0 0 0 0 0 0 0 0 0 0 0 
Picked Items (item,city) = (1 , 2) (3 , 4) (7 , 8) (8 , 9) (11 , 12) (12 , 13) (15 , 16) (16 , 17) (17 , 18) (18 , 19) (21 , 22) (23 , 24) (24 , 25) (27 , 28) (30 , 31) (33 , 34) (36 , 37) (41 , 42) (42 , 43) (48 , 49) (51 , 52) (53 , 3) (54 , 4) (59 , 9) (62 , 12) (63 , 13) (65 , 15) (66 , 16) (71 , 21) (73 , 23) (74 , 24) (75 , 25) (77 , 27) (83 , 33) (86 , 36) (87 , 37) (88 , 38) (97 , 47) (102 , 52) (105 , 4) (106 , 5) (108 , 7) (110 , 9) (113 , 12) (114 , 13) (117 , 16) (118 , 17) (120 , 19) (122 , 21) (152 , 51) (153 , 52) (156 , 4) (158 , 6) (160 , 8) (161 , 9) (163 , 11) (164 , 12) (166 , 14) (168 , 16) (171 , 19) (172 , 20) (173 , 21) (174 , 22) (176 , 24) (180 , 28) (181 , 29) (182 , 30) (186 , 34) (192 , 40) (193 , 41) (195 , 43) (198 , 46) (199 , 47) (205 , 2) (206 , 3) (208 , 5) (209 , 6) (210 , 7) (218 , 15) (219 , 16) (220 , 17) (224 , 21) (227 , 24) (232 , 29) (241 , 38) (246 , 43) (250 , 47) (252 , 49) (255 , 52) (257 , 3) (258 , 4) (259 , 5) (261 , 7) (262 , 8) (271 , 17) (273 , 19) (275 , 21) (276 , 22) (277 , 23) (279 , 25) (280 , 26) (311 , 6) (315 , 10) (316 , 11) (318 , 13) (322 , 17) (327 , 22) (329 , 24) (330 , 25) (334 , 29) (335 , 30) (338 , 33) (342 , 37) (343 , 38) (344 , 39) (345 , 40) (350 , 45) (353 , 48) 

Travel Time: 8393.1092706257131795; Profit: 44665; TSP Distance : 7544.3659000000016022; Weight: 17984 / 68614; 0000000
TSP Tour = 1 49 32 45 19 41 8 9 10 43 33 51 11 52 14 13 47 26 27 28 12 25 4 6 15 5 24 48 38 37 40 39 36 35 34 44 46 16 29 50 20 23 30 2 7 42 21 17 3 18 31 22 1
Knapsack Array = 0 0 0 0 0 0 0 0 0 0 0 0 0 0 0 0 0 0 0 0 0 0 0 0 0 0 0 0 0 0 0 0 0 0 0 0 0 0 0 0 0 0 0 0 0 0 0 0 0 0 0 0 0 0 0 0 0 0 0 0 0 0 0 0 0 0 0 0 0 0 0 0 0 0 0 0 0 0 0 0 0 0 0 0 0 0 0 0 0 0 0 0 0 0 0 0 0 0 0 0 0 0 0 0 0 0 0 0 0 0 0 0 0 0 0 0 0 0 0 0 0 0 0 0 0 0 0 0 0 0 0 0 0 0 0 0 0 0 0 0 0 0 0 0 0 0 0 0 0 0 0 1 1 0 0 1 0 1 0 1 1 0 1 1 0 1 0 1 0 0 1 1 1 1 0 1 0 0 0 1 1 1 0 0 0 1 0 0 0 0 0 1 1 0 1 0 0 1 1 0 0 0 0 0 1 1 0 1 1 1 0 0 0 0 0 0 0 1 1 1 0 0 0 1 0 0 1 0 0 0 0 1 0 0 0 0 0 0 0 0 1 0 0 0 0 1 0 0 0 1 0 1 0 0 1 0 1 1 1 0 1 1 0 0 0 0 0 0 0 0 1 0 1 0 1 1 1 0 1 1 0 0 0 0 0 0 0 0 0 0 0 0 0 0 0 0 0 0 0 0 0 0 0 0 0 0 0 0 0 0 1 0 0 0 1 1 0 1 0 0 0 1 0 0 0 0 1 0 1 1 0 0 0 1 1 0 0 1 0 0 0 1 1 1 1 0 0 0 0 1 0 0 1 0 0 0 0 0 0 0 0 0 0 0 0 0 0 0 0 0 0 0 0 0 0 0 0 0 0 0 0 0 0 0 0 0 0 0 0 0 0 0 0 0 0 0 0 0 0 0 0 0 0 0 0 0 0 0 0 0 0 0 0 0 0 0 0 0 0 0 0 0 0 0 0 0 0 0 0 0 0 0 0 0 0 0 0 0 0 0 0 0 0 0 0 0 0 0 0 0 0 0 0 0 0 0 0 0 0 0 0 0 0 0 0 0 0 0 0 0 0 0 0 0 0 0 0 0 0 0 0 0 0 0 0 0 0 0 0 0 0 0 0 0 0 0 0 0 0 0 0 0 0 0 0 0 0 0 0 0 
Picked Items (item,city) = (152 , 51) (153 , 52) (156 , 4) (158 , 6) (160 , 8) (161 , 9) (163 , 11) (164 , 12) (166 , 14) (168 , 16) (171 , 19) (172 , 20) (173 , 21) (174 , 22) (176 , 24) (180 , 28) (181 , 29) (182 , 30) (186 , 34) (192 , 40) (193 , 41) (195 , 43) (198 , 46) (199 , 47) (205 , 2) (206 , 3) (208 , 5) (209 , 6) (210 , 7) (218 , 15) (219 , 16) (220 , 17) (224 , 21) (227 , 24) (232 , 29) (241 , 38) (246 , 43) (250 , 47) (252 , 49) (255 , 52) (257 , 3) (258 , 4) (259 , 5) (261 , 7) (262 , 8) (271 , 17) (273 , 19) (275 , 21) (276 , 22) (277 , 23) (279 , 25) (280 , 26) (311 , 6) (315 , 10) (316 , 11) (318 , 13) (322 , 17) (327 , 22) (329 , 24) (330 , 25) (334 , 29) (335 , 30) (338 , 33) (342 , 37) (343 , 38) (344 , 39) (345 , 40) (350 , 45) (353 , 48) 

Travel Time: 13196.110316408932704; Profit: 135371; TSP Distance : 7684.2316000000018903; Weight: 60981 / 68614; 0000000
TSP Tour = 1 45 19 41 8 9 10 43 33 51 11 52 14 13 47 26 27 28 12 25 4 6 15 5 24 48 38 37 40 39 36 35 34 44 46 16 29 50 20 23 30 2 7 42 21 17 3 18 31 22 32 49 1
Knapsack Array = 1 0 1 0 0 0 1 1 0 1 0 1 0 0 1 1 1 1 0 0 1 0 1 1 0 0 1 0 0 1 0 0 1 0 0 1 0 0 0 0 1 1 0 0 1 0 0 1 0 0 1 0 1 1 0 0 0 0 1 0 0 0 1 0 1 0 0 0 0 0 1 1 1 1 1 0 1 0 0 0 0 0 1 0 0 0 1 1 0 0 0 0 0 0 0 0 1 0 0 1 0 1 1 0 0 1 0 1 0 1 0 0 1 1 0 0 1 0 0 1 0 0 0 1 1 1 0 0 0 0 0 0 0 0 0 0 0 0 0 0 0 0 0 0 0 0 0 0 0 1 0 1 1 0 0 1 0 1 0 1 1 0 0 1 0 1 0 1 0 0 1 1 1 0 0 1 0 0 0 1 1 1 0 0 0 1 0 0 0 0 0 1 1 1 1 1 0 1 1 0 0 0 0 0 1 1 0 1 1 1 0 0 0 0 0 0 0 1 1 0 1 0 0 1 0 0 1 0 0 0 0 1 0 0 0 0 0 0 0 0 1 0 0 0 0 1 0 0 1 1 0 1 0 0 1 0 1 0 0 0 1 1 0 0 0 0 0 0 0 0 1 0 1 1 1 1 1 0 1 1 0 0 0 1 1 0 0 1 0 1 1 0 1 0 1 1 1 0 0 1 0 1 0 0 1 1 1 1 0 0 1 0 0 0 1 1 0 1 0 0 0 1 0 0 0 0 0 0 0 1 0 0 0 1 1 0 0 1 0 0 0 1 1 1 1 1 0 1 0 1 0 0 1 0 1 0 1 1 0 0 0 1 0 0 1 0 1 1 0 1 1 0 1 1 1 1 1 1 0 1 1 1 1 0 0 1 1 1 1 0 0 0 0 0 1 1 1 0 1 1 0 0 1 0 0 1 0 0 1 1 1 1 1 1 0 0 1 0 0 0 1 0 1 0 0 0 1 0 1 0 1 0 1 0 0 0 1 1 0 1 1 1 0 1 0 0 0 0 1 1 0 1 0 0 0 1 1 1 1 0 1 1 1 1 0 1 0 0 1 0 0 1 0 1 1 0 0 1 1 1 0 0 0 0 0 1 0 1 1 1 1 1 0 1 0 0 1 0 0 0 1 0 0 0 0 0 0 0 0 0 
Picked Items (item,city) = (1 , 2) (3 , 4) (7 , 8) (8 , 9) (10 , 11) (12 , 13) (15 , 16) (16 , 17) (17 , 18) (18 , 19) (21 , 22) (23 , 24) (24 , 25) (27 , 28) (30 , 31) (33 , 34) (36 , 37) (41 , 42) (42 , 43) (45 , 46) (48 , 49) (51 , 52) (53 , 3) (54 , 4) (59 , 9) (63 , 13) (65 , 15) (71 , 21) (72 , 22) (73 , 23) (74 , 24) (75 , 25) (77 , 27) (83 , 33) (87 , 37) (88 , 38) (97 , 47) (100 , 50) (102 , 52) (103 , 2) (106 , 5) (108 , 7) (110 , 9) (113 , 12) (114 , 13) (117 , 16) (120 , 19) (124 , 23) (125 , 24) (126 , 25) (150 , 49) (152 , 51) (153 , 52) (156 , 4) (158 , 6) (160 , 8) (161 , 9) (164 , 12) (166 , 14) (168 , 16) (171 , 19) (172 , 20) (173 , 21) (176 , 24) (180 , 28) (181 , 29) (182 , 30) (186 , 34) (192 , 40) (193 , 41) (194 , 42) (195 , 43) (196 , 44) (198 , 46) (199 , 47) (205 , 2) (206 , 3) (208 , 5) (209 , 6) (210 , 7) (218 , 15) (219 , 16) (221 , 18) (224 , 21) (227 , 24) (232 , 29) (241 , 38) (246 , 43) (249 , 46) (250 , 47) (252 , 49) (255 , 52) (257 , 3) (261 , 7) (262 , 8) (271 , 17) (273 , 19) (274 , 20) (275 , 21) (276 , 22) (277 , 23) (279 , 25) (280 , 26) (284 , 30) (285 , 31) (288 , 34) (290 , 36) (291 , 37) (293 , 39) (295 , 41) (296 , 42) (297 , 43) (300 , 46) (302 , 48) (305 , 51) (306 , 52) (307 , 2) (308 , 3) (311 , 6) (315 , 10) (316 , 11) (318 , 13) (322 , 17) (330 , 25) (334 , 29) (335 , 30) (338 , 33) (342 , 37) (343 , 38) (344 , 39) (345 , 40) (346 , 41) (348 , 43) (350 , 45) (353 , 48) (355 , 50) (357 , 52) (358 , 2) (362 , 6) (365 , 9) (367 , 11) (368 , 12) (370 , 14) (371 , 15) (373 , 17) (374 , 18) (375 , 19) (376 , 20) (377 , 21) (378 , 22) (380 , 24) (381 , 25) (382 , 26) (383 , 27) (386 , 30) (387 , 31) (388 , 32) (389 , 33) (395 , 39) (396 , 40) (397 , 41) (399 , 43) (400 , 44) (403 , 47) (406 , 50) (409 , 2) (410 , 3) (411 , 4) (412 , 5) (413 , 6) (414 , 7) (417 , 10) (421 , 14) (423 , 16) (427 , 20) (429 , 22) (431 , 24) (433 , 26) (437 , 30) (438 , 31) (440 , 33) (441 , 34) (442 , 35) (444 , 37) (449 , 42) (450 , 43) (452 , 45) (456 , 49) (457 , 50) (458 , 51) (459 , 52) (461 , 3) (462 , 4) (463 , 5) (464 , 6) (466 , 8) (469 , 11) (472 , 14) (474 , 16) (475 , 17) (478 , 20) (479 , 21) (480 , 22) (486 , 28) (488 , 30) (489 , 31) (490 , 32) (491 , 33) (492 , 34) (494 , 36) (497 , 39) (501 , 43) 

Travel Time: 10537.808833245877395; Profit: 99203; TSP Distance : 7544.3659000000016022; Weight: 48199 / 68614; 0000000
TSP Tour = 1 49 32 45 19 41 8 9 10 43 33 51 11 52 14 13 47 26 27 28 12 25 4 6 15 5 24 48 38 37 40 39 36 35 34 44 46 16 29 50 20 23 30 2 7 42 21 17 3 18 31 22 1
Knapsack Array = 1 0 1 0 0 0 1 1 0 1 1 1 0 0 1 0 1 1 0 0 1 0 1 1 1 0 1 0 0 1 0 0 1 0 0 1 0 0 0 0 0 0 0 0 0 0 0 0 0 0 0 0 0 0 0 0 0 0 0 0 0 0 0 0 0 0 0 0 0 0 1 1 1 1 1 0 1 0 0 1 0 0 1 0 0 0 1 1 0 0 0 0 0 0 0 0 1 0 0 1 0 1 1 1 0 1 0 1 0 1 0 0 1 1 0 0 1 1 0 1 0 1 0 1 1 1 0 0 1 0 0 1 0 0 1 1 1 1 0 1 1 0 0 0 1 0 0 0 0 0 0 1 1 0 0 1 0 1 0 1 1 0 0 1 0 1 0 1 0 0 1 1 1 1 0 1 0 0 0 1 1 1 0 0 0 1 0 0 0 0 0 1 1 1 1 0 0 1 1 0 0 0 0 0 1 1 0 1 1 1 0 0 0 0 0 0 0 1 1 1 0 0 0 1 1 0 1 0 0 0 0 1 0 0 0 0 0 0 0 0 1 0 0 0 1 1 0 0 0 1 0 1 0 0 1 0 1 0 1 0 0 0 0 0 0 0 0 0 0 0 0 0 0 0 0 0 0 0 0 0 0 0 0 0 0 0 0 0 0 0 0 0 0 0 0 0 0 0 0 0 0 0 0 0 0 0 0 0 0 0 0 0 0 0 0 0 0 0 0 0 0 0 0 0 0 0 0 0 0 0 0 0 0 0 0 0 0 0 0 0 0 0 0 0 0 0 0 0 0 0 0 0 0 0 0 0 0 0 0 0 0 0 0 0 0 0 0 0 0 0 0 0 0 0 0 0 0 0 0 0 0 0 0 0 0 1 1 1 1 0 0 0 0 0 1 1 1 0 1 1 0 0 1 0 0 1 0 0 1 1 1 1 1 1 0 0 1 0 0 0 1 0 1 0 0 0 1 1 1 0 1 0 1 0 0 0 1 1 0 1 1 1 0 1 0 0 0 0 1 1 0 1 0 0 0 0 1 0 1 0 1 1 1 1 0 1 0 0 1 0 0 1 0 1 1 1 0 1 1 1 0 0 0 0 0 1 0 1 1 1 1 1 0 1 1 0 1 1 0 1 1 0 1 1 0 1 0 0 0 0 
Picked Items (item,city) = (1 , 2) (3 , 4) (7 , 8) (8 , 9) (10 , 11) (11 , 12) (12 , 13) (15 , 16) (17 , 18) (18 , 19) (21 , 22) (23 , 24) (24 , 25) (25 , 26) (27 , 28) (30 , 31) (33 , 34) (36 , 37) (71 , 21) (72 , 22) (73 , 23) (74 , 24) (75 , 25) (77 , 27) (80 , 30) (83 , 33) (87 , 37) (88 , 38) (97 , 47) (100 , 50) (102 , 52) (103 , 2) (104 , 3) (106 , 5) (108 , 7) (110 , 9) (113 , 12) (114 , 13) (117 , 16) (118 , 17) (120 , 19) (122 , 21) (124 , 23) (125 , 24) (126 , 25) (129 , 28) (132 , 31) (135 , 34) (136 , 35) (137 , 36) (138 , 37) (140 , 39) (141 , 40) (145 , 44) (152 , 51) (153 , 52) (156 , 4) (158 , 6) (160 , 8) (161 , 9) (164 , 12) (166 , 14) (168 , 16) (171 , 19) (172 , 20) (173 , 21) (174 , 22) (176 , 24) (180 , 28) (181 , 29) (182 , 30) (186 , 34) (192 , 40) (193 , 41) (194 , 42) (195 , 43) (198 , 46) (199 , 47) (205 , 2) (206 , 3) (208 , 5) (209 , 6) (210 , 7) (218 , 15) (219 , 16) (220 , 17) (224 , 21) (225 , 22) (227 , 24) (232 , 29) (241 , 38) (245 , 42) (246 , 43) (250 , 47) (252 , 49) (255 , 52) (257 , 3) (259 , 5) (386 , 30) (387 , 31) (388 , 32) (389 , 33) (395 , 39) (396 , 40) (397 , 41) (399 , 43) (400 , 44) (403 , 47) (406 , 50) (409 , 2) (410 , 3) (411 , 4) (412 , 5) (413 , 6) (414 , 7) (417 , 10) (421 , 14) (423 , 16) (427 , 20) (428 , 21) (429 , 22) (431 , 24) (433 , 26) (437 , 30) (438 , 31) (440 , 33) (441 , 34) (442 , 35) (444 , 37) (449 , 42) (450 , 43) (452 , 45) (457 , 50) (459 , 52) (461 , 3) (462 , 4) (463 , 5) (464 , 6) (466 , 8) (469 , 11) (472 , 14) (474 , 16) (475 , 17) (476 , 18) (478 , 20) (479 , 21) (480 , 22) (486 , 28) (488 , 30) (489 , 31) (490 , 32) (491 , 33) (492 , 34) (494 , 36) (495 , 37) (497 , 39) (498 , 40) (500 , 42) (501 , 43) (503 , 45) (504 , 46) (506 , 48) 

Travel Time: 8906.0175459264610254; Profit: 61631; TSP Distance : 7544.3659000000016022; Weight: 28048 / 68614; 0000000
TSP Tour = 1 49 32 45 19 41 8 9 10 43 33 51 11 52 14 13 47 26 27 28 12 25 4 6 15 5 24 48 38 37 40 39 36 35 34 44 46 16 29 50 20 23 30 2 7 42 21 17 3 18 31 22 1
Knapsack Array = 0 0 0 0 0 0 0 0 0 0 0 0 0 0 0 0 0 0 0 0 0 0 0 0 0 0 1 0 0 1 0 0 1 0 0 1 0 0 0 0 1 1 0 0 1 0 0 1 0 0 1 0 1 1 0 0 0 0 1 0 0 0 1 0 1 1 0 0 0 0 1 1 1 1 1 0 1 0 0 0 0 0 1 0 0 0 1 1 0 0 0 0 0 0 0 0 1 0 0 0 0 1 0 0 1 1 0 1 1 1 0 0 1 1 0 0 1 0 0 1 0 1 0 1 1 1 0 0 1 0 0 1 0 0 0 1 1 1 0 1 1 0 0 0 1 0 0 0 0 0 0 1 1 0 0 1 0 1 0 1 1 0 0 1 0 1 1 1 0 0 1 0 1 1 0 1 0 0 0 1 1 1 0 0 1 1 0 0 0 0 0 1 0 0 1 1 0 1 1 0 0 0 0 0 1 1 0 1 1 1 0 0 0 0 0 0 0 1 1 1 0 0 0 1 1 0 1 0 0 1 0 1 0 0 0 0 0 0 0 0 1 0 0 0 0 1 0 0 0 1 0 1 0 0 1 0 1 0 1 0 1 1 0 0 0 0 0 0 0 0 1 0 1 1 1 1 1 0 1 1 0 0 0 0 0 0 0 0 0 0 0 0 0 0 0 0 0 0 0 0 0 0 0 0 0 0 0 0 0 0 0 0 0 0 0 0 0 0 0 0 0 0 0 0 0 0 0 0 0 0 0 0 0 0 0 0 0 0 0 0 0 0 0 0 0 0 0 0 0 0 0 0 0 0 0 0 0 0 0 0 0 0 0 0 0 0 0 0 0 0 0 0 0 0 0 0 0 0 0 0 0 0 0 0 0 0 0 0 0 0 0 0 0 0 0 0 0 0 0 0 0 0 0 0 0 0 0 0 0 0 0 0 0 0 0 0 0 0 0 0 0 0 0 0 0 0 0 0 0 0 0 0 0 0 0 0 0 0 0 0 0 0 0 0 0 0 0 0 0 0 0 0 0 0 0 0 0 0 0 0 0 0 0 0 0 0 0 0 0 0 0 0 0 0 0 0 0 0 0 0 0 0 0 0 0 0 0 0 0 0 0 0 0 0 0 0 0 0 0 0 0 0 0 0 0 0 0 0 0 0 
Picked Items (item,city) = (27 , 28) (30 , 31) (33 , 34) (36 , 37) (41 , 42) (42 , 43) (45 , 46) (48 , 49) (51 , 52) (53 , 3) (54 , 4) (59 , 9) (63 , 13) (65 , 15) (66 , 16) (71 , 21) (72 , 22) (73 , 23) (74 , 24) (75 , 25) (77 , 27) (83 , 33) (87 , 37) (88 , 38) (97 , 47) (102 , 52) (105 , 4) (106 , 5) (108 , 7) (109 , 8) (110 , 9) (113 , 12) (114 , 13) (117 , 16) (120 , 19) (122 , 21) (124 , 23) (125 , 24) (126 , 25) (129 , 28) (132 , 31) (136 , 35) (137 , 36) (138 , 37) (140 , 39) (141 , 40) (145 , 44) (152 , 51) (153 , 52) (156 , 4) (158 , 6) (160 , 8) (161 , 9) (164 , 12) (166 , 14) (167 , 15) (168 , 16) (171 , 19) (173 , 21) (174 , 22) (176 , 24) (180 , 28) (181 , 29) (182 , 30) (185 , 33) (186 , 34) (192 , 40) (195 , 43) (196 , 44) (198 , 46) (199 , 47) (205 , 2) (206 , 3) (208 , 5) (209 , 6) (210 , 7) (218 , 15) (219 , 16) (220 , 17) (224 , 21) (225 , 22) (227 , 24) (230 , 27) (232 , 29) (241 , 38) (246 , 43) (250 , 47) (252 , 49) (255 , 52) (257 , 3) (259 , 5) (261 , 7) (262 , 8) (271 , 17) (273 , 19) (274 , 20) (275 , 21) (276 , 22) (277 , 23) (279 , 25) (280 , 26) 

Travel Time: 7675.2404297632037924; Profit: 7789; TSP Distance : 7544.3659000000016022; Weight: 3380 / 68614; 0000000
TSP Tour = 1 49 32 45 19 41 8 9 10 43 33 51 11 52 14 13 47 26 27 28 12 25 4 6 15 5 24 48 38 37 40 39 36 35 34 44 46 16 29 50 20 23 30 2 7 42 21 17 3 18 31 22 1
Knapsack Array = 1 0 1 0 0 0 1 0 0 0 0 1 0 0 1 1 1 1 0 0 1 0 1 1 1 0 0 0 0 0 0 0 0 0 0 0 0 0 0 0 0 0 0 0 0 0 0 0 0 0 0 0 0 0 0 0 0 0 0 0 0 0 0 0 0 0 0 0 0 0 0 0 0 0 0 0 0 0 0 0 0 0 0 0 0 0 0 0 0 0 0 0 0 0 0 0 0 0 0 0 0 0 0 0 0 0 0 0 0 0 0 0 0 0 0 0 0 0 0 0 0 0 0 0 0 0 0 0 0 0 0 0 0 0 0 0 0 0 0 0 0 0 0 0 0 0 0 0 0 0 0 0 0 0 0 0 0 0 0 0 0 0 0 0 0 0 0 0 0 0 0 0 0 0 0 0 0 0 0 0 0 0 0 0 0 0 0 0 0 0 0 0 0 0 0 0 0 0 0 0 0 0 0 0 0 0 0 0 0 0 0 0 0 0 0 0 0 0 0 0 0 0 0 0 0 0 0 0 0 0 0 0 0 0 0 0 0 0 0 0 0 0 0 0 0 0 0 0 0 0 0 0 0 0 0 0 0 0 0 0 0 0 0 0 0 0 0 0 0 0 0 0 0 0 0 0 0 0 0 0 0 0 0 0 0 0 0 0 0 0 0 0 0 0 0 0 0 0 0 0 0 0 0 0 0 0 0 0 0 0 0 0 0 0 0 0 0 0 0 0 0 0 0 0 0 0 0 0 0 0 0 0 0 0 0 0 0 0 0 0 0 0 0 0 0 0 0 0 0 0 0 0 0 0 0 0 0 0 0 0 0 0 0 0 0 0 0 0 0 0 0 0 0 0 0 0 0 0 0 0 0 0 0 0 0 0 0 0 0 0 0 0 0 0 0 0 0 0 0 0 0 0 0 0 0 0 0 0 0 0 0 0 0 0 0 0 0 0 0 0 0 0 0 0 0 0 0 0 0 0 0 0 0 0 0 0 0 0 0 0 0 0 0 0 0 0 0 0 0 0 0 0 0 0 0 0 0 0 0 0 0 0 0 0 0 0 0 0 0 0 0 0 0 0 0 0 0 0 0 0 0 0 0 0 0 0 0 0 0 0 0 0 0 0 0 0 0 0 0 0 0 0 0 0 0 0 0 0 0 0 
Picked Items (item,city) = (1 , 2) (3 , 4) (7 , 8) (12 , 13) (15 , 16) (16 , 17) (17 , 18) (18 , 19) (21 , 22) (23 , 24) (24 , 25) (25 , 26) 

Travel Time: 7898.1073962046302768; Profit: 24522; TSP Distance : 7544.3659000000016022; Weight: 8784 / 68614; 0000000
TSP Tour = 1 49 32 45 19 41 8 9 10 43 33 51 11 52 14 13 47 26 27 28 12 25 4 6 15 5 24 48 38 37 40 39 36 35 34 44 46 16 29 50 20 23 30 2 7 42 21 17 3 18 31 22 1
Knapsack Array = 0 0 0 0 0 0 0 0 0 0 0 0 0 0 0 0 0 0 0 0 0 0 0 0 0 0 0 0 0 0 0 0 0 0 0 0 0 0 0 0 0 0 0 0 0 0 0 0 0 0 0 0 0 0 0 0 0 0 0 0 0 0 0 0 0 0 0 0 0 0 0 0 0 0 0 0 0 0 0 0 0 0 0 0 0 0 0 0 0 0 0 0 0 0 0 0 0 0 0 0 0 0 0 0 0 0 0 0 0 0 0 0 0 0 0 0 0 0 0 0 0 0 0 0 0 0 0 0 0 0 0 0 0 0 0 0 0 0 0 0 0 0 0 0 0 0 0 0 0 0 0 0 0 0 0 0 0 0 0 0 0 0 0 0 0 0 0 0 0 0 0 0 0 0 0 0 0 0 0 0 0 0 0 0 0 0 0 0 0 0 0 0 0 0 1 0 0 1 1 0 0 0 0 0 1 1 0 1 1 1 0 0 0 0 0 0 0 1 1 0 0 0 0 1 0 0 1 0 0 0 0 1 0 0 0 0 0 0 0 0 1 0 0 0 0 1 0 0 0 1 0 1 0 0 1 0 1 0 0 0 1 1 0 0 0 0 0 0 0 0 1 0 1 0 1 1 1 0 1 1 0 0 0 1 1 0 0 1 0 1 0 0 1 0 1 0 1 0 0 1 0 1 0 0 1 1 1 0 0 0 0 0 0 0 0 0 0 0 0 0 0 0 0 0 0 0 0 0 0 0 0 0 0 0 0 0 0 0 0 0 0 0 0 0 0 0 0 0 0 0 0 0 0 0 0 0 0 0 0 0 0 0 0 0 0 0 0 0 0 0 0 0 0 0 0 0 0 0 0 0 0 0 0 0 0 0 0 0 0 0 0 0 0 0 0 0 0 0 0 0 0 0 0 0 0 0 0 0 0 0 0 0 0 0 0 0 0 0 0 0 0 0 0 0 0 0 0 0 0 0 0 0 0 0 0 0 0 0 0 0 0 0 0 0 0 0 0 0 0 0 0 0 0 0 0 0 0 0 0 0 0 0 0 0 0 0 0 0 0 0 0 0 0 0 0 0 0 0 0 0 0 0 0 0 0 0 0 0 0 0 0 0 0 0 0 0 0 0 0 0 0 0 0 0 0 0 0 0 0 0 
Picked Items (item,city) = (195 , 43) (198 , 46) (199 , 47) (205 , 2) (206 , 3) (208 , 5) (209 , 6) (210 , 7) (218 , 15) (219 , 16) (224 , 21) (227 , 24) (232 , 29) (241 , 38) (246 , 43) (250 , 47) (252 , 49) (255 , 52) (257 , 3) (261 , 7) (262 , 8) (271 , 17) (273 , 19) (275 , 21) (276 , 22) (277 , 23) (279 , 25) (280 , 26) (284 , 30) (285 , 31) (288 , 34) (290 , 36) (293 , 39) (295 , 41) (297 , 43) (300 , 46) (302 , 48) (305 , 51) (306 , 52) (307 , 2) 

Travel Time: 14578.195733005870352; Profit: 141379; TSP Distance : 8096.7450000000008004; Weight: 64418 / 68614; 0000000
TSP Tour = 1 32 3 17 21 42 7 2 30 23 20 50 29 16 46 44 34 35 36 45 19 41 8 9 10 43 33 51 11 52 14 13 47 26 27 28 12 25 4 6 15 5 24 48 38 37 40 39 18 31 22 49 1
Knapsack Array = 1 0 1 0 0 0 1 1 0 0 0 1 0 0 1 1 1 1 0 0 1 0 1 0 0 0 1 0 0 1 0 0 1 0 0 1 0 0 0 0 1 1 0 0 1 0 0 1 0 0 1 0 1 1 0 0 0 0 1 0 0 0 1 0 1 0 0 0 0 0 0 1 1 1 1 0 1 0 0 0 0 0 1 0 0 0 1 1 0 0 0 0 0 0 0 0 1 0 0 1 0 1 1 1 0 1 0 1 0 1 0 0 1 1 0 0 1 1 0 1 0 0 0 1 1 1 0 0 1 0 0 1 0 0 1 1 1 1 0 1 1 1 0 0 1 0 0 0 0 0 0 1 1 0 0 1 0 1 0 1 1 0 0 1 0 1 0 1 0 0 1 1 1 1 0 1 0 0 0 1 1 1 0 0 0 1 0 0 0 0 0 1 1 0 0 0 0 1 1 0 0 0 0 0 1 1 0 1 1 1 0 0 0 0 0 0 0 1 1 0 0 0 0 0 0 0 0 0 0 0 0 0 0 0 0 0 0 0 0 0 1 0 0 0 0 1 0 0 0 1 0 1 0 0 1 0 1 0 1 0 1 1 0 0 0 0 0 0 0 0 1 0 1 1 1 1 1 0 1 1 0 0 0 1 1 0 0 1 0 1 1 0 1 0 1 1 1 0 0 1 0 1 0 0 1 1 1 0 1 0 1 0 0 0 1 1 0 1 0 0 0 1 0 0 0 0 1 0 1 1 0 0 0 1 1 0 0 1 0 0 0 1 1 1 1 0 0 0 0 1 0 0 1 0 0 0 1 1 0 1 0 1 0 0 1 0 1 1 0 1 1 0 1 1 1 1 1 1 0 1 1 1 1 0 0 1 1 1 1 0 0 0 0 0 1 1 1 0 1 1 0 0 1 0 0 1 0 0 1 1 1 1 1 1 0 0 1 0 0 0 1 0 1 0 0 0 1 0 1 0 1 0 1 0 0 0 1 1 0 1 1 1 0 1 0 0 0 0 1 1 0 1 0 0 0 1 1 1 1 0 1 1 1 1 0 1 0 0 1 0 0 1 0 1 1 1 0 1 1 1 0 1 0 0 0 1 0 1 1 0 1 1 0 0 1 0 1 1 0 1 1 0 1 1 0 0 0 0 1 0 
Picked Items (item,city) = (1 , 2) (3 , 4) (7 , 8) (8 , 9) (12 , 13) (15 , 16) (16 , 17) (17 , 18) (18 , 19) (21 , 22) (23 , 24) (27 , 28) (30 , 31) (33 , 34) (36 , 37) (41 , 42) (42 , 43) (45 , 46) (48 , 49) (51 , 52) (53 , 3) (54 , 4) (59 , 9) (63 , 13) (65 , 15) (72 , 22) (73 , 23) (74 , 24) (75 , 25) (77 , 27) (83 , 33) (87 , 37) (88 , 38) (97 , 47) (100 , 50) (102 , 52) (103 , 2) (104 , 3) (106 , 5) (108 , 7) (110 , 9) (113 , 12) (114 , 13) (117 , 16) (118 , 17) (120 , 19) (124 , 23) (125 , 24) (126 , 25) (129 , 28) (132 , 31) (135 , 34) (136 , 35) (137 , 36) (138 , 37) (140 , 39) (141 , 40) (142 , 41) (145 , 44) (152 , 51) (153 , 52) (156 , 4) (158 , 6) (160 , 8) (161 , 9) (164 , 12) (166 , 14) (168 , 16) (171 , 19) (172 , 20) (173 , 21) (174 , 22) (176 , 24) (180 , 28) (181 , 29) (182 , 30) (186 , 34) (192 , 40) (193 , 41) (198 , 46) (199 , 47) (205 , 2) (206 , 3) (208 , 5) (209 , 6) (210 , 7) (218 , 15) (219 , 16) (241 , 38) (246 , 43) (250 , 47) (252 , 49) (255 , 52) (257 , 3) (259 , 5) (261 , 7) (262 , 8) (271 , 17) (273 , 19) (274 , 20) (275 , 21) (276 , 22) (277 , 23) (279 , 25) (280 , 26) (284 , 30) (285 , 31) (288 , 34) (290 , 36) (291 , 37) (293 , 39) (295 , 41) (296 , 42) (297 , 43) (300 , 46) (302 , 48) (305 , 51) (306 , 52) (307 , 2) (309 , 4) (311 , 6) (315 , 10) (316 , 11) (318 , 13) (322 , 17) (327 , 22) (329 , 24) (330 , 25) (334 , 29) (335 , 30) (338 , 33) (342 , 37) (343 , 38) (344 , 39) (345 , 40) (350 , 45) (353 , 48) (357 , 52) (358 , 2) (360 , 4) (362 , 6) (365 , 9) (367 , 11) (368 , 12) (370 , 14) (371 , 15) (373 , 17) (374 , 18) (375 , 19) (376 , 20) (377 , 21) (378 , 22) (380 , 24) (381 , 25) (382 , 26) (383 , 27) (386 , 30) (387 , 31) (388 , 32) (389 , 33) (395 , 39) (396 , 40) (397 , 41) (399 , 43) (400 , 44) (403 , 47) (406 , 50) (409 , 2) (410 , 3) (411 , 4) (412 , 5) (413 , 6) (414 , 7) (417 , 10) (421 , 14) (423 , 16) (427 , 20) (429 , 22) (431 , 24) (433 , 26) (437 , 30) (438 , 31) (440 , 33) (441 , 34) (442 , 35) (444 , 37) (449 , 42) (450 , 43) (452 , 45) (456 , 49) (457 , 50) (458 , 51) (459 , 52) (461 , 3) (462 , 4) (463 , 5) (464 , 6) (466 , 8) (469 , 11) (472 , 14) (474 , 16) (475 , 17) (476 , 18) (478 , 20) (479 , 21) (480 , 22) (482 , 24) (486 , 28) (488 , 30) (489 , 31) (491 , 33) (492 , 34) (495 , 37) (497 , 39) (498 , 40) (500 , 42) (501 , 43) (503 , 45) (504 , 46) (509 , 51) 

Travel Time: 8209.5756881357810926; Profit: 38758; TSP Distance : 7544.3659000000016022; Weight: 16898 / 68614; 0000000
TSP Tour = 1 49 32 45 19 41 8 9 10 43 33 51 11 52 14 13 47 26 27 28 12 25 4 6 15 5 24 48 38 37 40 39 36 35 34 44 46 16 29 50 20 23 30 2 7 42 21 17 3 18 31 22 1
Knapsack Array = 0 0 0 0 0 0 0 0 0 0 0 0 0 0 0 0 0 0 0 0 0 0 0 0 0 0 0 0 0 0 0 0 0 0 0 0 0 0 0 0 0 0 0 0 0 0 0 0 0 0 0 0 0 0 0 0 0 0 0 0 0 0 0 0 0 0 0 0 0 0 0 0 0 0 0 0 0 0 0 0 0 0 0 0 0 0 0 0 0 0 0 0 0 0 0 0 0 0 0 0 0 0 0 0 0 0 0 0 0 0 0 0 0 0 0 0 0 0 0 0 0 0 0 0 0 0 0 0 0 0 0 0 0 0 0 0 0 0 0 0 0 0 0 0 0 0 0 0 0 0 0 0 0 0 0 0 0 0 0 0 0 0 0 0 0 0 0 0 0 0 0 0 0 0 0 1 0 0 0 1 1 1 0 0 0 1 0 0 0 0 0 1 0 1 1 0 0 1 1 0 0 0 0 0 1 1 0 1 1 1 0 0 0 0 0 0 0 1 1 0 1 0 0 1 1 0 1 0 0 0 0 1 0 0 0 0 0 0 0 0 1 0 0 0 0 1 0 0 0 1 0 1 0 0 1 0 1 0 0 0 1 1 0 1 0 0 0 0 0 0 1 0 1 1 1 1 1 0 1 1 0 0 0 1 1 0 0 1 0 1 0 0 1 0 1 1 1 0 0 1 0 1 0 0 1 1 1 1 0 0 1 0 0 0 1 1 0 1 0 0 0 1 0 0 0 1 1 0 0 1 0 0 0 1 0 0 0 0 0 0 0 0 0 0 0 0 0 0 0 0 0 0 0 0 0 0 0 0 0 0 0 0 0 0 0 0 0 0 0 0 0 0 0 0 0 0 0 0 0 0 0 0 0 0 0 0 0 0 0 0 0 0 0 0 0 0 0 0 0 0 0 0 0 0 0 0 0 0 0 0 0 0 0 0 0 0 0 0 0 0 0 0 0 0 0 0 0 0 0 0 0 0 0 0 0 0 0 0 0 0 0 0 0 0 0 0 0 0 0 0 0 0 0 0 0 0 0 0 0 0 0 0 0 0 0 0 0 0 0 0 0 0 0 0 0 0 0 0 0 0 0 0 0 0 0 0 0 0 0 0 0 0 0 0 0 0 0 0 0 0 0 0 0 0 0 0 0 0 0 0 
Picked Items (item,city) = (176 , 24) (180 , 28) (181 , 29) (182 , 30) (186 , 34) (192 , 40) (194 , 42) (195 , 43) (198 , 46) (199 , 47) (205 , 2) (206 , 3) (208 , 5) (209 , 6) (210 , 7) (218 , 15) (219 , 16) (221 , 18) (224 , 21) (225 , 22) (227 , 24) (232 , 29) (241 , 38) (246 , 43) (250 , 47) (252 , 49) (255 , 52) (257 , 3) (261 , 7) (262 , 8) (264 , 10) (271 , 17) (273 , 19) (274 , 20) (275 , 21) (276 , 22) (277 , 23) (279 , 25) (280 , 26) (284 , 30) (285 , 31) (288 , 34) (290 , 36) (293 , 39) (295 , 41) (296 , 42) (297 , 43) (300 , 46) (302 , 48) (305 , 51) (306 , 52) (307 , 2) (308 , 3) (311 , 6) (315 , 10) (316 , 11) (318 , 13) (322 , 17) (326 , 21) (327 , 22) (330 , 25) (334 , 29) 

Travel Time: 8604.3206841564333445; Profit: 56788; TSP Distance : 7544.3659000000016022; Weight: 24565 / 68614; 0000000
TSP Tour = 1 49 32 45 19 41 8 9 10 43 33 51 11 52 14 13 47 26 27 28 12 25 4 6 15 5 24 48 38 37 40 39 36 35 34 44 46 16 29 50 20 23 30 2 7 42 21 17 3 18 31 22 1
Knapsack Array = 0 0 0 0 0 0 0 0 0 0 0 0 0 0 0 0 0 0 0 0 1 0 1 0 0 0 1 0 1 1 0 0 1 0 0 1 0 0 0 0 1 1 0 0 1 0 0 1 0 0 1 0 1 1 0 0 1 0 1 0 0 0 1 0 1 0 0 0 0 0 1 1 1 1 1 0 1 0 0 1 0 0 1 0 0 0 1 1 0 0 0 0 0 0 0 0 0 0 0 0 0 0 0 0 0 0 0 0 0 0 0 0 0 0 0 0 0 0 0 0 0 0 0 0 0 0 0 0 0 0 0 0 0 0 0 0 0 0 0 0 0 0 0 0 0 0 0 0 0 0 0 0 0 0 0 0 0 0 0 0 0 0 0 0 0 0 0 0 0 0 0 0 0 0 0 1 0 0 0 1 1 1 0 0 0 1 0 0 0 0 0 1 0 1 1 0 0 1 1 0 0 0 0 0 1 1 0 1 1 1 0 0 0 0 0 0 0 1 1 0 1 0 0 1 1 0 1 0 0 0 0 1 0 0 0 0 0 0 0 0 1 0 0 0 0 1 0 0 0 1 0 1 0 0 1 0 1 0 0 0 1 1 0 1 0 0 0 0 0 0 1 0 1 1 1 1 1 0 1 1 0 0 0 1 1 0 0 1 0 1 0 0 1 0 1 1 1 0 0 1 0 1 0 0 1 1 1 1 0 0 1 0 0 0 1 1 0 1 0 0 0 1 0 0 0 1 1 0 0 1 0 0 0 1 0 0 0 0 0 0 0 0 0 0 0 0 0 0 0 0 0 0 0 0 0 0 0 0 0 0 0 0 0 0 0 0 0 0 0 0 0 0 0 0 0 0 0 0 0 0 0 0 0 0 0 0 0 0 0 0 0 0 0 0 0 0 0 0 0 0 0 0 0 0 0 0 0 0 0 0 0 0 0 0 0 0 0 0 0 0 0 0 0 0 0 0 0 0 0 0 0 0 0 0 0 0 0 0 0 0 0 0 0 0 0 0 0 0 0 0 0 0 0 0 0 0 0 0 0 0 0 0 0 0 0 0 0 0 0 0 0 0 0 0 0 0 0 0 0 0 0 0 0 0 0 0 0 0 0 0 0 0 0 0 0 0 0 0 0 0 0 0 0 0 0 0 0 0 0 0 
Picked Items (item,city) = (21 , 22) (23 , 24) (27 , 28) (29 , 30) (30 , 31) (33 , 34) (36 , 37) (41 , 42) (42 , 43) (45 , 46) (48 , 49) (51 , 52) (53 , 3) (54 , 4) (57 , 7) (59 , 9) (63 , 13) (65 , 15) (71 , 21) (72 , 22) (73 , 23) (74 , 24) (75 , 25) (77 , 27) (80 , 30) (83 , 33) (87 , 37) (88 , 38) (176 , 24) (180 , 28) (181 , 29) (182 , 30) (186 , 34) (192 , 40) (194 , 42) (195 , 43) (198 , 46) (199 , 47) (205 , 2) (206 , 3) (208 , 5) (209 , 6) (210 , 7) (218 , 15) (219 , 16) (221 , 18) (224 , 21) (225 , 22) (227 , 24) (232 , 29) (241 , 38) (246 , 43) (250 , 47) (252 , 49) (255 , 52) (257 , 3) (261 , 7) (262 , 8) (264 , 10) (271 , 17) (273 , 19) (274 , 20) (275 , 21) (276 , 22) (277 , 23) (279 , 25) (280 , 26) (284 , 30) (285 , 31) (288 , 34) (290 , 36) (293 , 39) (295 , 41) (296 , 42) (297 , 43) (300 , 46) (302 , 48) (305 , 51) (306 , 52) (307 , 2) (308 , 3) (311 , 6) (315 , 10) (316 , 11) (318 , 13) (322 , 17) (326 , 21) (327 , 22) (330 , 25) (334 , 29) 


Pareto (Travel Time; Profit; IsValid)

8568.1276165224062424 ; 47396; 0000000
9553.0836241904307826 ; 79700; 0000000
9835.9802371353289345 ; 90014; 0000000
11647.16854721641721 ; 119330; 0000000
14623.707163494173074 ; 143966; 0000000
8918.1236155833666999 ; 64381; 0000000
7544.3659000000006927 ; 0; 0000000
11454.373758474032002 ; 117582; 0000000
11366.118624189635739 ; 117068; 0000000
8173.6385519123650738 ; 33877; 0000000
8431.2234764836321119 ; 47246; 0000000
8991.6814990260954801 ; 66534; 0000000
8284.0298792678895552 ; 39453; 0000000
9984.0184357782236475 ; 98485; 0000000
11149.433119357583564 ; 114396; 0000000
13897.653773230404113 ; 141184; 0000000
9676.3231314575314173 ; 80482; 0000000
9682.6469049825282127 ; 80881; 0000000
7708.9786969723018046 ; 11318; 0000000
7800.448606420993201 ; 16292; 0000000
8063.6341848332140216 ; 31175; 0000000
8083.5190521032072866 ; 33449; 0000000
11997.151624587868355 ; 119892; 0000000
7551.0256887763544 ; 1785; 0000000
8193.3919242413849133 ; 36996; 0000000
9521.4946624464319029 ; 77242; 0000000
8393.1092706257131795 ; 44665; 0000000
13196.110316408932704 ; 135371; 0000000
10537.808833245877395 ; 99203; 0000000
8906.0175459264610254 ; 61631; 0000000
7675.2404297632037924 ; 7789; 0000000
7898.1073962046302768 ; 24522; 0000000
14578.195733005870352 ; 141379; 0000000
8209.5756881357810926 ; 38758; 0000000
8604.3206841564333445 ; 56788; 0000000
