Travel Time: 2642.7411394933710653; Profit: 5699; TSP Distance : 2587.9299300000006951; Weight: 2004 / 25437; 0000000
TSP Tour = 1 2 242 243 241 240 239 238 237 236 235 234 233 232 231 246 245 244 247 250 251 230 229 228 227 226 225 224 223 222 221 220 219 218 217 216 215 214 213 212 211 210 207 206 205 204 203 202 201 198 197 196 195 194 193 192 191 190 189 188 187 186 185 184 183 182 181 176 180 179 150 178 177 151 152 156 153 155 154 129 128 127 126 30 125 124 123 122 121 120 119 157 158 159 160 175 161 162 163 164 165 166 167 168 169 170 172 171 173 174 107 106 105 104 103 102 101 100 99 98 97 96 95 94 93 92 91 90 89 109 108 110 111 114 113 112 88 87 84 83 82 81 80 79 78 77 75 76 74 73 72 71 70 67 69 68 58 57 56 55 54 53 52 51 50 49 48 47 46 45 44 59 63 64 65 66 85 86 116 115 117 118 62 61 60 43 42 41 40 39 38 37 36 35 34 33 32 31 29 28 27 26 22 25 23 24 14 15 13 12 11 10 9 8 7 6 5 4 277 276 275 274 273 272 271 16 17 18 19 20 21 130 131 132 133 134 270 269 135 136 268 267 137 138 139 149 148 147 146 145 199 200 144 143 142 141 140 266 265 264 263 262 261 260 259 258 257 254 253 208 209 252 255 256 249 248 278 279 3 280 1
Knapsack Array = 0 0 0 0 0 0 0 0 0 0 0 1 0 0 1 0 1 1 0 0 1 0 1 0 0 0 1 0 1 1 0 0 0 0 0 0 0 0 0 0 0 0 0 0 0 0 0 0 0 0 0 0 0 0 0 0 0 0 0 0 0 0 0 0 0 0 0 0 0 0 0 0 0 0 0 0 0 0 0 0 0 0 0 0 0 0 0 0 0 0 0 0 0 0 0 0 0 0 0 0 0 0 0 0 0 0 0 0 0 0 0 0 0 0 0 0 0 0 0 0 0 0 0 0 0 0 0 0 0 0 0 0 0 0 0 0 0 0 0 0 0 0 0 0 0 0 0 0 0 0 0 0 0 0 0 0 0 0 0 0 0 0 0 0 0 0 0 0 0 0 0 0 0 0 0 0 0 0 0 0 0 0 0 0 0 0 0 0 0 0 0 0 0 0 0 0 0 0 0 0 0 0 0 0 0 0 0 0 0 0 0 0 0 0 0 0 0 0 0 0 0 0 0 0 0 0 0 0 0 0 0 0 0 0 0 0 0 0 0 0 0 0 0 0 0 0 0 0 0 0 0 0 0 0 0 0 0 0 0 0 0 0 0 0 0 0 0 0 0 0 0 0 0 0 0 0 0 0 0 
Picked Items (item,city) = (12 , 13) (15 , 16) (17 , 18) (18 , 19) (21 , 22) (23 , 24) (27 , 28) (29 , 30) (30 , 31) 

Travel Time: 2587.9299300000006951; Profit: 0; TSP Distance : 2587.9299300000006951; Weight: 0 / 25437; 0000000
TSP Tour = 1 2 242 243 241 240 239 238 237 236 235 234 233 232 231 246 245 244 247 250 251 230 229 228 227 226 225 224 223 222 221 220 219 218 217 216 215 214 213 212 211 210 207 206 205 204 203 202 201 198 197 196 195 194 193 192 191 190 189 188 187 186 185 184 183 182 181 176 180 179 150 178 177 151 152 156 153 155 154 129 128 127 126 30 125 124 123 122 121 120 119 157 158 159 160 175 161 162 163 164 165 166 167 168 169 170 172 171 173 174 107 106 105 104 103 102 101 100 99 98 97 96 95 94 93 92 91 90 89 109 108 110 111 114 113 112 88 87 84 83 82 81 80 79 78 77 75 76 74 73 72 71 70 67 69 68 58 57 56 55 54 53 52 51 50 49 48 47 46 45 44 59 63 64 65 66 85 86 116 115 117 118 62 61 60 43 42 41 40 39 38 37 36 35 34 33 32 31 29 28 27 26 22 25 23 24 14 15 13 12 11 10 9 8 7 6 5 4 277 276 275 274 273 272 271 16 17 18 19 20 21 130 131 132 133 134 270 269 135 136 268 267 137 138 139 149 148 147 146 145 199 200 144 143 142 141 140 266 265 264 263 262 261 260 259 258 257 254 253 208 209 252 255 256 249 248 278 279 3 280 1
Knapsack Array = 0 0 0 0 0 0 0 0 0 0 0 0 0 0 0 0 0 0 0 0 0 0 0 0 0 0 0 0 0 0 0 0 0 0 0 0 0 0 0 0 0 0 0 0 0 0 0 0 0 0 0 0 0 0 0 0 0 0 0 0 0 0 0 0 0 0 0 0 0 0 0 0 0 0 0 0 0 0 0 0 0 0 0 0 0 0 0 0 0 0 0 0 0 0 0 0 0 0 0 0 0 0 0 0 0 0 0 0 0 0 0 0 0 0 0 0 0 0 0 0 0 0 0 0 0 0 0 0 0 0 0 0 0 0 0 0 0 0 0 0 0 0 0 0 0 0 0 0 0 0 0 0 0 0 0 0 0 0 0 0 0 0 0 0 0 0 0 0 0 0 0 0 0 0 0 0 0 0 0 0 0 0 0 0 0 0 0 0 0 0 0 0 0 0 0 0 0 0 0 0 0 0 0 0 0 0 0 0 0 0 0 0 0 0 0 0 0 0 0 0 0 0 0 0 0 0 0 0 0 0 0 0 0 0 0 0 0 0 0 0 0 0 0 0 0 0 0 0 0 0 0 0 0 0 0 0 0 0 0 0 0 0 0 0 0 0 0 0 0 0 0 0 0 0 0 0 0 0 0 
Picked Items (item,city) = 

Travel Time: 2896.7693880235019606; Profit: 23723; TSP Distance : 2701.2451899999996385; Weight: 8990 / 25437; 0000000
TSP Tour = 1 2 280 3 279 278 277 276 275 274 273 272 271 270 269 268 267 266 265 264 263 262 261 260 259 258 257 256 255 254 253 252 251 250 249 248 247 246 245 244 243 242 241 240 239 238 237 236 235 234 233 232 231 230 229 228 227 226 225 224 223 222 221 220 219 218 217 216 215 214 213 212 211 210 209 208 207 206 205 204 203 202 201 200 199 198 197 196 195 194 193 192 191 190 189 188 187 186 185 184 183 182 181 180 179 176 177 151 152 153 154 155 156 178 150 149 148 147 146 145 144 143 142 141 140 139 138 137 136 135 134 133 132 131 130 129 128 127 126 125 124 123 122 121 120 119 157 158 159 160 175 161 162 163 164 165 166 167 168 169 170 172 171 173 174 107 106 105 104 103 102 101 100 99 98 97 96 95 94 93 92 91 90 89 109 108 110 111 114 113 112 88 87 84 83 82 81 80 79 78 77 75 76 74 73 72 71 70 67 69 68 58 57 56 55 54 53 52 51 50 49 48 47 46 45 44 59 63 64 65 66 85 86 116 115 117 118 62 61 60 43 42 41 40 39 38 37 36 35 34 33 32 31 30 29 28 27 26 22 25 23 24 21 20 19 18 17 16 15 14 13 12 11 10 9 8 7 6 5 4 1
Knapsack Array = 1 0 1 0 0 0 1 1 0 1 0 1 0 0 1 0 1 1 0 0 1 0 1 0 0 0 1 0 1 1 0 0 1 0 0 1 0 0 0 0 1 1 0 0 1 0 0 1 0 0 1 0 1 1 0 0 0 0 1 0 0 0 1 0 1 0 0 0 0 0 1 0 1 1 1 0 1 0 0 0 0 0 1 0 0 0 1 1 0 0 0 0 0 0 0 0 1 0 0 0 0 0 0 0 0 0 0 0 0 0 0 0 0 0 0 0 0 0 0 0 0 0 0 0 0 0 0 0 0 0 0 0 0 0 0 0 0 0 0 0 0 0 0 0 0 0 0 0 0 0 0 0 0 0 0 0 0 0 0 0 1 0 0 0 0 0 0 0 0 0 0 0 0 0 0 0 0 0 0 0 0 0 0 0 0 0 0 0 0 0 0 0 0 0 0 0 0 0 0 0 0 0 0 0 0 0 0 0 0 0 0 0 0 0 0 0 0 0 0 0 0 0 0 0 0 0 0 0 0 0 0 0 0 0 0 0 0 0 0 0 0 0 0 0 0 0 0 0 0 0 0 0 0 0 0 0 0 0 0 0 0 0 0 0 0 0 0 0 0 0 0 0 0 0 0 0 0 0 0 
Picked Items (item,city) = (1 , 2) (3 , 4) (7 , 8) (8 , 9) (10 , 11) (12 , 13) (15 , 16) (17 , 18) (18 , 19) (21 , 22) (23 , 24) (27 , 28) (29 , 30) (30 , 31) (33 , 34) (36 , 37) (41 , 42) (42 , 43) (45 , 46) (48 , 49) (51 , 52) (53 , 54) (54 , 55) (59 , 60) (63 , 64) (65 , 66) (71 , 72) (73 , 74) (74 , 75) (75 , 76) (77 , 78) (83 , 84) (87 , 88) (88 , 89) (97 , 98) (161 , 162) 

Travel Time: 2646.8385610253708364; Profit: 6281; TSP Distance : 2587.9299300000006951; Weight: 2486 / 25437; 0000000
TSP Tour = 1 2 242 243 241 240 239 238 237 236 235 234 233 232 231 246 245 244 247 250 251 230 229 228 227 226 225 224 223 222 221 220 219 218 217 216 215 214 213 212 211 210 207 206 205 204 203 202 201 198 197 196 195 194 193 192 191 190 189 188 187 186 185 184 183 182 181 176 180 179 150 178 177 151 152 156 153 155 154 129 128 127 126 30 125 124 123 122 121 120 119 157 158 159 160 175 161 162 163 164 165 166 167 168 169 170 172 171 173 174 107 106 105 104 103 102 101 100 99 98 97 96 95 94 93 92 91 90 89 109 108 110 111 114 113 112 88 87 84 83 82 81 80 79 78 77 75 76 74 73 72 71 70 67 69 68 58 57 56 55 54 53 52 51 50 49 48 47 46 45 44 59 63 64 65 66 85 86 116 115 117 118 62 61 60 43 42 41 40 39 38 37 36 35 34 33 32 31 29 28 27 26 22 25 23 24 14 15 13 12 11 10 9 8 7 6 5 4 277 276 275 274 273 272 271 16 17 18 19 20 21 130 131 132 133 134 270 269 135 136 268 267 137 138 139 149 148 147 146 145 199 200 144 143 142 141 140 266 265 264 263 262 261 260 259 258 257 254 253 208 209 252 255 256 249 248 278 279 3 280 1
Knapsack Array = 1 0 1 0 0 0 1 1 0 1 0 1 0 0 1 0 1 1 0 0 1 0 0 0 0 0 0 0 0 0 0 0 0 0 0 0 0 0 0 0 0 0 0 0 0 0 0 0 0 0 0 0 0 0 0 0 0 0 0 0 0 0 0 0 0 0 0 0 0 0 0 0 0 0 0 0 0 0 0 0 0 0 0 0 0 0 0 0 0 0 0 0 0 0 0 0 0 0 0 0 0 0 0 0 0 0 0 0 0 0 0 0 0 0 0 0 0 0 0 0 0 0 0 0 0 0 0 0 0 0 0 0 0 0 0 0 0 0 0 0 0 0 0 0 0 0 0 0 0 0 0 0 0 0 0 0 0 0 0 0 0 0 0 0 0 0 0 0 0 0 0 0 0 0 0 0 0 0 0 0 0 0 0 0 0 0 0 0 0 0 0 0 0 0 0 0 0 0 0 0 0 0 0 0 0 0 0 0 0 0 0 0 0 0 0 0 0 0 0 0 0 0 0 0 0 0 0 0 0 0 0 0 0 0 0 0 0 0 0 0 0 0 0 0 0 0 0 0 0 0 0 0 0 0 0 0 0 0 0 0 0 0 0 0 0 0 0 0 0 0 0 0 0 0 0 0 0 0 0 
Picked Items (item,city) = (1 , 2) (3 , 4) (7 , 8) (8 , 9) (10 , 11) (12 , 13) (15 , 16) (17 , 18) (18 , 19) (21 , 22) 

Travel Time: 3363.9368804637624635; Profit: 38468; TSP Distance : 2832.4178600000004735; Weight: 13072 / 25437; 0000000
TSP Tour = 1 275 274 273 272 271 270 269 268 267 266 265 264 263 262 261 260 259 258 257 256 255 254 253 252 251 250 249 248 247 246 245 244 243 242 241 240 239 238 237 236 235 234 233 232 231 230 229 228 227 226 225 224 223 222 221 220 219 218 217 216 215 214 213 212 211 210 209 208 207 206 205 204 203 202 201 200 199 198 197 196 195 194 193 192 191 190 189 188 187 186 185 184 183 182 181 180 179 178 177 176 175 161 162 163 164 165 166 167 168 169 170 171 172 173 174 160 159 158 157 153 154 155 156 152 151 150 149 148 147 146 145 144 143 142 141 140 139 138 137 136 135 134 133 132 131 130 129 128 127 126 125 124 123 122 121 120 119 118 117 116 115 114 113 112 111 110 109 108 107 106 105 104 103 102 101 100 99 98 97 96 95 94 93 92 91 90 89 88 87 86 85 84 83 82 81 80 79 78 77 76 75 74 73 72 71 70 69 68 67 66 65 64 63 62 61 60 59 58 57 56 55 54 53 52 51 50 49 48 47 46 45 44 43 42 41 40 39 38 37 36 35 34 33 32 31 30 29 28 27 26 22 25 23 24 21 20 19 18 17 16 15 14 13 12 11 10 9 8 7 6 5 4 276 277 278 279 3 280 2 1
Knapsack Array = 1 0 1 0 0 0 1 1 0 1 0 1 0 0 1 0 1 1 0 0 1 0 1 0 0 0 1 0 1 1 0 0 1 0 0 1 0 0 0 0 1 1 0 0 1 0 0 1 0 0 1 0 1 1 0 0 0 0 1 0 0 0 1 0 1 0 0 0 0 0 0 0 0 1 1 0 1 0 0 0 0 0 0 0 0 1 1 1 0 0 0 0 0 0 0 0 0 0 0 0 0 1 0 0 0 1 0 1 0 1 0 0 0 0 0 0 1 0 0 1 0 0 0 1 1 1 0 0 0 0 0 0 0 0 0 0 0 0 0 0 0 0 0 0 0 0 0 0 0 0 0 1 1 0 0 1 0 0 0 1 1 0 0 1 0 0 0 1 0 0 0 0 0 0 0 0 0 0 0 0 0 0 0 0 0 0 0 0 0 0 0 0 0 0 0 0 0 0 0 0 0 0 0 0 0 0 0 0 0 0 0 0 0 0 0 0 0 0 0 0 0 0 0 0 0 0 0 0 0 0 0 0 0 0 0 0 0 0 0 0 0 0 0 0 0 0 0 0 0 0 0 1 0 0 1 0 1 0 0 0 1 1 0 0 0 0 0 0 0 0 1 0 1 0 1 1 1 0 1 
Picked Items (item,city) = (1 , 2) (3 , 4) (7 , 8) (8 , 9) (10 , 11) (12 , 13) (15 , 16) (17 , 18) (18 , 19) (21 , 22) (23 , 24) (27 , 28) (29 , 30) (30 , 31) (33 , 34) (36 , 37) (41 , 42) (42 , 43) (45 , 46) (48 , 49) (51 , 52) (53 , 54) (54 , 55) (59 , 60) (63 , 64) (65 , 66) (74 , 75) (75 , 76) (77 , 78) (86 , 87) (87 , 88) (88 , 89) (102 , 103) (106 , 107) (108 , 109) (110 , 111) (117 , 118) (120 , 121) (124 , 125) (125 , 126) (126 , 127) (152 , 153) (153 , 154) (156 , 157) (160 , 161) (161 , 162) (164 , 165) (168 , 169) (252 , 253) (255 , 256) (257 , 258) (261 , 262) (262 , 263) (271 , 272) (273 , 274) (275 , 276) (276 , 277) (277 , 278) (279 , 280) 

Travel Time: 3340.3704467578136246; Profit: 38455; TSP Distance : 2832.4178600000004735; Weight: 12736 / 25437; 0000000
TSP Tour = 1 275 274 273 272 271 270 269 268 267 266 265 264 263 262 261 260 259 258 257 256 255 254 253 252 251 250 249 248 247 246 245 244 243 242 241 240 239 238 237 236 235 234 233 232 231 230 229 228 227 226 225 224 223 222 221 220 219 218 217 216 215 214 213 212 211 210 209 208 207 206 205 204 203 202 201 200 199 198 197 196 195 194 193 192 191 190 189 188 187 186 185 184 183 182 181 180 179 178 177 176 175 161 162 163 164 165 166 167 168 169 170 171 172 173 174 160 159 158 157 153 154 155 156 152 151 150 149 148 147 146 145 144 143 142 141 140 139 138 137 136 135 134 133 132 131 130 129 128 127 126 125 124 123 122 121 120 119 118 117 116 115 114 113 112 111 110 109 108 107 106 105 104 103 102 101 100 99 98 97 96 95 94 93 92 91 90 89 88 87 86 85 84 83 82 81 80 79 78 77 76 75 74 73 72 71 70 69 68 67 66 65 64 63 62 61 60 59 58 57 56 55 54 53 52 51 50 49 48 47 46 45 44 43 42 41 40 39 38 37 36 35 34 33 32 31 30 29 28 27 26 22 25 23 24 21 20 19 18 17 16 15 14 13 12 11 10 9 8 7 6 5 4 276 277 278 279 3 280 2 1
Knapsack Array = 1 0 1 0 0 0 1 1 0 1 0 1 0 0 1 0 1 1 0 0 1 0 1 0 0 0 1 0 1 1 0 0 1 0 0 1 0 0 0 0 1 1 0 0 1 0 0 1 0 0 1 0 1 1 0 0 0 0 1 0 0 0 1 0 1 0 0 0 0 0 0 0 0 1 1 0 1 0 0 0 0 0 1 0 0 0 1 1 0 0 0 0 0 0 0 0 0 0 0 0 0 1 0 0 0 1 0 1 0 1 0 0 0 0 0 0 1 0 0 1 0 0 0 1 1 1 0 0 0 0 0 0 0 0 0 0 0 0 0 0 0 0 0 0 0 0 0 0 0 0 0 1 1 0 0 1 0 0 0 1 1 0 0 1 0 0 0 1 0 0 0 0 0 0 0 0 0 0 0 0 0 0 0 0 0 0 0 0 0 0 0 0 0 0 0 0 0 0 0 0 0 0 0 0 0 0 0 0 0 0 0 0 0 0 0 0 0 0 0 0 0 0 0 0 0 0 0 0 0 0 0 0 0 0 0 0 0 0 0 0 0 0 0 0 0 0 0 0 0 0 0 1 0 0 1 0 1 0 0 0 1 1 0 0 0 0 0 0 0 0 1 0 1 0 1 1 1 0 1 
Picked Items (item,city) = (1 , 2) (3 , 4) (7 , 8) (8 , 9) (10 , 11) (12 , 13) (15 , 16) (17 , 18) (18 , 19) (21 , 22) (23 , 24) (27 , 28) (29 , 30) (30 , 31) (33 , 34) (36 , 37) (41 , 42) (42 , 43) (45 , 46) (48 , 49) (51 , 52) (53 , 54) (54 , 55) (59 , 60) (63 , 64) (65 , 66) (74 , 75) (75 , 76) (77 , 78) (83 , 84) (87 , 88) (88 , 89) (102 , 103) (106 , 107) (108 , 109) (110 , 111) (117 , 118) (120 , 121) (124 , 125) (125 , 126) (126 , 127) (152 , 153) (153 , 154) (156 , 157) (160 , 161) (161 , 162) (164 , 165) (168 , 169) (252 , 253) (255 , 256) (257 , 258) (261 , 262) (262 , 263) (271 , 272) (273 , 274) (275 , 276) (276 , 277) (277 , 278) (279 , 280) 

Travel Time: 3231.6716156086081355; Profit: 33839; TSP Distance : 2832.4178600000004735; Weight: 10246 / 25437; 0000000
TSP Tour = 1 275 274 273 272 271 270 269 268 267 266 265 264 263 262 261 260 259 258 257 256 255 254 253 252 251 250 249 248 247 246 245 244 243 242 241 240 239 238 237 236 235 234 233 232 231 230 229 228 227 226 225 224 223 222 221 220 219 218 217 216 215 214 213 212 211 210 209 208 207 206 205 204 203 202 201 200 199 198 197 196 195 194 193 192 191 190 189 188 187 186 185 184 183 182 181 180 179 178 177 176 175 161 162 163 164 165 166 167 168 169 170 171 172 173 174 160 159 158 157 153 154 155 156 152 151 150 149 148 147 146 145 144 143 142 141 140 139 138 137 136 135 134 133 132 131 130 129 128 127 126 125 124 123 122 121 120 119 118 117 116 115 114 113 112 111 110 109 108 107 106 105 104 103 102 101 100 99 98 97 96 95 94 93 92 91 90 89 88 87 86 85 84 83 82 81 80 79 78 77 76 75 74 73 72 71 70 69 68 67 66 65 64 63 62 61 60 59 58 57 56 55 54 53 52 51 50 49 48 47 46 45 44 43 42 41 40 39 38 37 36 35 34 33 32 31 30 29 28 27 26 22 25 23 24 21 20 19 18 17 16 15 14 13 12 11 10 9 8 7 6 5 4 276 277 278 279 3 280 2 1
Knapsack Array = 1 0 1 0 0 0 1 1 0 1 0 1 0 0 1 0 1 1 0 0 1 0 1 0 0 0 1 0 0 1 0 0 1 0 0 1 0 0 0 0 0 0 0 0 0 0 0 0 0 0 1 0 1 0 0 0 0 0 0 0 0 0 1 0 0 0 0 0 0 0 0 0 0 1 1 0 1 0 0 0 0 0 1 0 0 0 1 1 0 0 0 0 0 0 0 0 0 0 0 0 0 1 0 0 0 1 0 1 0 1 0 0 0 0 0 0 1 0 0 1 0 0 0 1 1 1 0 0 0 0 0 0 0 0 0 0 0 0 0 0 0 0 0 0 0 0 0 0 0 0 0 1 1 0 0 1 0 0 0 1 1 0 0 1 0 0 0 1 0 0 0 0 0 0 0 0 0 0 0 0 0 0 0 0 0 0 0 0 0 0 0 0 0 0 0 0 0 0 0 0 0 0 0 0 0 0 0 0 0 0 0 0 0 0 0 0 0 0 0 0 0 0 0 0 0 0 0 0 0 0 0 0 0 0 0 0 0 0 0 0 0 0 0 0 0 0 0 0 0 0 0 1 0 0 1 0 1 0 0 0 1 1 0 0 0 0 0 0 0 0 1 0 1 0 1 1 1 0 1 
Picked Items (item,city) = (1 , 2) (3 , 4) (7 , 8) (8 , 9) (10 , 11) (12 , 13) (15 , 16) (17 , 18) (18 , 19) (21 , 22) (23 , 24) (27 , 28) (30 , 31) (33 , 34) (36 , 37) (51 , 52) (53 , 54) (63 , 64) (74 , 75) (75 , 76) (77 , 78) (83 , 84) (87 , 88) (88 , 89) (102 , 103) (106 , 107) (108 , 109) (110 , 111) (117 , 118) (120 , 121) (124 , 125) (125 , 126) (126 , 127) (152 , 153) (153 , 154) (156 , 157) (160 , 161) (161 , 162) (164 , 165) (168 , 169) (252 , 253) (255 , 256) (257 , 258) (261 , 262) (262 , 263) (271 , 272) (273 , 274) (275 , 276) (276 , 277) (277 , 278) (279 , 280) 

Travel Time: 4093.6588816997482354; Profit: 49863; TSP Distance : 2790.9983600000005026; Weight: 18581 / 25437; 0000000
TSP Tour = 1 2 280 3 279 278 277 276 275 274 273 272 271 270 269 268 267 266 265 264 263 262 261 260 259 258 257 256 255 254 253 252 251 250 249 248 247 246 245 244 243 242 241 240 239 238 237 236 235 234 233 232 231 230 229 228 227 226 225 224 223 222 221 220 219 218 217 216 215 214 213 212 211 210 209 208 207 206 205 204 203 202 201 200 199 198 197 196 195 194 193 192 191 190 189 188 187 186 185 184 183 182 181 180 179 178 177 176 175 161 162 163 164 165 166 167 168 169 170 171 172 173 174 160 159 158 157 155 154 153 156 152 151 150 149 148 147 146 145 144 143 142 141 140 139 138 137 136 135 134 133 132 131 130 129 128 127 126 125 124 123 122 121 120 119 118 117 116 115 114 113 112 111 110 109 108 107 106 105 104 103 102 101 100 99 98 97 96 95 94 93 92 91 90 89 88 87 86 85 84 83 82 81 80 79 78 77 76 75 74 73 72 71 70 69 68 67 66 65 64 63 62 61 60 59 58 57 56 55 54 53 52 51 50 49 48 47 46 45 44 43 42 41 40 39 38 37 36 35 34 33 32 31 30 29 28 27 26 22 25 23 24 21 20 19 18 17 16 15 14 13 12 11 10 9 8 7 6 5 4 1
Knapsack Array = 1 0 1 0 0 0 1 1 0 1 0 1 0 0 1 0 1 1 0 0 1 0 1 0 0 0 1 0 1 1 0 0 1 0 0 1 0 0 0 0 1 1 0 0 1 0 0 1 0 0 1 0 1 1 0 0 0 0 1 0 0 0 1 0 1 0 0 0 0 0 1 0 1 1 1 0 1 0 0 0 0 0 1 0 0 0 1 1 0 0 0 0 0 0 0 0 1 0 0 1 0 1 0 1 0 1 0 1 0 1 0 0 1 1 0 0 1 0 0 1 0 0 0 1 1 1 0 0 1 0 0 1 0 0 1 1 0 1 0 1 0 0 0 0 0 0 0 0 0 0 0 1 1 0 0 0 0 0 0 0 1 0 0 0 0 0 0 0 0 0 0 0 0 0 0 0 0 0 0 0 0 0 0 0 0 1 0 0 0 0 0 1 1 0 0 0 0 1 1 0 0 0 0 0 1 1 0 1 1 1 0 0 0 0 0 0 0 1 1 0 0 0 0 1 0 0 1 0 0 0 0 1 0 0 0 0 0 0 0 0 1 0 0 0 0 1 0 0 0 1 0 1 0 0 1 0 1 0 0 0 1 1 0 0 0 0 0 0 0 0 1 0 1 0 0 0 0 0 0 
Picked Items (item,city) = (1 , 2) (3 , 4) (7 , 8) (8 , 9) (10 , 11) (12 , 13) (15 , 16) (17 , 18) (18 , 19) (21 , 22) (23 , 24) (27 , 28) (29 , 30) (30 , 31) (33 , 34) (36 , 37) (41 , 42) (42 , 43) (45 , 46) (48 , 49) (51 , 52) (53 , 54) (54 , 55) (59 , 60) (63 , 64) (65 , 66) (71 , 72) (73 , 74) (74 , 75) (75 , 76) (77 , 78) (83 , 84) (87 , 88) (88 , 89) (97 , 98) (100 , 101) (102 , 103) (104 , 105) (106 , 107) (108 , 109) (110 , 111) (113 , 114) (114 , 115) (117 , 118) (120 , 121) (124 , 125) (125 , 126) (126 , 127) (129 , 130) (132 , 133) (135 , 136) (136 , 137) (138 , 139) (140 , 141) (152 , 153) (153 , 154) (161 , 162) (186 , 187) (192 , 193) (193 , 194) (198 , 199) (199 , 200) (205 , 206) (206 , 207) (208 , 209) (209 , 210) (210 , 211) (218 , 219) (219 , 220) (224 , 225) (227 , 228) (232 , 233) (241 , 242) (246 , 247) (250 , 251) (252 , 253) (255 , 256) (257 , 258) (261 , 262) (262 , 263) (271 , 272) (273 , 274) 

Travel Time: 3108.1757545420273345; Profit: 29044; TSP Distance : 2810.4149600000005194; Weight: 10890 / 25437; 0000000
TSP Tour = 1 3 279 278 277 276 275 274 273 272 271 270 269 268 267 266 265 264 263 262 261 260 259 258 257 256 255 254 253 252 251 250 249 248 247 246 245 244 243 242 241 240 239 238 237 236 235 234 233 232 231 230 229 228 227 226 225 224 223 222 221 220 219 218 217 216 215 214 213 212 211 210 209 208 207 206 205 204 203 202 201 200 199 198 197 196 195 194 193 192 191 190 189 188 187 186 185 184 183 182 181 180 179 178 177 176 175 174 173 172 171 170 169 168 167 166 165 164 163 162 161 160 159 158 157 156 155 154 153 152 151 150 149 148 147 146 145 144 143 142 141 140 139 138 137 136 135 134 133 132 131 130 129 128 127 126 125 124 123 122 121 120 119 118 117 116 115 114 113 112 111 110 109 108 107 106 105 104 103 102 101 100 99 98 97 96 95 94 93 92 91 90 89 88 87 86 85 84 83 82 81 80 79 78 77 76 75 74 73 72 71 70 69 68 67 66 65 64 63 62 61 60 59 58 57 56 55 54 53 52 51 50 49 48 47 46 45 44 43 42 41 40 39 38 37 36 35 34 33 32 31 30 29 28 27 26 22 23 24 25 21 20 19 18 17 16 15 14 13 12 11 10 9 8 7 6 5 4 280 2 1
Knapsack Array = 1 0 1 0 0 0 1 1 0 1 0 1 0 0 1 0 1 1 0 0 1 0 1 0 0 0 1 0 1 1 0 0 1 0 0 1 0 0 0 0 1 1 0 0 1 0 0 1 0 0 1 0 1 1 0 0 0 0 1 0 0 0 1 0 1 0 0 0 0 0 1 0 1 1 1 0 1 0 0 0 0 0 1 0 0 0 1 1 0 0 0 0 0 0 0 0 1 0 0 1 0 1 0 1 0 1 0 1 0 1 0 0 1 1 0 0 1 0 0 0 0 0 0 0 0 0 0 0 0 0 0 0 0 0 0 0 0 0 0 0 0 0 0 0 0 0 0 0 0 0 0 0 0 0 0 0 0 0 0 0 1 0 0 0 0 0 0 0 0 0 0 0 0 0 0 0 0 0 0 0 0 0 0 0 0 0 0 0 0 0 0 0 0 0 0 0 0 0 0 0 0 0 0 0 0 0 0 0 0 0 0 0 0 0 0 0 0 0 0 0 0 0 0 0 0 0 1 0 0 0 0 0 0 0 0 0 0 0 0 0 0 0 0 0 0 0 0 0 0 1 0 0 0 0 0 0 0 0 0 0 0 0 0 0 0 0 0 0 0 0 0 0 0 0 0 0 0 0 1 
Picked Items (item,city) = (1 , 2) (3 , 4) (7 , 8) (8 , 9) (10 , 11) (12 , 13) (15 , 16) (17 , 18) (18 , 19) (21 , 22) (23 , 24) (27 , 28) (29 , 30) (30 , 31) (33 , 34) (36 , 37) (41 , 42) (42 , 43) (45 , 46) (48 , 49) (51 , 52) (53 , 54) (54 , 55) (59 , 60) (63 , 64) (65 , 66) (71 , 72) (73 , 74) (74 , 75) (75 , 76) (77 , 78) (83 , 84) (87 , 88) (88 , 89) (97 , 98) (100 , 101) (102 , 103) (104 , 105) (106 , 107) (108 , 109) (110 , 111) (113 , 114) (114 , 115) (117 , 118) (161 , 162) (227 , 228) (250 , 251) (279 , 280) 

Travel Time: 3016.7407147434182662; Profit: 25121; TSP Distance : 2810.4149600000005194; Weight: 9315 / 25437; 0000000
TSP Tour = 1 3 279 278 277 276 275 274 273 272 271 270 269 268 267 266 265 264 263 262 261 260 259 258 257 256 255 254 253 252 251 250 249 248 247 246 245 244 243 242 241 240 239 238 237 236 235 234 233 232 231 230 229 228 227 226 225 224 223 222 221 220 219 218 217 216 215 214 213 212 211 210 209 208 207 206 205 204 203 202 201 200 199 198 197 196 195 194 193 192 191 190 189 188 187 186 185 184 183 182 181 180 179 178 177 176 175 174 173 172 171 170 169 168 167 166 165 164 163 162 161 160 159 158 157 156 155 154 153 152 151 150 149 148 147 146 145 144 143 142 141 140 139 138 137 136 135 134 133 132 131 130 129 128 127 126 125 124 123 122 121 120 119 118 117 116 115 114 113 112 111 110 109 108 107 106 105 104 103 102 101 100 99 98 97 96 95 94 93 92 91 90 89 88 87 86 85 84 83 82 81 80 79 78 77 76 75 74 73 72 71 70 69 68 67 66 65 64 63 62 61 60 59 58 57 56 55 54 53 52 51 50 49 48 47 46 45 44 43 42 41 40 39 38 37 36 35 34 33 32 31 30 29 28 27 26 22 23 24 25 21 20 19 18 17 16 15 14 13 12 11 10 9 8 7 6 5 4 280 2 1
Knapsack Array = 1 0 1 0 0 0 1 1 0 1 0 1 0 0 1 0 1 1 0 0 1 0 1 0 0 0 1 0 1 1 0 0 1 0 0 1 0 0 0 0 1 1 0 0 1 0 0 1 0 0 1 0 1 1 0 0 0 0 1 0 0 0 1 0 1 0 0 0 0 0 1 0 1 1 1 0 1 0 0 0 0 0 1 0 0 0 1 1 0 0 0 0 0 0 0 0 0 0 0 0 0 0 0 0 0 0 0 0 1 1 0 0 0 0 0 0 0 0 0 0 0 0 0 0 0 0 0 0 0 0 0 0 0 0 0 0 0 0 0 0 0 0 0 0 0 0 0 0 0 0 0 0 0 0 0 0 0 0 0 0 1 0 0 0 0 0 0 0 0 0 0 0 0 0 0 0 0 0 0 0 0 0 0 0 0 0 0 0 0 0 0 0 0 0 0 0 0 0 0 0 0 0 0 0 0 0 0 0 0 0 0 0 0 0 0 0 0 0 0 0 0 0 0 0 0 0 1 0 0 0 0 0 0 0 0 0 0 0 0 0 0 0 0 0 0 0 0 0 0 1 0 0 0 0 0 0 0 0 0 0 0 0 0 0 0 0 0 0 0 0 0 0 0 0 0 0 0 0 1 
Picked Items (item,city) = (1 , 2) (3 , 4) (7 , 8) (8 , 9) (10 , 11) (12 , 13) (15 , 16) (17 , 18) (18 , 19) (21 , 22) (23 , 24) (27 , 28) (29 , 30) (30 , 31) (33 , 34) (36 , 37) (41 , 42) (42 , 43) (45 , 46) (48 , 49) (51 , 52) (53 , 54) (54 , 55) (59 , 60) (63 , 64) (65 , 66) (71 , 72) (73 , 74) (74 , 75) (75 , 76) (77 , 78) (83 , 84) (87 , 88) (88 , 89) (109 , 110) (110 , 111) (161 , 162) (227 , 228) (250 , 251) (279 , 280) 

Travel Time: 5092.5936644887087823; Profit: 58394; TSP Distance : 2797.8470600000005106; Weight: 22084 / 25437; 0000000
TSP Tour = 1 2 280 279 278 277 276 275 274 273 272 271 270 269 268 267 266 265 264 263 262 261 260 259 258 257 256 255 254 253 252 251 250 249 248 247 246 245 244 243 242 241 240 239 238 237 236 235 234 233 232 231 230 229 228 227 226 225 224 223 222 221 220 219 218 217 216 215 214 213 212 211 210 209 208 207 206 205 204 203 202 201 200 199 198 197 196 195 194 193 192 191 190 189 188 187 186 185 184 183 182 181 180 179 178 177 176 175 161 162 163 164 165 166 167 168 169 170 171 172 173 174 160 159 158 157 155 154 153 156 152 151 150 149 148 147 146 145 144 143 142 141 140 139 138 137 136 135 134 133 132 131 130 129 128 127 126 125 124 123 122 121 120 119 118 117 116 115 114 113 112 111 110 109 108 107 106 105 104 103 102 101 100 99 98 97 96 95 94 93 92 91 90 89 88 87 86 85 84 83 82 81 80 79 78 77 76 75 74 73 72 71 70 69 68 67 66 65 64 63 62 61 60 59 58 57 56 55 54 53 52 51 50 49 48 47 46 45 44 43 42 41 40 39 38 37 36 35 34 33 32 31 30 29 28 27 26 22 25 23 24 21 20 19 18 17 16 15 14 13 12 11 10 9 8 7 6 5 4 3 1
Knapsack Array = 1 0 1 0 0 0 1 1 0 1 0 1 0 0 1 0 1 1 0 0 1 0 1 0 0 0 1 0 1 1 0 0 1 0 0 1 0 0 0 0 1 1 0 0 1 0 0 1 0 0 1 0 1 1 0 0 0 0 1 0 0 0 1 0 1 0 0 0 0 0 1 0 1 1 1 0 1 0 0 0 0 0 1 0 0 0 1 1 0 0 0 0 0 0 0 0 1 0 0 1 0 1 0 1 0 1 0 1 0 1 0 0 1 1 0 0 1 0 0 1 0 0 0 1 1 1 0 0 1 0 0 0 0 0 0 0 0 0 0 1 0 0 0 0 0 0 0 0 0 0 0 1 1 0 0 1 0 1 0 1 1 0 0 1 0 1 0 1 0 0 1 1 1 1 0 1 0 0 0 1 1 1 0 0 0 1 0 0 0 0 0 1 1 0 0 0 0 1 1 0 0 0 0 0 1 1 0 1 1 1 0 0 0 0 0 0 0 1 1 0 0 0 0 1 0 0 1 0 0 0 0 1 0 0 0 0 0 0 0 0 1 0 0 0 0 0 0 0 0 1 0 0 0 0 1 0 1 0 0 0 1 1 0 0 0 0 0 0 0 0 1 0 1 0 1 1 1 0 1 
Picked Items (item,city) = (1 , 2) (3 , 4) (7 , 8) (8 , 9) (10 , 11) (12 , 13) (15 , 16) (17 , 18) (18 , 19) (21 , 22) (23 , 24) (27 , 28) (29 , 30) (30 , 31) (33 , 34) (36 , 37) (41 , 42) (42 , 43) (45 , 46) (48 , 49) (51 , 52) (53 , 54) (54 , 55) (59 , 60) (63 , 64) (65 , 66) (71 , 72) (73 , 74) (74 , 75) (75 , 76) (77 , 78) (83 , 84) (87 , 88) (88 , 89) (97 , 98) (100 , 101) (102 , 103) (104 , 105) (106 , 107) (108 , 109) (110 , 111) (113 , 114) (114 , 115) (117 , 118) (120 , 121) (124 , 125) (125 , 126) (126 , 127) (129 , 130) (140 , 141) (152 , 153) (153 , 154) (156 , 157) (158 , 159) (160 , 161) (161 , 162) (164 , 165) (166 , 167) (168 , 169) (171 , 172) (172 , 173) (173 , 174) (174 , 175) (176 , 177) (180 , 181) (181 , 182) (182 , 183) (186 , 187) (192 , 193) (193 , 194) (198 , 199) (199 , 200) (205 , 206) (206 , 207) (208 , 209) (209 , 210) (210 , 211) (218 , 219) (219 , 220) (224 , 225) (227 , 228) (232 , 233) (241 , 242) (250 , 251) (255 , 256) (257 , 258) (261 , 262) (262 , 263) (271 , 272) (273 , 274) (275 , 276) (276 , 277) (277 , 278) (279 , 280) 

Travel Time: 5215.7592242074861133; Profit: 59213; TSP Distance : 2797.8470600000005106; Weight: 22390 / 25437; 0000000
TSP Tour = 1 2 280 279 278 277 276 275 274 273 272 271 270 269 268 267 266 265 264 263 262 261 260 259 258 257 256 255 254 253 252 251 250 249 248 247 246 245 244 243 242 241 240 239 238 237 236 235 234 233 232 231 230 229 228 227 226 225 224 223 222 221 220 219 218 217 216 215 214 213 212 211 210 209 208 207 206 205 204 203 202 201 200 199 198 197 196 195 194 193 192 191 190 189 188 187 186 185 184 183 182 181 180 179 178 177 176 175 161 162 163 164 165 166 167 168 169 170 171 172 173 174 160 159 158 157 155 154 153 156 152 151 150 149 148 147 146 145 144 143 142 141 140 139 138 137 136 135 134 133 132 131 130 129 128 127 126 125 124 123 122 121 120 119 118 117 116 115 114 113 112 111 110 109 108 107 106 105 104 103 102 101 100 99 98 97 96 95 94 93 92 91 90 89 88 87 86 85 84 83 82 81 80 79 78 77 76 75 74 73 72 71 70 69 68 67 66 65 64 63 62 61 60 59 58 57 56 55 54 53 52 51 50 49 48 47 46 45 44 43 42 41 40 39 38 37 36 35 34 33 32 31 30 29 28 27 26 22 25 23 24 21 20 19 18 17 16 15 14 13 12 11 10 9 8 7 6 5 4 3 1
Knapsack Array = 1 0 1 0 0 0 1 1 0 1 0 1 0 0 1 0 1 1 0 0 1 0 1 0 0 0 1 0 1 1 0 0 1 0 0 1 0 0 0 0 1 1 0 0 1 0 0 1 0 0 1 0 1 1 0 0 0 0 1 0 0 0 1 0 1 0 0 0 0 0 1 0 1 1 1 0 1 0 0 0 0 0 1 0 0 0 1 1 0 0 0 0 0 0 0 0 1 0 0 1 0 1 0 1 0 1 0 1 0 1 0 0 1 1 0 0 1 0 0 1 0 0 0 1 1 1 0 0 1 0 0 0 0 0 0 0 0 0 0 1 0 0 0 0 0 0 0 0 0 0 0 1 1 0 0 1 0 1 0 1 1 0 0 1 0 1 0 1 0 0 1 1 1 1 0 1 0 0 0 1 1 1 0 0 0 1 0 0 0 0 0 1 1 0 0 0 0 1 1 0 0 0 0 0 1 1 0 1 1 1 0 0 0 0 0 0 0 1 1 0 0 0 0 1 0 0 1 0 0 0 0 1 0 0 0 0 0 0 0 0 1 0 0 0 0 1 0 0 0 1 0 1 0 0 1 0 1 0 0 0 1 1 0 0 0 0 0 0 0 0 1 0 1 0 1 1 1 0 1 
Picked Items (item,city) = (1 , 2) (3 , 4) (7 , 8) (8 , 9) (10 , 11) (12 , 13) (15 , 16) (17 , 18) (18 , 19) (21 , 22) (23 , 24) (27 , 28) (29 , 30) (30 , 31) (33 , 34) (36 , 37) (41 , 42) (42 , 43) (45 , 46) (48 , 49) (51 , 52) (53 , 54) (54 , 55) (59 , 60) (63 , 64) (65 , 66) (71 , 72) (73 , 74) (74 , 75) (75 , 76) (77 , 78) (83 , 84) (87 , 88) (88 , 89) (97 , 98) (100 , 101) (102 , 103) (104 , 105) (106 , 107) (108 , 109) (110 , 111) (113 , 114) (114 , 115) (117 , 118) (120 , 121) (124 , 125) (125 , 126) (126 , 127) (129 , 130) (140 , 141) (152 , 153) (153 , 154) (156 , 157) (158 , 159) (160 , 161) (161 , 162) (164 , 165) (166 , 167) (168 , 169) (171 , 172) (172 , 173) (173 , 174) (174 , 175) (176 , 177) (180 , 181) (181 , 182) (182 , 183) (186 , 187) (192 , 193) (193 , 194) (198 , 199) (199 , 200) (205 , 206) (206 , 207) (208 , 209) (209 , 210) (210 , 211) (218 , 219) (219 , 220) (224 , 225) (227 , 228) (232 , 233) (241 , 242) (246 , 247) (250 , 251) (252 , 253) (255 , 256) (257 , 258) (261 , 262) (262 , 263) (271 , 272) (273 , 274) (275 , 276) (276 , 277) (277 , 278) (279 , 280) 

Travel Time: 3254.9378256158552176; Profit: 34265; TSP Distance : 2797.8470600000005106; Weight: 12495 / 25437; 0000000
TSP Tour = 1 2 280 279 278 277 276 275 274 273 272 271 270 269 268 267 266 265 264 263 262 261 260 259 258 257 256 255 254 253 252 251 250 249 248 247 246 245 244 243 242 241 240 239 238 237 236 235 234 233 232 231 230 229 228 227 226 225 224 223 222 221 220 219 218 217 216 215 214 213 212 211 210 209 208 207 206 205 204 203 202 201 200 199 198 197 196 195 194 193 192 191 190 189 188 187 186 185 184 183 182 181 180 179 178 177 176 175 161 162 163 164 165 166 167 168 169 170 171 172 173 174 160 159 158 157 155 154 153 156 152 151 150 149 148 147 146 145 144 143 142 141 140 139 138 137 136 135 134 133 132 131 130 129 128 127 126 125 124 123 122 121 120 119 118 117 116 115 114 113 112 111 110 109 108 107 106 105 104 103 102 101 100 99 98 97 96 95 94 93 92 91 90 89 88 87 86 85 84 83 82 81 80 79 78 77 76 75 74 73 72 71 70 69 68 67 66 65 64 63 62 61 60 59 58 57 56 55 54 53 52 51 50 49 48 47 46 45 44 43 42 41 40 39 38 37 36 35 34 33 32 31 30 29 28 27 26 22 25 23 24 21 20 19 18 17 16 15 14 13 12 11 10 9 8 7 6 5 4 3 1
Knapsack Array = 1 0 1 0 0 0 1 1 0 1 0 1 0 0 1 0 1 1 0 0 1 0 1 0 0 0 1 0 1 1 0 0 1 0 0 1 0 0 0 0 1 1 0 0 1 0 0 1 0 0 1 0 1 1 0 0 0 0 1 0 0 0 1 0 1 0 0 0 0 0 1 0 1 1 1 0 1 0 0 0 0 0 1 0 0 0 1 1 0 0 0 0 0 0 0 0 1 0 0 1 0 1 0 1 0 1 0 1 0 1 0 0 1 1 0 0 1 0 0 1 0 0 0 1 1 1 0 0 0 0 0 0 0 0 0 0 0 0 0 1 0 0 0 0 0 0 0 0 0 0 0 0 0 0 0 0 0 0 0 0 0 0 0 0 0 0 0 0 0 0 1 0 0 0 0 0 0 0 0 0 0 0 0 0 0 0 0 0 0 0 0 0 0 0 0 0 0 0 0 0 0 0 0 0 0 0 0 0 0 0 0 0 0 0 0 0 0 0 0 0 0 0 0 0 0 0 1 0 0 0 0 0 0 0 0 0 0 0 0 0 0 0 0 0 0 0 0 0 0 1 0 0 0 0 1 0 1 0 0 0 1 1 0 0 0 0 0 0 0 0 1 0 1 0 0 0 0 0 0 
Picked Items (item,city) = (1 , 2) (3 , 4) (7 , 8) (8 , 9) (10 , 11) (12 , 13) (15 , 16) (17 , 18) (18 , 19) (21 , 22) (23 , 24) (27 , 28) (29 , 30) (30 , 31) (33 , 34) (36 , 37) (41 , 42) (42 , 43) (45 , 46) (48 , 49) (51 , 52) (53 , 54) (54 , 55) (59 , 60) (63 , 64) (65 , 66) (71 , 72) (73 , 74) (74 , 75) (75 , 76) (77 , 78) (83 , 84) (87 , 88) (88 , 89) (97 , 98) (100 , 101) (102 , 103) (104 , 105) (106 , 107) (108 , 109) (110 , 111) (113 , 114) (114 , 115) (117 , 118) (120 , 121) (124 , 125) (125 , 126) (126 , 127) (140 , 141) (171 , 172) (227 , 228) (250 , 251) (255 , 256) (257 , 258) (261 , 262) (262 , 263) (271 , 272) (273 , 274) 

Travel Time: 6204.2743510537684415; Profit: 62226; TSP Distance : 2797.8470600000005106; Weight: 24561 / 25437; 0000000
TSP Tour = 1 2 280 279 278 277 276 275 274 273 272 271 270 269 268 267 266 265 264 263 262 261 260 259 258 257 256 255 254 253 252 251 250 249 248 247 246 245 244 243 242 241 240 239 238 237 236 235 234 233 232 231 230 229 228 227 226 225 224 223 222 221 220 219 218 217 216 215 214 213 212 211 210 209 208 207 206 205 204 203 202 201 200 199 198 197 196 195 194 193 192 191 190 189 188 187 186 185 184 183 182 181 180 179 178 177 176 175 161 162 163 164 165 166 167 168 169 170 171 172 173 174 160 159 158 157 155 154 153 156 152 151 150 149 148 147 146 145 144 143 142 141 140 139 138 137 136 135 134 133 132 131 130 129 128 127 126 125 124 123 122 121 120 119 118 117 116 115 114 113 112 111 110 109 108 107 106 105 104 103 102 101 100 99 98 97 96 95 94 93 92 91 90 89 88 87 86 85 84 83 82 81 80 79 78 77 76 75 74 73 72 71 70 69 68 67 66 65 64 63 62 61 60 59 58 57 56 55 54 53 52 51 50 49 48 47 46 45 44 43 42 41 40 39 38 37 36 35 34 33 32 31 30 29 28 27 26 22 25 23 24 21 20 19 18 17 16 15 14 13 12 11 10 9 8 7 6 5 4 3 1
Knapsack Array = 1 0 1 0 0 0 1 1 0 1 0 1 0 0 1 0 1 1 0 0 1 0 1 0 0 0 1 0 1 1 0 0 1 0 0 1 0 0 0 0 1 1 0 0 1 0 0 1 0 0 1 0 1 1 0 0 0 0 1 0 0 0 1 0 1 0 0 0 0 0 1 0 1 1 1 0 1 0 0 0 0 0 1 0 0 0 1 1 0 0 0 0 0 0 0 0 1 0 0 1 0 1 0 1 0 1 0 1 0 1 0 0 1 1 0 0 1 0 0 1 0 0 0 1 1 1 0 0 1 0 0 1 0 0 1 1 0 1 0 1 1 1 0 0 1 0 0 0 0 0 0 1 1 0 0 1 0 1 0 1 1 0 0 1 0 1 0 1 0 0 1 1 1 1 0 1 0 0 0 1 1 1 0 0 0 1 0 0 0 0 0 1 0 0 0 0 0 0 0 0 0 0 0 0 1 1 0 1 1 1 0 0 0 0 0 0 0 1 1 0 0 0 0 1 0 0 1 0 0 0 0 1 0 0 0 0 0 0 0 0 1 0 0 0 0 1 0 0 0 1 0 1 0 0 1 0 1 0 0 0 1 1 0 0 0 0 0 0 0 0 1 0 1 0 1 1 1 0 1 
Picked Items (item,city) = (1 , 2) (3 , 4) (7 , 8) (8 , 9) (10 , 11) (12 , 13) (15 , 16) (17 , 18) (18 , 19) (21 , 22) (23 , 24) (27 , 28) (29 , 30) (30 , 31) (33 , 34) (36 , 37) (41 , 42) (42 , 43) (45 , 46) (48 , 49) (51 , 52) (53 , 54) (54 , 55) (59 , 60) (63 , 64) (65 , 66) (71 , 72) (73 , 74) (74 , 75) (75 , 76) (77 , 78) (83 , 84) (87 , 88) (88 , 89) (97 , 98) (100 , 101) (102 , 103) (104 , 105) (106 , 107) (108 , 109) (110 , 111) (113 , 114) (114 , 115) (117 , 118) (120 , 121) (124 , 125) (125 , 126) (126 , 127) (129 , 130) (132 , 133) (135 , 136) (136 , 137) (138 , 139) (140 , 141) (141 , 142) (142 , 143) (145 , 146) (152 , 153) (153 , 154) (156 , 157) (158 , 159) (160 , 161) (161 , 162) (164 , 165) (166 , 167) (168 , 169) (171 , 172) (172 , 173) (173 , 174) (174 , 175) (176 , 177) (180 , 181) (181 , 182) (182 , 183) (186 , 187) (192 , 193) (205 , 206) (206 , 207) (208 , 209) (209 , 210) (210 , 211) (218 , 219) (219 , 220) (224 , 225) (227 , 228) (232 , 233) (241 , 242) (246 , 247) (250 , 251) (252 , 253) (255 , 256) (257 , 258) (261 , 262) (262 , 263) (271 , 272) (273 , 274) (275 , 276) (276 , 277) (277 , 278) (279 , 280) 

Travel Time: 6166.4632845812793676; Profit: 62127; TSP Distance : 2797.8470600000005106; Weight: 24460 / 25437; 0000000
TSP Tour = 1 2 280 279 278 277 276 275 274 273 272 271 270 269 268 267 266 265 264 263 262 261 260 259 258 257 256 255 254 253 252 251 250 249 248 247 246 245 244 243 242 241 240 239 238 237 236 235 234 233 232 231 230 229 228 227 226 225 224 223 222 221 220 219 218 217 216 215 214 213 212 211 210 209 208 207 206 205 204 203 202 201 200 199 198 197 196 195 194 193 192 191 190 189 188 187 186 185 184 183 182 181 180 179 178 177 176 175 161 162 163 164 165 166 167 168 169 170 171 172 173 174 160 159 158 157 155 154 153 156 152 151 150 149 148 147 146 145 144 143 142 141 140 139 138 137 136 135 134 133 132 131 130 129 128 127 126 125 124 123 122 121 120 119 118 117 116 115 114 113 112 111 110 109 108 107 106 105 104 103 102 101 100 99 98 97 96 95 94 93 92 91 90 89 88 87 86 85 84 83 82 81 80 79 78 77 76 75 74 73 72 71 70 69 68 67 66 65 64 63 62 61 60 59 58 57 56 55 54 53 52 51 50 49 48 47 46 45 44 43 42 41 40 39 38 37 36 35 34 33 32 31 30 29 28 27 26 22 25 23 24 21 20 19 18 17 16 15 14 13 12 11 10 9 8 7 6 5 4 3 1
Knapsack Array = 1 0 1 0 0 0 1 1 0 1 0 1 0 0 1 0 1 1 0 0 1 0 1 0 0 0 1 0 0 1 0 0 1 0 0 1 0 0 0 0 1 1 0 0 1 0 0 1 0 0 1 0 1 1 0 0 0 0 1 0 0 0 1 0 1 0 0 0 0 0 1 0 1 1 1 0 1 0 0 0 0 0 1 0 0 0 1 1 0 0 0 0 0 0 0 0 1 0 0 1 0 1 0 1 0 1 0 1 0 1 0 0 1 1 0 0 1 0 0 1 0 0 0 1 1 1 0 0 1 0 0 1 0 0 1 1 0 1 0 1 1 1 0 0 1 0 0 0 0 0 0 1 1 0 0 1 0 1 0 1 1 0 0 1 0 1 0 1 0 0 1 1 1 1 0 1 0 0 0 1 1 1 0 0 0 1 0 0 0 0 0 1 0 0 0 0 0 0 0 0 0 0 0 0 1 1 0 1 1 1 0 0 0 0 0 0 0 1 1 0 0 0 0 1 0 0 1 0 0 0 0 1 0 0 0 0 0 0 0 0 1 0 0 0 0 1 0 0 0 1 0 1 0 0 1 0 1 0 0 0 1 1 0 0 0 0 0 0 0 0 1 0 1 0 1 1 1 0 1 
Picked Items (item,city) = (1 , 2) (3 , 4) (7 , 8) (8 , 9) (10 , 11) (12 , 13) (15 , 16) (17 , 18) (18 , 19) (21 , 22) (23 , 24) (27 , 28) (30 , 31) (33 , 34) (36 , 37) (41 , 42) (42 , 43) (45 , 46) (48 , 49) (51 , 52) (53 , 54) (54 , 55) (59 , 60) (63 , 64) (65 , 66) (71 , 72) (73 , 74) (74 , 75) (75 , 76) (77 , 78) (83 , 84) (87 , 88) (88 , 89) (97 , 98) (100 , 101) (102 , 103) (104 , 105) (106 , 107) (108 , 109) (110 , 111) (113 , 114) (114 , 115) (117 , 118) (120 , 121) (124 , 125) (125 , 126) (126 , 127) (129 , 130) (132 , 133) (135 , 136) (136 , 137) (138 , 139) (140 , 141) (141 , 142) (142 , 143) (145 , 146) (152 , 153) (153 , 154) (156 , 157) (158 , 159) (160 , 161) (161 , 162) (164 , 165) (166 , 167) (168 , 169) (171 , 172) (172 , 173) (173 , 174) (174 , 175) (176 , 177) (180 , 181) (181 , 182) (182 , 183) (186 , 187) (192 , 193) (205 , 206) (206 , 207) (208 , 209) (209 , 210) (210 , 211) (218 , 219) (219 , 220) (224 , 225) (227 , 228) (232 , 233) (241 , 242) (246 , 247) (250 , 251) (252 , 253) (255 , 256) (257 , 258) (261 , 262) (262 , 263) (271 , 272) (273 , 274) (275 , 276) (276 , 277) (277 , 278) (279 , 280) 

Travel Time: 5354.134447411891415; Profit: 60320; TSP Distance : 2830.454960000000483; Weight: 23182 / 25437; 0000000
TSP Tour = 1 3 4 5 6 7 8 275 274 273 272 271 270 269 268 267 266 265 264 263 262 261 260 259 258 257 256 255 254 253 252 251 250 249 248 247 246 245 244 243 242 241 240 239 238 237 236 235 234 233 232 231 230 229 228 227 226 225 224 223 222 221 220 219 218 217 216 215 214 213 212 211 210 209 208 207 206 205 204 203 202 201 200 199 198 197 196 195 194 193 192 191 190 189 188 187 186 185 184 183 182 181 180 179 178 177 176 175 161 162 163 164 165 166 167 168 169 170 171 172 173 174 160 159 158 157 153 154 155 156 152 151 150 149 148 147 146 145 144 143 142 141 140 139 138 137 136 135 134 133 132 131 130 129 128 127 126 125 124 123 122 121 120 119 118 117 116 115 114 113 112 111 110 109 108 107 106 105 104 103 102 101 100 99 98 97 96 95 94 93 92 91 90 89 88 87 86 85 84 83 82 81 80 79 78 77 76 75 74 73 72 71 70 69 68 67 66 65 64 63 62 61 60 59 58 57 56 55 54 53 52 51 50 49 48 47 46 45 44 43 42 41 40 39 38 37 36 35 34 33 32 31 30 29 28 27 26 22 23 24 25 21 20 19 18 17 16 15 14 13 12 11 10 9 276 277 278 279 280 2 1
Knapsack Array = 1 0 1 0 0 0 1 1 0 1 0 1 0 0 1 0 1 1 0 0 1 0 1 0 0 0 1 0 1 1 0 0 1 0 0 1 0 0 0 0 1 1 0 0 1 0 0 1 0 0 1 0 1 1 0 0 0 0 1 0 0 0 1 0 1 0 0 0 0 0 1 0 1 1 1 0 1 0 0 0 0 0 1 0 0 0 1 1 0 0 0 0 0 0 0 0 1 0 0 1 0 1 0 1 0 1 0 1 0 1 0 0 1 1 0 0 1 0 0 1 0 0 0 1 1 1 0 0 1 0 0 1 0 0 1 0 0 0 0 0 0 0 0 0 0 0 0 0 0 0 0 1 1 0 0 1 0 1 0 1 1 0 0 1 0 1 0 1 0 0 1 1 1 1 0 1 0 0 0 1 1 1 0 0 0 1 0 0 0 0 0 1 1 0 0 0 0 1 1 0 0 0 0 0 1 1 0 1 1 1 0 0 0 0 0 0 0 1 1 0 0 0 0 1 0 0 1 0 0 0 0 1 0 0 0 0 0 0 0 0 1 0 0 0 0 1 0 0 0 1 0 1 0 0 1 0 1 0 0 0 1 1 0 0 0 0 0 0 0 0 1 0 1 0 1 1 1 0 1 
Picked Items (item,city) = (1 , 2) (3 , 4) (7 , 8) (8 , 9) (10 , 11) (12 , 13) (15 , 16) (17 , 18) (18 , 19) (21 , 22) (23 , 24) (27 , 28) (29 , 30) (30 , 31) (33 , 34) (36 , 37) (41 , 42) (42 , 43) (45 , 46) (48 , 49) (51 , 52) (53 , 54) (54 , 55) (59 , 60) (63 , 64) (65 , 66) (71 , 72) (73 , 74) (74 , 75) (75 , 76) (77 , 78) (83 , 84) (87 , 88) (88 , 89) (97 , 98) (100 , 101) (102 , 103) (104 , 105) (106 , 107) (108 , 109) (110 , 111) (113 , 114) (114 , 115) (117 , 118) (120 , 121) (124 , 125) (125 , 126) (126 , 127) (129 , 130) (132 , 133) (135 , 136) (152 , 153) (153 , 154) (156 , 157) (158 , 159) (160 , 161) (161 , 162) (164 , 165) (166 , 167) (168 , 169) (171 , 172) (172 , 173) (173 , 174) (174 , 175) (176 , 177) (180 , 181) (181 , 182) (182 , 183) (186 , 187) (192 , 193) (193 , 194) (198 , 199) (199 , 200) (205 , 206) (206 , 207) (208 , 209) (209 , 210) (210 , 211) (218 , 219) (219 , 220) (224 , 225) (227 , 228) (232 , 233) (241 , 242) (246 , 247) (250 , 251) (252 , 253) (255 , 256) (257 , 258) (261 , 262) (262 , 263) (271 , 272) (273 , 274) (275 , 276) (276 , 277) (277 , 278) (279 , 280) 

Travel Time: 3722.6929952673476691; Profit: 47766; TSP Distance : 2790.9983600000005026; Weight: 16249 / 25437; 0000000
TSP Tour = 1 2 280 3 279 278 277 276 275 274 273 272 271 270 269 268 267 266 265 264 263 262 261 260 259 258 257 256 255 254 253 252 251 250 249 248 247 246 245 244 243 242 241 240 239 238 237 236 235 234 233 232 231 230 229 228 227 226 225 224 223 222 221 220 219 218 217 216 215 214 213 212 211 210 209 208 207 206 205 204 203 202 201 200 199 198 197 196 195 194 193 192 191 190 189 188 187 186 185 184 183 182 181 180 179 178 177 176 175 161 162 163 164 165 166 167 168 169 170 171 172 173 174 160 159 158 157 155 154 153 156 152 151 150 149 148 147 146 145 144 143 142 141 140 139 138 137 136 135 134 133 132 131 130 129 128 127 126 125 124 123 122 121 120 119 118 117 116 115 114 113 112 111 110 109 108 107 106 105 104 103 102 101 100 99 98 97 96 95 94 93 92 91 90 89 88 87 86 85 84 83 82 81 80 79 78 77 76 75 74 73 72 71 70 69 68 67 66 65 64 63 62 61 60 59 58 57 56 55 54 53 52 51 50 49 48 47 46 45 44 43 42 41 40 39 38 37 36 35 34 33 32 31 30 29 28 27 26 22 25 23 24 21 20 19 18 17 16 15 14 13 12 11 10 9 8 7 6 5 4 1
Knapsack Array = 1 0 1 0 0 0 1 1 0 1 0 1 0 0 1 0 1 1 0 0 1 0 1 0 0 0 1 0 1 1 0 0 1 0 0 1 0 0 0 0 1 1 0 0 1 0 0 1 0 0 1 0 1 1 0 0 0 0 1 0 0 0 1 0 1 0 0 0 0 0 1 0 1 1 1 0 1 0 0 0 0 0 1 0 0 0 1 1 0 0 0 0 0 0 0 0 1 0 0 1 0 1 0 1 0 1 0 1 0 1 0 0 1 1 0 0 1 0 0 1 0 0 0 1 1 1 0 0 1 0 0 0 0 0 0 0 0 0 0 0 0 0 0 0 0 0 0 0 0 0 0 1 0 0 0 0 0 0 0 1 1 0 0 0 0 0 0 0 0 0 1 0 0 0 0 0 0 0 0 0 0 0 0 0 0 1 0 0 0 0 0 1 1 0 0 0 0 1 1 0 0 0 0 0 1 1 0 1 1 1 0 0 0 0 0 0 0 1 1 0 0 0 0 1 0 0 1 0 0 0 0 1 0 0 0 0 0 0 0 0 0 0 0 0 0 0 0 0 0 1 0 1 0 0 1 0 1 0 0 0 1 1 0 0 0 0 0 0 0 0 0 0 1 0 0 1 0 0 0 
Picked Items (item,city) = (1 , 2) (3 , 4) (7 , 8) (8 , 9) (10 , 11) (12 , 13) (15 , 16) (17 , 18) (18 , 19) (21 , 22) (23 , 24) (27 , 28) (29 , 30) (30 , 31) (33 , 34) (36 , 37) (41 , 42) (42 , 43) (45 , 46) (48 , 49) (51 , 52) (53 , 54) (54 , 55) (59 , 60) (63 , 64) (65 , 66) (71 , 72) (73 , 74) (74 , 75) (75 , 76) (77 , 78) (83 , 84) (87 , 88) (88 , 89) (97 , 98) (100 , 101) (102 , 103) (104 , 105) (106 , 107) (108 , 109) (110 , 111) (113 , 114) (114 , 115) (117 , 118) (120 , 121) (124 , 125) (125 , 126) (126 , 127) (129 , 130) (152 , 153) (160 , 161) (161 , 162) (171 , 172) (186 , 187) (192 , 193) (193 , 194) (198 , 199) (199 , 200) (205 , 206) (206 , 207) (208 , 209) (209 , 210) (210 , 211) (218 , 219) (219 , 220) (224 , 225) (227 , 228) (232 , 233) (250 , 251) (252 , 253) (255 , 256) (257 , 258) (261 , 262) (262 , 263) (273 , 274) (276 , 277) 

Travel Time: 4340.9103618326253127; Profit: 53580; TSP Distance : 2790.9983600000005026; Weight: 19873 / 25437; 0000000
TSP Tour = 1 2 280 3 279 278 277 276 275 274 273 272 271 270 269 268 267 266 265 264 263 262 261 260 259 258 257 256 255 254 253 252 251 250 249 248 247 246 245 244 243 242 241 240 239 238 237 236 235 234 233 232 231 230 229 228 227 226 225 224 223 222 221 220 219 218 217 216 215 214 213 212 211 210 209 208 207 206 205 204 203 202 201 200 199 198 197 196 195 194 193 192 191 190 189 188 187 186 185 184 183 182 181 180 179 178 177 176 175 161 162 163 164 165 166 167 168 169 170 171 172 173 174 160 159 158 157 155 154 153 156 152 151 150 149 148 147 146 145 144 143 142 141 140 139 138 137 136 135 134 133 132 131 130 129 128 127 126 125 124 123 122 121 120 119 118 117 116 115 114 113 112 111 110 109 108 107 106 105 104 103 102 101 100 99 98 97 96 95 94 93 92 91 90 89 88 87 86 85 84 83 82 81 80 79 78 77 76 75 74 73 72 71 70 69 68 67 66 65 64 63 62 61 60 59 58 57 56 55 54 53 52 51 50 49 48 47 46 45 44 43 42 41 40 39 38 37 36 35 34 33 32 31 30 29 28 27 26 22 25 23 24 21 20 19 18 17 16 15 14 13 12 11 10 9 8 7 6 5 4 1
Knapsack Array = 1 0 1 0 0 0 1 1 0 1 0 1 0 0 1 0 1 1 0 0 1 0 1 0 0 0 1 0 1 1 0 0 1 0 0 1 0 0 0 0 1 1 0 0 1 0 0 1 0 0 1 0 1 1 0 0 0 0 1 0 0 0 1 0 1 0 0 0 0 0 1 0 1 1 1 0 1 0 0 0 0 0 1 0 0 0 1 1 0 0 0 0 0 0 0 0 1 0 0 1 0 1 0 1 0 1 0 1 0 1 0 0 1 1 0 0 1 0 0 1 0 0 0 1 1 1 0 0 1 0 0 1 0 0 1 1 0 1 0 1 1 1 0 0 1 0 0 0 0 0 0 1 0 0 0 0 0 0 0 1 1 0 0 0 0 0 0 0 0 0 1 0 0 0 0 0 0 0 0 0 0 0 0 0 0 1 0 0 0 0 0 1 1 0 0 0 0 1 1 0 0 0 0 0 1 1 0 1 1 1 0 0 0 0 0 0 0 1 1 0 0 0 0 1 0 0 1 0 0 0 0 1 0 0 0 0 0 0 0 0 1 0 0 0 0 1 0 0 0 1 0 1 0 0 1 0 1 0 0 0 1 1 0 0 0 0 0 0 0 0 0 0 1 0 0 1 0 0 0 
Picked Items (item,city) = (1 , 2) (3 , 4) (7 , 8) (8 , 9) (10 , 11) (12 , 13) (15 , 16) (17 , 18) (18 , 19) (21 , 22) (23 , 24) (27 , 28) (29 , 30) (30 , 31) (33 , 34) (36 , 37) (41 , 42) (42 , 43) (45 , 46) (48 , 49) (51 , 52) (53 , 54) (54 , 55) (59 , 60) (63 , 64) (65 , 66) (71 , 72) (73 , 74) (74 , 75) (75 , 76) (77 , 78) (83 , 84) (87 , 88) (88 , 89) (97 , 98) (100 , 101) (102 , 103) (104 , 105) (106 , 107) (108 , 109) (110 , 111) (113 , 114) (114 , 115) (117 , 118) (120 , 121) (124 , 125) (125 , 126) (126 , 127) (129 , 130) (132 , 133) (135 , 136) (136 , 137) (138 , 139) (140 , 141) (141 , 142) (142 , 143) (145 , 146) (152 , 153) (160 , 161) (161 , 162) (171 , 172) (186 , 187) (192 , 193) (193 , 194) (198 , 199) (199 , 200) (205 , 206) (206 , 207) (208 , 209) (209 , 210) (210 , 211) (218 , 219) (219 , 220) (224 , 225) (227 , 228) (232 , 233) (241 , 242) (246 , 247) (250 , 251) (252 , 253) (255 , 256) (257 , 258) (261 , 262) (262 , 263) (273 , 274) (276 , 277) 

Travel Time: 3124.1255924529591539; Profit: 31719; TSP Distance : 2790.9983600000005026; Weight: 11359 / 25437; 0000000
TSP Tour = 1 2 280 3 279 278 277 276 275 274 273 272 271 270 269 268 267 266 265 264 263 262 261 260 259 258 257 256 255 254 253 252 251 250 249 248 247 246 245 244 243 242 241 240 239 238 237 236 235 234 233 232 231 230 229 228 227 226 225 224 223 222 221 220 219 218 217 216 215 214 213 212 211 210 209 208 207 206 205 204 203 202 201 200 199 198 197 196 195 194 193 192 191 190 189 188 187 186 185 184 183 182 181 180 179 178 177 176 175 161 162 163 164 165 166 167 168 169 170 171 172 173 174 160 159 158 157 155 154 153 156 152 151 150 149 148 147 146 145 144 143 142 141 140 139 138 137 136 135 134 133 132 131 130 129 128 127 126 125 124 123 122 121 120 119 118 117 116 115 114 113 112 111 110 109 108 107 106 105 104 103 102 101 100 99 98 97 96 95 94 93 92 91 90 89 88 87 86 85 84 83 82 81 80 79 78 77 76 75 74 73 72 71 70 69 68 67 66 65 64 63 62 61 60 59 58 57 56 55 54 53 52 51 50 49 48 47 46 45 44 43 42 41 40 39 38 37 36 35 34 33 32 31 30 29 28 27 26 22 25 23 24 21 20 19 18 17 16 15 14 13 12 11 10 9 8 7 6 5 4 1
Knapsack Array = 1 0 1 0 0 0 1 1 0 1 0 1 0 0 1 0 1 1 0 0 1 0 1 0 0 0 1 0 1 1 0 0 1 0 0 1 0 0 0 0 1 1 0 0 1 0 0 1 0 0 1 0 1 1 0 0 0 0 1 0 0 0 1 0 1 0 0 0 0 0 1 0 1 1 1 0 1 0 0 0 0 0 1 0 0 0 1 1 0 0 0 0 0 0 0 0 1 0 0 1 0 1 0 1 0 1 0 1 0 1 0 0 1 1 0 0 1 0 0 1 0 0 0 0 0 0 0 0 0 0 0 0 0 0 0 0 0 0 0 0 0 0 0 0 0 0 0 0 0 0 0 1 0 0 0 0 0 0 0 1 1 0 0 0 0 0 0 0 0 0 1 0 0 0 0 0 0 0 0 0 0 0 0 0 0 0 0 0 0 0 0 0 0 0 0 0 0 0 0 0 0 0 0 0 0 0 0 0 0 0 0 0 0 0 0 0 0 0 0 0 0 0 0 0 0 0 1 0 0 0 0 0 0 0 0 0 0 0 0 0 0 0 0 0 0 0 0 0 0 1 0 0 0 0 0 0 0 0 0 0 0 0 0 0 0 0 0 0 0 0 0 0 0 0 0 0 0 0 0 
Picked Items (item,city) = (1 , 2) (3 , 4) (7 , 8) (8 , 9) (10 , 11) (12 , 13) (15 , 16) (17 , 18) (18 , 19) (21 , 22) (23 , 24) (27 , 28) (29 , 30) (30 , 31) (33 , 34) (36 , 37) (41 , 42) (42 , 43) (45 , 46) (48 , 49) (51 , 52) (53 , 54) (54 , 55) (59 , 60) (63 , 64) (65 , 66) (71 , 72) (73 , 74) (74 , 75) (75 , 76) (77 , 78) (83 , 84) (87 , 88) (88 , 89) (97 , 98) (100 , 101) (102 , 103) (104 , 105) (106 , 107) (108 , 109) (110 , 111) (113 , 114) (114 , 115) (117 , 118) (120 , 121) (152 , 153) (160 , 161) (161 , 162) (171 , 172) (227 , 228) (250 , 251) 

Travel Time: 4890.8267634795474805; Profit: 53925; TSP Distance : 2797.8470600000005106; Weight: 21953 / 25437; 0000000
TSP Tour = 1 2 280 279 278 277 276 275 274 273 272 271 270 269 268 267 266 265 264 263 262 261 260 259 258 257 256 255 254 253 252 251 250 249 248 247 246 245 244 243 242 241 240 239 238 237 236 235 234 233 232 231 230 229 228 227 226 225 224 223 222 221 220 219 218 217 216 215 214 213 212 211 210 209 208 207 206 205 204 203 202 201 200 199 198 197 196 195 194 193 192 191 190 189 188 187 186 185 184 183 182 181 180 179 178 177 176 175 161 162 163 164 165 166 167 168 169 170 171 172 173 174 160 159 158 157 155 154 153 156 152 151 150 149 148 147 146 145 144 143 142 141 140 139 138 137 136 135 134 133 132 131 130 129 128 127 126 125 124 123 122 121 120 119 118 117 116 115 114 113 112 111 110 109 108 107 106 105 104 103 102 101 100 99 98 97 96 95 94 93 92 91 90 89 88 87 86 85 84 83 82 81 80 79 78 77 76 75 74 73 72 71 70 69 68 67 66 65 64 63 62 61 60 59 58 57 56 55 54 53 52 51 50 49 48 47 46 45 44 43 42 41 40 39 38 37 36 35 34 33 32 31 30 29 28 27 26 22 25 23 24 21 20 19 18 17 16 15 14 13 12 11 10 9 8 7 6 5 4 3 1
Knapsack Array = 1 0 1 0 0 0 1 1 0 1 0 1 0 0 1 0 1 1 0 0 1 0 1 0 0 0 1 0 1 1 0 0 1 0 0 1 0 0 0 0 1 1 0 0 1 0 0 1 0 0 1 0 1 1 0 0 0 0 1 0 0 0 1 0 1 0 0 0 0 0 1 0 1 1 1 0 1 0 0 0 0 0 1 0 0 0 1 1 0 0 0 0 0 0 0 0 1 0 0 1 0 1 0 1 0 1 0 1 0 1 0 0 1 1 0 0 1 0 0 1 0 0 0 1 1 1 0 0 1 0 0 1 0 0 1 1 0 1 0 1 1 1 0 0 1 0 0 0 0 0 0 1 1 0 0 1 0 1 0 1 1 0 0 1 0 1 0 1 0 0 1 1 1 0 0 0 0 0 0 1 1 1 0 0 0 1 0 0 0 0 0 1 1 0 0 0 0 1 1 0 0 0 0 0 1 1 0 1 1 1 0 0 0 0 0 0 0 1 1 0 0 0 0 1 0 0 1 0 0 0 0 0 0 0 0 0 0 0 0 0 0 0 0 0 0 0 0 0 0 1 0 0 0 0 0 0 0 0 0 0 0 0 0 0 0 0 0 0 0 0 0 0 0 0 0 0 0 0 0 
Picked Items (item,city) = (1 , 2) (3 , 4) (7 , 8) (8 , 9) (10 , 11) (12 , 13) (15 , 16) (17 , 18) (18 , 19) (21 , 22) (23 , 24) (27 , 28) (29 , 30) (30 , 31) (33 , 34) (36 , 37) (41 , 42) (42 , 43) (45 , 46) (48 , 49) (51 , 52) (53 , 54) (54 , 55) (59 , 60) (63 , 64) (65 , 66) (71 , 72) (73 , 74) (74 , 75) (75 , 76) (77 , 78) (83 , 84) (87 , 88) (88 , 89) (97 , 98) (100 , 101) (102 , 103) (104 , 105) (106 , 107) (108 , 109) (110 , 111) (113 , 114) (114 , 115) (117 , 118) (120 , 121) (124 , 125) (125 , 126) (126 , 127) (129 , 130) (132 , 133) (135 , 136) (136 , 137) (138 , 139) (140 , 141) (141 , 142) (142 , 143) (145 , 146) (152 , 153) (153 , 154) (156 , 157) (158 , 159) (160 , 161) (161 , 162) (164 , 165) (166 , 167) (168 , 169) (171 , 172) (172 , 173) (173 , 174) (180 , 181) (181 , 182) (182 , 183) (186 , 187) (192 , 193) (193 , 194) (198 , 199) (199 , 200) (205 , 206) (206 , 207) (208 , 209) (209 , 210) (210 , 211) (218 , 219) (219 , 220) (224 , 225) (227 , 228) (250 , 251) 

Travel Time: 4983.7724020210162053; Profit: 55636; TSP Distance : 2797.8470600000005106; Weight: 22195 / 25437; 0000000
TSP Tour = 1 2 280 279 278 277 276 275 274 273 272 271 270 269 268 267 266 265 264 263 262 261 260 259 258 257 256 255 254 253 252 251 250 249 248 247 246 245 244 243 242 241 240 239 238 237 236 235 234 233 232 231 230 229 228 227 226 225 224 223 222 221 220 219 218 217 216 215 214 213 212 211 210 209 208 207 206 205 204 203 202 201 200 199 198 197 196 195 194 193 192 191 190 189 188 187 186 185 184 183 182 181 180 179 178 177 176 175 161 162 163 164 165 166 167 168 169 170 171 172 173 174 160 159 158 157 155 154 153 156 152 151 150 149 148 147 146 145 144 143 142 141 140 139 138 137 136 135 134 133 132 131 130 129 128 127 126 125 124 123 122 121 120 119 118 117 116 115 114 113 112 111 110 109 108 107 106 105 104 103 102 101 100 99 98 97 96 95 94 93 92 91 90 89 88 87 86 85 84 83 82 81 80 79 78 77 76 75 74 73 72 71 70 69 68 67 66 65 64 63 62 61 60 59 58 57 56 55 54 53 52 51 50 49 48 47 46 45 44 43 42 41 40 39 38 37 36 35 34 33 32 31 30 29 28 27 26 22 25 23 24 21 20 19 18 17 16 15 14 13 12 11 10 9 8 7 6 5 4 3 1
Knapsack Array = 1 0 1 0 0 0 1 1 0 1 0 1 0 0 1 0 1 1 0 0 1 0 1 0 0 0 1 0 1 1 0 0 1 0 0 1 0 0 0 0 1 1 0 0 1 0 0 1 0 0 1 0 1 1 0 0 0 0 1 0 0 0 1 0 1 0 0 0 0 0 1 0 1 1 1 0 1 0 0 0 0 0 1 0 0 0 1 1 0 0 0 0 0 0 0 0 1 0 0 1 0 1 0 1 0 1 0 1 0 1 0 0 1 1 0 0 1 0 0 1 0 0 0 1 1 1 0 0 1 0 0 1 0 0 1 1 0 1 0 1 1 1 0 0 1 0 0 0 0 0 0 1 1 0 0 1 0 1 0 1 1 0 0 1 0 1 0 1 0 0 1 1 1 0 0 0 0 0 0 1 1 1 0 0 0 1 0 0 0 0 0 1 1 0 0 0 0 1 1 0 0 0 0 0 1 1 0 1 1 1 0 0 0 0 0 0 0 1 1 0 0 0 0 1 0 0 1 0 0 0 0 0 0 0 0 0 0 0 0 0 0 0 0 0 0 0 0 0 0 1 0 0 0 0 0 0 0 0 0 0 1 1 0 0 0 0 0 0 0 0 1 0 0 0 0 0 0 0 0 
Picked Items (item,city) = (1 , 2) (3 , 4) (7 , 8) (8 , 9) (10 , 11) (12 , 13) (15 , 16) (17 , 18) (18 , 19) (21 , 22) (23 , 24) (27 , 28) (29 , 30) (30 , 31) (33 , 34) (36 , 37) (41 , 42) (42 , 43) (45 , 46) (48 , 49) (51 , 52) (53 , 54) (54 , 55) (59 , 60) (63 , 64) (65 , 66) (71 , 72) (73 , 74) (74 , 75) (75 , 76) (77 , 78) (83 , 84) (87 , 88) (88 , 89) (97 , 98) (100 , 101) (102 , 103) (104 , 105) (106 , 107) (108 , 109) (110 , 111) (113 , 114) (114 , 115) (117 , 118) (120 , 121) (124 , 125) (125 , 126) (126 , 127) (129 , 130) (132 , 133) (135 , 136) (136 , 137) (138 , 139) (140 , 141) (141 , 142) (142 , 143) (145 , 146) (152 , 153) (153 , 154) (156 , 157) (158 , 159) (160 , 161) (161 , 162) (164 , 165) (166 , 167) (168 , 169) (171 , 172) (172 , 173) (173 , 174) (180 , 181) (181 , 182) (182 , 183) (186 , 187) (192 , 193) (193 , 194) (198 , 199) (199 , 200) (205 , 206) (206 , 207) (208 , 209) (209 , 210) (210 , 211) (218 , 219) (219 , 220) (224 , 225) (227 , 228) (250 , 251) (261 , 262) (262 , 263) (271 , 272) 

Travel Time: 3182.0148473587960325; Profit: 33431; TSP Distance : 2761.1714300000003277; Weight: 12090 / 25437; 0000000
TSP Tour = 1 2 280 3 279 278 277 276 275 274 273 272 271 270 269 268 267 266 265 264 263 262 261 260 259 258 257 256 255 254 253 252 251 250 249 248 247 246 245 244 243 242 241 240 239 238 237 236 235 234 233 232 231 230 229 228 227 226 225 224 223 222 221 220 219 218 217 216 215 214 213 212 211 210 209 208 207 206 205 204 203 202 201 200 199 198 197 196 195 194 193 192 191 190 189 188 187 186 185 184 183 182 181 180 179 150 149 148 147 146 145 144 143 142 141 140 139 138 137 136 135 134 133 132 131 130 129 128 127 126 125 124 123 122 121 154 155 153 156 152 151 178 177 176 175 161 162 163 164 165 166 167 168 169 170 171 172 173 174 160 159 158 157 119 120 118 117 116 115 114 113 112 111 110 109 108 107 106 105 104 103 102 101 100 99 98 97 96 95 94 93 92 91 90 89 88 87 86 85 84 83 82 81 80 79 78 77 76 75 74 73 72 71 70 69 68 67 66 65 64 63 62 61 60 59 58 57 56 55 54 53 52 51 50 49 48 47 46 45 44 43 42 41 40 39 38 37 36 35 34 33 32 31 30 29 28 27 26 22 25 23 24 21 20 19 18 17 16 15 14 13 12 11 10 9 8 7 6 5 4 1
Knapsack Array = 1 0 1 0 0 0 1 1 0 1 0 1 0 0 1 0 1 1 0 0 1 0 1 0 0 0 1 0 1 1 0 0 1 0 0 1 0 0 0 0 1 1 0 0 1 0 0 1 0 0 1 0 1 1 0 0 0 0 1 0 0 0 1 0 1 0 0 0 0 0 1 0 1 1 1 0 1 0 0 0 0 0 1 0 0 0 1 1 0 0 0 0 0 0 0 0 1 0 0 1 0 1 0 1 0 1 0 1 0 1 0 0 1 1 0 0 1 0 0 0 0 0 0 0 1 1 0 0 0 0 0 0 0 0 0 0 0 0 0 0 0 0 0 0 0 0 0 0 0 0 0 0 0 0 0 0 0 0 0 0 1 0 0 0 0 0 0 0 0 0 0 0 0 0 0 0 0 0 0 0 0 0 0 0 0 1 0 0 0 0 0 1 1 0 0 0 0 1 1 0 0 0 0 0 0 0 0 0 0 0 0 0 0 0 0 0 0 0 0 0 0 0 0 1 0 0 1 0 0 0 0 0 0 0 0 0 0 0 0 0 0 0 0 0 0 0 0 0 0 1 0 0 0 0 0 0 0 0 0 0 0 0 0 0 0 0 0 0 0 0 0 0 0 0 0 0 0 0 0 
Picked Items (item,city) = (1 , 2) (3 , 4) (7 , 8) (8 , 9) (10 , 11) (12 , 13) (15 , 16) (17 , 18) (18 , 19) (21 , 22) (23 , 24) (27 , 28) (29 , 30) (30 , 31) (33 , 34) (36 , 37) (41 , 42) (42 , 43) (45 , 46) (48 , 49) (51 , 52) (53 , 54) (54 , 55) (59 , 60) (63 , 64) (65 , 66) (71 , 72) (73 , 74) (74 , 75) (75 , 76) (77 , 78) (83 , 84) (87 , 88) (88 , 89) (97 , 98) (100 , 101) (102 , 103) (104 , 105) (106 , 107) (108 , 109) (110 , 111) (113 , 114) (114 , 115) (117 , 118) (125 , 126) (126 , 127) (161 , 162) (186 , 187) (192 , 193) (193 , 194) (198 , 199) (199 , 200) (224 , 225) (227 , 228) (250 , 251) 

Travel Time: 5671.4246237710931382; Profit: 60649; TSP Distance : 2802.0480600000005325; Weight: 23815 / 25437; 0000000
TSP Tour = 1 277 276 275 274 273 272 271 270 269 268 267 266 265 264 263 262 261 260 259 258 257 256 255 254 253 252 251 250 249 248 247 246 245 244 243 242 241 240 239 238 237 236 235 234 233 232 231 230 229 228 227 226 225 224 223 222 221 220 219 218 217 216 215 214 213 212 211 210 209 208 207 206 205 204 203 202 201 200 199 198 197 196 195 194 193 192 191 190 189 188 187 186 185 184 183 182 181 180 179 178 177 176 175 161 162 163 164 165 166 167 168 169 170 171 172 173 174 160 159 158 157 153 154 155 156 152 151 150 149 148 147 146 145 144 143 142 141 140 139 138 137 136 135 134 133 132 131 130 129 128 127 126 125 124 123 122 121 120 119 118 117 116 115 114 113 112 111 110 109 108 107 106 105 104 103 102 101 100 99 98 97 96 95 94 93 92 91 90 89 88 87 86 85 84 83 82 81 80 79 78 77 76 75 74 73 72 71 70 69 68 67 66 65 64 63 62 61 60 59 58 57 56 55 54 53 52 51 50 49 48 47 46 45 44 43 42 41 40 39 38 37 36 35 34 33 32 31 30 29 28 27 26 22 25 23 24 21 20 19 18 17 16 15 14 13 12 11 10 9 8 7 6 5 4 278 279 3 280 2 1
Knapsack Array = 1 0 1 0 0 0 1 1 0 1 0 1 0 0 1 0 1 1 0 0 1 0 1 0 0 0 1 0 1 1 0 0 1 0 0 1 0 0 0 0 1 1 0 0 1 0 0 1 0 0 1 0 1 1 0 0 0 0 1 0 0 0 1 0 1 0 0 0 0 0 1 0 1 1 1 0 1 0 0 0 0 0 1 0 0 0 1 1 0 0 0 0 0 0 0 0 0 0 0 0 0 0 0 0 0 0 0 0 0 1 0 0 1 1 0 0 1 0 0 1 0 0 0 1 1 1 0 0 1 0 0 1 0 0 1 1 0 1 0 1 1 1 0 0 1 0 0 0 0 0 0 1 1 0 0 1 0 1 0 1 1 0 0 1 0 1 0 1 0 0 1 1 1 1 0 1 0 0 0 1 1 1 0 0 0 1 0 0 0 0 0 1 1 0 0 0 0 1 1 0 0 0 0 0 1 1 0 1 1 1 0 0 0 0 0 0 0 1 1 0 0 0 0 1 0 0 1 0 0 0 0 1 0 0 0 0 0 0 0 0 0 0 0 0 0 0 0 0 0 1 0 1 0 0 1 0 1 0 0 0 1 1 0 0 0 0 0 0 0 0 1 0 1 0 1 1 1 0 1 
Picked Items (item,city) = (1 , 2) (3 , 4) (7 , 8) (8 , 9) (10 , 11) (12 , 13) (15 , 16) (17 , 18) (18 , 19) (21 , 22) (23 , 24) (27 , 28) (29 , 30) (30 , 31) (33 , 34) (36 , 37) (41 , 42) (42 , 43) (45 , 46) (48 , 49) (51 , 52) (53 , 54) (54 , 55) (59 , 60) (63 , 64) (65 , 66) (71 , 72) (73 , 74) (74 , 75) (75 , 76) (77 , 78) (83 , 84) (87 , 88) (88 , 89) (110 , 111) (113 , 114) (114 , 115) (117 , 118) (120 , 121) (124 , 125) (125 , 126) (126 , 127) (129 , 130) (132 , 133) (135 , 136) (136 , 137) (138 , 139) (140 , 141) (141 , 142) (142 , 143) (145 , 146) (152 , 153) (153 , 154) (156 , 157) (158 , 159) (160 , 161) (161 , 162) (164 , 165) (166 , 167) (168 , 169) (171 , 172) (172 , 173) (173 , 174) (174 , 175) (176 , 177) (180 , 181) (181 , 182) (182 , 183) (186 , 187) (192 , 193) (193 , 194) (198 , 199) (199 , 200) (205 , 206) (206 , 207) (208 , 209) (209 , 210) (210 , 211) (218 , 219) (219 , 220) (224 , 225) (227 , 228) (232 , 233) (250 , 251) (252 , 253) (255 , 256) (257 , 258) (261 , 262) (262 , 263) (271 , 272) (273 , 274) (275 , 276) (276 , 277) (277 , 278) (279 , 280) 

Travel Time: 6875.509304889554187; Profit: 63755; TSP Distance : 2797.8470600000005106; Weight: 25412 / 25437; 0000000
TSP Tour = 1 2 280 279 278 277 276 275 274 273 272 271 270 269 268 267 266 265 264 263 262 261 260 259 258 257 256 255 254 253 252 251 250 249 248 247 246 245 244 243 242 241 240 239 238 237 236 235 234 233 232 231 230 229 228 227 226 225 224 223 222 221 220 219 218 217 216 215 214 213 212 211 210 209 208 207 206 205 204 203 202 201 200 199 198 197 196 195 194 193 192 191 190 189 188 187 186 185 184 183 182 181 180 179 178 177 176 175 161 162 163 164 165 166 167 168 169 170 171 172 173 174 160 159 158 157 155 154 153 156 152 151 150 149 148 147 146 145 144 143 142 141 140 139 138 137 136 135 134 133 132 131 130 129 128 127 126 125 124 123 122 121 120 119 118 117 116 115 114 113 112 111 110 109 108 107 106 105 104 103 102 101 100 99 98 97 96 95 94 93 92 91 90 89 88 87 86 85 84 83 82 81 80 79 78 77 76 75 74 73 72 71 70 69 68 67 66 65 64 63 62 61 60 59 58 57 56 55 54 53 52 51 50 49 48 47 46 45 44 43 42 41 40 39 38 37 36 35 34 33 32 31 30 29 28 27 26 22 25 23 24 21 20 19 18 17 16 15 14 13 12 11 10 9 8 7 6 5 4 3 1
Knapsack Array = 1 0 1 0 0 0 1 1 0 1 0 1 0 0 1 0 1 1 0 0 1 0 1 0 0 0 1 0 1 1 0 0 1 0 0 1 0 0 0 0 1 1 0 0 1 0 0 1 0 0 1 0 1 1 0 0 0 0 1 0 0 0 1 0 1 0 0 0 0 0 1 0 1 1 1 0 1 0 0 0 0 0 1 0 0 0 1 1 0 0 0 0 0 0 0 0 1 0 0 1 0 1 0 1 0 1 0 1 0 1 0 0 1 1 0 0 1 0 0 1 0 0 0 1 1 1 0 0 1 0 0 1 0 0 1 1 0 1 0 1 1 1 0 0 1 0 0 0 0 0 0 1 1 0 0 1 0 1 0 1 1 0 0 1 0 1 0 1 0 0 1 1 1 1 0 1 0 0 0 1 1 1 0 0 0 1 0 0 0 0 0 1 1 0 0 0 0 1 1 0 0 0 0 0 1 1 0 1 1 1 0 0 0 0 0 0 0 1 1 0 0 0 0 1 0 0 1 0 0 0 0 1 0 0 0 0 0 0 0 0 1 0 0 0 0 1 0 0 0 1 0 1 0 0 1 0 1 0 0 0 1 1 0 0 0 0 0 0 0 0 1 0 1 0 1 1 1 0 1 
Picked Items (item,city) = (1 , 2) (3 , 4) (7 , 8) (8 , 9) (10 , 11) (12 , 13) (15 , 16) (17 , 18) (18 , 19) (21 , 22) (23 , 24) (27 , 28) (29 , 30) (30 , 31) (33 , 34) (36 , 37) (41 , 42) (42 , 43) (45 , 46) (48 , 49) (51 , 52) (53 , 54) (54 , 55) (59 , 60) (63 , 64) (65 , 66) (71 , 72) (73 , 74) (74 , 75) (75 , 76) (77 , 78) (83 , 84) (87 , 88) (88 , 89) (97 , 98) (100 , 101) (102 , 103) (104 , 105) (106 , 107) (108 , 109) (110 , 111) (113 , 114) (114 , 115) (117 , 118) (120 , 121) (124 , 125) (125 , 126) (126 , 127) (129 , 130) (132 , 133) (135 , 136) (136 , 137) (138 , 139) (140 , 141) (141 , 142) (142 , 143) (145 , 146) (152 , 153) (153 , 154) (156 , 157) (158 , 159) (160 , 161) (161 , 162) (164 , 165) (166 , 167) (168 , 169) (171 , 172) (172 , 173) (173 , 174) (174 , 175) (176 , 177) (180 , 181) (181 , 182) (182 , 183) (186 , 187) (192 , 193) (193 , 194) (198 , 199) (199 , 200) (205 , 206) (206 , 207) (208 , 209) (209 , 210) (210 , 211) (218 , 219) (219 , 220) (224 , 225) (227 , 228) (232 , 233) (241 , 242) (246 , 247) (250 , 251) (252 , 253) (255 , 256) (257 , 258) (261 , 262) (262 , 263) (271 , 272) (273 , 274) (275 , 276) (276 , 277) (277 , 278) (279 , 280) 

Travel Time: 6436.4106658348810015; Profit: 62500; TSP Distance : 2797.8470600000005106; Weight: 24893 / 25437; 0000000
TSP Tour = 1 2 280 279 278 277 276 275 274 273 272 271 270 269 268 267 266 265 264 263 262 261 260 259 258 257 256 255 254 253 252 251 250 249 248 247 246 245 244 243 242 241 240 239 238 237 236 235 234 233 232 231 230 229 228 227 226 225 224 223 222 221 220 219 218 217 216 215 214 213 212 211 210 209 208 207 206 205 204 203 202 201 200 199 198 197 196 195 194 193 192 191 190 189 188 187 186 185 184 183 182 181 180 179 178 177 176 175 161 162 163 164 165 166 167 168 169 170 171 172 173 174 160 159 158 157 155 154 153 156 152 151 150 149 148 147 146 145 144 143 142 141 140 139 138 137 136 135 134 133 132 131 130 129 128 127 126 125 124 123 122 121 120 119 118 117 116 115 114 113 112 111 110 109 108 107 106 105 104 103 102 101 100 99 98 97 96 95 94 93 92 91 90 89 88 87 86 85 84 83 82 81 80 79 78 77 76 75 74 73 72 71 70 69 68 67 66 65 64 63 62 61 60 59 58 57 56 55 54 53 52 51 50 49 48 47 46 45 44 43 42 41 40 39 38 37 36 35 34 33 32 31 30 29 28 27 26 22 25 23 24 21 20 19 18 17 16 15 14 13 12 11 10 9 8 7 6 5 4 3 1
Knapsack Array = 1 0 1 0 0 0 1 1 0 1 0 1 0 0 1 0 1 1 0 0 1 0 1 0 0 0 1 0 1 1 0 0 1 0 0 1 0 0 0 0 1 1 0 0 1 0 0 1 0 0 1 0 1 1 0 0 0 0 1 0 0 0 1 0 1 0 0 0 0 0 1 0 1 1 1 0 1 0 0 0 0 0 1 0 0 0 1 1 0 0 0 0 0 0 0 0 1 0 0 1 0 1 0 1 0 1 0 1 0 1 0 0 1 1 0 0 1 0 0 1 0 0 0 1 1 1 0 0 1 0 0 1 0 0 1 1 0 1 0 1 1 1 0 0 1 0 0 0 0 0 0 1 1 0 0 1 0 1 0 1 1 0 0 1 0 1 0 1 0 0 1 1 1 1 0 1 0 0 0 1 1 1 0 0 0 1 0 0 0 0 0 1 1 0 0 0 0 1 1 0 0 0 0 0 1 1 0 1 1 1 0 0 0 0 0 0 0 1 0 0 0 0 0 0 0 0 1 0 0 0 0 1 0 0 0 0 0 0 0 0 1 0 0 0 0 1 0 0 0 1 0 1 0 0 1 0 1 0 0 0 1 1 0 0 0 0 0 0 0 0 1 0 1 0 1 1 1 0 1 
Picked Items (item,city) = (1 , 2) (3 , 4) (7 , 8) (8 , 9) (10 , 11) (12 , 13) (15 , 16) (17 , 18) (18 , 19) (21 , 22) (23 , 24) (27 , 28) (29 , 30) (30 , 31) (33 , 34) (36 , 37) (41 , 42) (42 , 43) (45 , 46) (48 , 49) (51 , 52) (53 , 54) (54 , 55) (59 , 60) (63 , 64) (65 , 66) (71 , 72) (73 , 74) (74 , 75) (75 , 76) (77 , 78) (83 , 84) (87 , 88) (88 , 89) (97 , 98) (100 , 101) (102 , 103) (104 , 105) (106 , 107) (108 , 109) (110 , 111) (113 , 114) (114 , 115) (117 , 118) (120 , 121) (124 , 125) (125 , 126) (126 , 127) (129 , 130) (132 , 133) (135 , 136) (136 , 137) (138 , 139) (140 , 141) (141 , 142) (142 , 143) (145 , 146) (152 , 153) (153 , 154) (156 , 157) (158 , 159) (160 , 161) (161 , 162) (164 , 165) (166 , 167) (168 , 169) (171 , 172) (172 , 173) (173 , 174) (174 , 175) (176 , 177) (180 , 181) (181 , 182) (182 , 183) (186 , 187) (192 , 193) (193 , 194) (198 , 199) (199 , 200) (205 , 206) (206 , 207) (208 , 209) (209 , 210) (210 , 211) (218 , 219) (227 , 228) (232 , 233) (241 , 242) (246 , 247) (250 , 251) (252 , 253) (255 , 256) (257 , 258) (261 , 262) (262 , 263) (271 , 272) (273 , 274) (275 , 276) (276 , 277) (277 , 278) (279 , 280) 

Travel Time: 2862.3983983147550134; Profit: 23373; TSP Distance : 2587.9299300000006951; Weight: 8161 / 25437; 0000000
TSP Tour = 1 2 242 243 241 240 239 238 237 236 235 234 233 232 231 246 245 244 247 250 251 230 229 228 227 226 225 224 223 222 221 220 219 218 217 216 215 214 213 212 211 210 207 206 205 204 203 202 201 198 197 196 195 194 193 192 191 190 189 188 187 186 185 184 183 182 181 176 180 179 150 178 177 151 152 156 153 155 154 129 128 127 126 30 125 124 123 122 121 120 119 157 158 159 160 175 161 162 163 164 165 166 167 168 169 170 172 171 173 174 107 106 105 104 103 102 101 100 99 98 97 96 95 94 93 92 91 90 89 109 108 110 111 114 113 112 88 87 84 83 82 81 80 79 78 77 75 76 74 73 72 71 70 67 69 68 58 57 56 55 54 53 52 51 50 49 48 47 46 45 44 59 63 64 65 66 85 86 116 115 117 118 62 61 60 43 42 41 40 39 38 37 36 35 34 33 32 31 29 28 27 26 22 25 23 24 14 15 13 12 11 10 9 8 7 6 5 4 277 276 275 274 273 272 271 16 17 18 19 20 21 130 131 132 133 134 270 269 135 136 268 267 137 138 139 149 148 147 146 145 199 200 144 143 142 141 140 266 265 264 263 262 261 260 259 258 257 254 253 208 209 252 255 256 249 248 278 279 3 280 1
Knapsack Array = 1 0 1 0 0 0 1 1 0 1 0 1 0 0 1 0 1 1 0 0 1 0 1 0 0 0 1 0 1 1 0 0 1 0 0 1 0 0 0 0 1 1 0 0 0 0 0 0 0 0 0 0 0 0 0 0 0 0 0 0 0 0 0 0 0 0 0 0 0 0 0 0 0 0 0 0 0 0 0 0 0 0 0 0 0 0 0 0 0 0 0 0 0 0 0 0 0 0 0 0 0 0 0 0 0 0 0 1 1 1 0 0 0 0 1 0 1 0 0 0 0 0 0 0 1 1 0 0 1 0 0 1 0 0 1 1 0 0 0 0 0 0 0 0 0 0 0 0 0 0 0 1 0 0 0 0 0 0 0 0 0 0 0 0 0 0 0 0 0 0 0 0 0 0 0 0 0 0 0 0 0 0 0 0 0 0 0 0 0 0 0 0 0 0 0 0 0 0 0 0 0 0 0 0 0 0 0 0 0 0 0 0 0 0 0 0 0 0 0 0 0 0 0 0 0 0 0 0 0 0 0 0 0 0 0 0 0 0 0 0 0 0 0 0 0 1 0 0 0 1 0 1 0 0 1 0 0 0 0 0 1 1 0 0 0 0 0 0 0 0 0 0 0 0 0 0 0 0 0 
Picked Items (item,city) = (1 , 2) (3 , 4) (7 , 8) (8 , 9) (10 , 11) (12 , 13) (15 , 16) (17 , 18) (18 , 19) (21 , 22) (23 , 24) (27 , 28) (29 , 30) (30 , 31) (33 , 34) (36 , 37) (41 , 42) (42 , 43) (108 , 109) (109 , 110) (110 , 111) (115 , 116) (117 , 118) (125 , 126) (126 , 127) (129 , 130) (132 , 133) (135 , 136) (136 , 137) (152 , 153) (246 , 247) (250 , 251) (252 , 253) (255 , 256) (261 , 262) (262 , 263) 

Travel Time: 2602.6154853126936359; Profit: 5399; TSP Distance : 2587.9299300000006951; Weight: 1617 / 25437; 0000000
TSP Tour = 1 2 242 243 241 240 239 238 237 236 235 234 233 232 231 246 245 244 247 250 251 230 229 228 227 226 225 224 223 222 221 220 219 218 217 216 215 214 213 212 211 210 207 206 205 204 203 202 201 198 197 196 195 194 193 192 191 190 189 188 187 186 185 184 183 182 181 176 180 179 150 178 177 151 152 156 153 155 154 129 128 127 126 30 125 124 123 122 121 120 119 157 158 159 160 175 161 162 163 164 165 166 167 168 169 170 172 171 173 174 107 106 105 104 103 102 101 100 99 98 97 96 95 94 93 92 91 90 89 109 108 110 111 114 113 112 88 87 84 83 82 81 80 79 78 77 75 76 74 73 72 71 70 67 69 68 58 57 56 55 54 53 52 51 50 49 48 47 46 45 44 59 63 64 65 66 85 86 116 115 117 118 62 61 60 43 42 41 40 39 38 37 36 35 34 33 32 31 29 28 27 26 22 25 23 24 14 15 13 12 11 10 9 8 7 6 5 4 277 276 275 274 273 272 271 16 17 18 19 20 21 130 131 132 133 134 270 269 135 136 268 267 137 138 139 149 148 147 146 145 199 200 144 143 142 141 140 266 265 264 263 262 261 260 259 258 257 254 253 208 209 252 255 256 249 248 278 279 3 280 1
Knapsack Array = 0 0 0 0 0 0 0 0 0 0 0 0 0 0 0 0 0 0 0 0 0 0 0 0 0 0 0 0 0 0 0 0 0 0 0 0 0 0 0 0 0 0 0 0 0 0 0 0 0 0 0 0 0 0 0 0 0 0 0 0 0 0 0 0 0 0 0 0 0 0 0 0 0 0 0 0 0 0 0 0 0 0 0 0 0 0 0 0 0 0 0 0 0 0 0 0 0 0 0 0 0 0 0 0 0 0 0 0 0 0 0 0 0 0 0 0 0 0 0 0 0 0 0 0 0 0 0 0 0 0 0 0 0 0 0 0 0 0 0 0 0 0 0 0 0 0 0 0 0 0 0 0 0 0 0 0 0 0 0 0 0 0 0 0 0 0 0 0 0 0 0 0 0 0 0 0 0 0 0 0 0 0 0 0 0 0 0 0 0 0 0 0 0 0 0 0 0 0 0 0 0 0 0 0 0 0 0 0 0 0 0 0 0 0 0 0 0 0 0 0 0 0 0 0 0 0 0 0 0 0 0 0 0 0 0 0 0 0 0 0 0 0 0 0 0 0 0 0 0 0 0 0 0 0 0 0 1 0 0 0 1 1 0 0 0 0 0 0 0 0 1 0 1 0 1 1 1 0 1 
Picked Items (item,city) = (257 , 258) (261 , 262) (262 , 263) (271 , 272) (273 , 274) (275 , 276) (276 , 277) (277 , 278) (279 , 280) 

Travel Time: 3316.305003447198942; Profit: 36757; TSP Distance : 2587.9299300000006951; Weight: 13581 / 25437; 0000000
TSP Tour = 1 2 242 243 241 240 239 238 237 236 235 234 233 232 231 246 245 244 247 250 251 230 229 228 227 226 225 224 223 222 221 220 219 218 217 216 215 214 213 212 211 210 207 206 205 204 203 202 201 198 197 196 195 194 193 192 191 190 189 188 187 186 185 184 183 182 181 176 180 179 150 178 177 151 152 156 153 155 154 129 128 127 126 30 125 124 123 122 121 120 119 157 158 159 160 175 161 162 163 164 165 166 167 168 169 170 172 171 173 174 107 106 105 104 103 102 101 100 99 98 97 96 95 94 93 92 91 90 89 109 108 110 111 114 113 112 88 87 84 83 82 81 80 79 78 77 75 76 74 73 72 71 70 67 69 68 58 57 56 55 54 53 52 51 50 49 48 47 46 45 44 59 63 64 65 66 85 86 116 115 117 118 62 61 60 43 42 41 40 39 38 37 36 35 34 33 32 31 29 28 27 26 22 25 23 24 14 15 13 12 11 10 9 8 7 6 5 4 277 276 275 274 273 272 271 16 17 18 19 20 21 130 131 132 133 134 270 269 135 136 268 267 137 138 139 149 148 147 146 145 199 200 144 143 142 141 140 266 265 264 263 262 261 260 259 258 257 254 253 208 209 252 255 256 249 248 278 279 3 280 1
Knapsack Array = 1 0 1 0 0 0 1 1 0 1 0 1 0 0 1 0 1 1 0 0 1 0 1 0 0 0 1 0 1 1 0 0 1 0 0 1 0 0 0 0 1 1 0 0 1 0 0 1 0 0 1 0 1 1 0 0 0 0 1 0 0 0 1 0 1 0 0 0 0 0 1 0 1 1 1 0 1 0 0 0 0 0 1 0 0 0 1 1 0 0 0 0 0 0 0 0 1 0 0 1 0 1 0 1 0 1 0 1 0 1 0 0 1 1 0 0 1 0 0 1 0 0 0 1 1 1 0 0 0 0 0 0 0 0 0 0 0 0 0 0 0 0 0 0 0 0 0 0 0 0 0 0 0 0 0 0 0 0 0 0 0 0 0 0 0 0 0 0 0 0 0 0 0 0 0 0 0 0 0 0 0 0 0 0 0 0 0 0 0 0 0 0 0 0 0 0 0 0 0 0 0 0 0 0 0 0 0 0 0 0 0 0 0 0 0 0 0 0 0 0 0 0 0 0 0 0 0 0 0 0 0 0 0 0 0 0 0 0 0 0 0 0 0 0 0 0 0 0 0 1 0 1 0 0 1 0 1 0 0 0 1 1 0 0 0 0 0 0 0 0 1 0 1 0 1 1 1 0 1 
Picked Items (item,city) = (1 , 2) (3 , 4) (7 , 8) (8 , 9) (10 , 11) (12 , 13) (15 , 16) (17 , 18) (18 , 19) (21 , 22) (23 , 24) (27 , 28) (29 , 30) (30 , 31) (33 , 34) (36 , 37) (41 , 42) (42 , 43) (45 , 46) (48 , 49) (51 , 52) (53 , 54) (54 , 55) (59 , 60) (63 , 64) (65 , 66) (71 , 72) (73 , 74) (74 , 75) (75 , 76) (77 , 78) (83 , 84) (87 , 88) (88 , 89) (97 , 98) (100 , 101) (102 , 103) (104 , 105) (106 , 107) (108 , 109) (110 , 111) (113 , 114) (114 , 115) (117 , 118) (120 , 121) (124 , 125) (125 , 126) (126 , 127) (250 , 251) (252 , 253) (255 , 256) (257 , 258) (261 , 262) (262 , 263) (271 , 272) (273 , 274) (275 , 276) (276 , 277) (277 , 278) (279 , 280) 

Travel Time: 3431.3938817722560088; Profit: 40329; TSP Distance : 2587.9299300000006951; Weight: 15801 / 25437; 0000000
TSP Tour = 1 2 242 243 241 240 239 238 237 236 235 234 233 232 231 246 245 244 247 250 251 230 229 228 227 226 225 224 223 222 221 220 219 218 217 216 215 214 213 212 211 210 207 206 205 204 203 202 201 198 197 196 195 194 193 192 191 190 189 188 187 186 185 184 183 182 181 176 180 179 150 178 177 151 152 156 153 155 154 129 128 127 126 30 125 124 123 122 121 120 119 157 158 159 160 175 161 162 163 164 165 166 167 168 169 170 172 171 173 174 107 106 105 104 103 102 101 100 99 98 97 96 95 94 93 92 91 90 89 109 108 110 111 114 113 112 88 87 84 83 82 81 80 79 78 77 75 76 74 73 72 71 70 67 69 68 58 57 56 55 54 53 52 51 50 49 48 47 46 45 44 59 63 64 65 66 85 86 116 115 117 118 62 61 60 43 42 41 40 39 38 37 36 35 34 33 32 31 29 28 27 26 22 25 23 24 14 15 13 12 11 10 9 8 7 6 5 4 277 276 275 274 273 272 271 16 17 18 19 20 21 130 131 132 133 134 270 269 135 136 268 267 137 138 139 149 148 147 146 145 199 200 144 143 142 141 140 266 265 264 263 262 261 260 259 258 257 254 253 208 209 252 255 256 249 248 278 279 3 280 1
Knapsack Array = 1 0 1 0 0 0 1 1 0 1 0 1 0 0 1 0 1 1 0 0 1 0 1 0 0 0 1 0 1 1 0 0 1 0 0 1 0 0 0 0 1 1 0 0 1 0 0 1 0 0 1 0 1 1 0 0 0 0 1 0 0 0 1 0 1 0 0 0 0 0 1 0 1 1 1 0 1 0 0 0 0 0 1 0 0 0 1 1 0 0 0 0 0 0 0 0 1 0 0 1 0 1 0 1 0 1 0 1 0 1 0 0 1 1 0 0 1 0 0 1 0 0 0 1 1 1 0 0 1 0 0 1 0 0 1 1 0 1 0 1 0 0 0 0 0 0 0 0 0 0 0 0 0 0 0 0 0 0 0 0 0 0 0 0 0 0 0 0 0 0 0 0 0 0 0 0 0 0 0 0 0 0 0 0 0 0 0 0 0 0 0 0 0 0 0 0 0 0 0 0 0 0 0 0 0 0 0 0 0 0 0 0 0 0 0 0 0 0 0 0 0 0 0 0 0 0 0 0 0 0 0 0 0 0 0 0 0 0 0 0 0 0 0 0 0 0 0 0 0 1 0 1 0 0 1 0 1 0 0 0 1 1 0 0 0 0 0 0 0 0 1 0 1 0 1 1 1 0 1 
Picked Items (item,city) = (1 , 2) (3 , 4) (7 , 8) (8 , 9) (10 , 11) (12 , 13) (15 , 16) (17 , 18) (18 , 19) (21 , 22) (23 , 24) (27 , 28) (29 , 30) (30 , 31) (33 , 34) (36 , 37) (41 , 42) (42 , 43) (45 , 46) (48 , 49) (51 , 52) (53 , 54) (54 , 55) (59 , 60) (63 , 64) (65 , 66) (71 , 72) (73 , 74) (74 , 75) (75 , 76) (77 , 78) (83 , 84) (87 , 88) (88 , 89) (97 , 98) (100 , 101) (102 , 103) (104 , 105) (106 , 107) (108 , 109) (110 , 111) (113 , 114) (114 , 115) (117 , 118) (120 , 121) (124 , 125) (125 , 126) (126 , 127) (129 , 130) (132 , 133) (135 , 136) (136 , 137) (138 , 139) (140 , 141) (250 , 251) (252 , 253) (255 , 256) (257 , 258) (261 , 262) (262 , 263) (271 , 272) (273 , 274) (275 , 276) (276 , 277) (277 , 278) (279 , 280) 

Travel Time: 3835.6237482672918304; Profit: 49565; TSP Distance : 2800.1730600000005325; Weight: 17148 / 25437; 0000000
TSP Tour = 1 277 276 275 274 273 272 271 270 269 268 267 266 265 264 263 262 261 260 259 258 257 256 255 254 253 252 251 250 249 248 247 246 245 244 243 242 241 240 239 238 237 236 235 234 233 232 231 230 229 228 227 226 225 224 223 222 221 220 219 218 217 216 215 214 213 212 211 210 209 208 207 206 205 204 203 202 201 200 199 198 197 196 195 194 193 192 191 190 189 188 187 186 185 184 183 182 181 180 179 178 177 176 175 161 162 163 164 165 166 167 168 169 170 171 172 173 174 160 159 158 157 155 154 153 156 152 151 150 149 148 147 146 145 144 143 142 141 140 139 138 137 136 135 134 133 132 131 130 129 128 127 126 125 124 123 122 121 120 119 118 117 116 115 114 113 112 111 110 109 108 107 106 105 104 103 102 101 100 99 98 97 96 95 94 93 92 91 90 89 88 87 86 85 84 83 82 81 80 79 78 77 76 75 74 73 72 71 70 69 68 67 66 65 64 63 62 61 60 59 58 57 56 55 54 53 52 51 50 49 48 47 46 45 44 43 42 41 40 39 38 37 36 35 34 33 32 31 30 29 28 27 26 22 25 23 24 21 20 19 18 17 16 15 14 13 12 11 10 9 8 7 6 5 4 278 279 3 280 2 1
Knapsack Array = 1 0 1 0 0 0 1 1 0 1 0 1 0 0 1 0 1 1 0 0 1 0 1 0 0 0 1 0 1 1 0 0 1 0 0 1 0 0 0 0 1 1 0 0 1 0 0 1 0 0 1 0 1 1 0 0 0 0 1 0 0 0 1 0 1 0 0 0 0 0 1 0 1 1 1 0 1 0 0 0 0 0 1 0 0 0 1 1 0 0 0 0 0 0 0 0 1 0 0 1 0 1 0 1 0 1 0 1 0 1 0 0 1 1 0 0 1 0 0 1 0 0 0 1 1 1 0 0 1 0 0 0 0 0 0 1 0 0 0 1 0 0 0 0 0 0 0 0 0 0 0 0 0 0 0 0 0 0 0 1 1 0 0 0 0 0 0 0 0 0 1 0 1 0 0 0 0 0 0 0 1 0 0 0 1 0 0 0 0 0 0 1 0 0 0 0 0 0 1 0 0 0 0 0 0 1 0 1 1 1 0 0 0 0 0 0 0 1 1 0 0 0 0 1 0 0 1 0 0 0 0 1 0 0 0 0 0 0 0 0 1 0 0 0 0 1 0 0 0 1 0 1 0 0 1 0 1 0 0 0 1 1 0 0 0 0 0 0 0 0 1 0 1 0 1 1 1 0 1 
Picked Items (item,city) = (1 , 2) (3 , 4) (7 , 8) (8 , 9) (10 , 11) (12 , 13) (15 , 16) (17 , 18) (18 , 19) (21 , 22) (23 , 24) (27 , 28) (29 , 30) (30 , 31) (33 , 34) (36 , 37) (41 , 42) (42 , 43) (45 , 46) (48 , 49) (51 , 52) (53 , 54) (54 , 55) (59 , 60) (63 , 64) (65 , 66) (71 , 72) (73 , 74) (74 , 75) (75 , 76) (77 , 78) (83 , 84) (87 , 88) (88 , 89) (97 , 98) (100 , 101) (102 , 103) (104 , 105) (106 , 107) (108 , 109) (110 , 111) (113 , 114) (114 , 115) (117 , 118) (120 , 121) (124 , 125) (125 , 126) (126 , 127) (129 , 130) (136 , 137) (140 , 141) (160 , 161) (161 , 162) (171 , 172) (173 , 174) (181 , 182) (185 , 186) (192 , 193) (199 , 200) (206 , 207) (208 , 209) (209 , 210) (210 , 211) (218 , 219) (219 , 220) (224 , 225) (227 , 228) (232 , 233) (241 , 242) (246 , 247) (250 , 251) (252 , 253) (255 , 256) (257 , 258) (261 , 262) (262 , 263) (271 , 272) (273 , 274) (275 , 276) (276 , 277) (277 , 278) (279 , 280) 

Travel Time: 3477.4131705897398206; Profit: 43088; TSP Distance : 2800.1730600000005325; Weight: 14775 / 25437; 0000000
TSP Tour = 1 277 276 275 274 273 272 271 270 269 268 267 266 265 264 263 262 261 260 259 258 257 256 255 254 253 252 251 250 249 248 247 246 245 244 243 242 241 240 239 238 237 236 235 234 233 232 231 230 229 228 227 226 225 224 223 222 221 220 219 218 217 216 215 214 213 212 211 210 209 208 207 206 205 204 203 202 201 200 199 198 197 196 195 194 193 192 191 190 189 188 187 186 185 184 183 182 181 180 179 178 177 176 175 161 162 163 164 165 166 167 168 169 170 171 172 173 174 160 159 158 157 155 154 153 156 152 151 150 149 148 147 146 145 144 143 142 141 140 139 138 137 136 135 134 133 132 131 130 129 128 127 126 125 124 123 122 121 120 119 118 117 116 115 114 113 112 111 110 109 108 107 106 105 104 103 102 101 100 99 98 97 96 95 94 93 92 91 90 89 88 87 86 85 84 83 82 81 80 79 78 77 76 75 74 73 72 71 70 69 68 67 66 65 64 63 62 61 60 59 58 57 56 55 54 53 52 51 50 49 48 47 46 45 44 43 42 41 40 39 38 37 36 35 34 33 32 31 30 29 28 27 26 22 25 23 24 21 20 19 18 17 16 15 14 13 12 11 10 9 8 7 6 5 4 278 279 3 280 2 1
Knapsack Array = 1 0 1 0 0 0 1 1 0 1 0 1 0 0 1 0 1 1 0 0 1 0 1 0 0 0 1 0 1 1 0 0 1 0 0 1 0 0 0 0 1 1 0 0 1 0 0 1 0 0 1 0 1 1 0 0 0 0 1 0 0 0 1 0 1 0 0 0 0 0 1 0 1 1 1 0 1 0 0 0 0 0 1 0 0 0 1 1 0 0 0 0 0 0 0 0 1 0 0 1 0 1 0 1 0 1 0 1 0 1 0 0 1 1 0 0 1 0 0 1 0 0 0 1 1 1 0 0 1 0 0 0 0 0 0 0 0 0 0 0 0 0 0 0 0 0 0 0 0 0 0 0 0 0 0 0 0 0 0 1 1 0 0 0 0 0 0 0 0 0 1 0 1 0 0 0 0 0 0 0 1 0 0 0 1 0 0 0 0 0 0 1 0 0 0 0 0 0 1 0 0 0 0 0 0 1 0 0 0 0 0 0 0 0 0 0 0 0 0 0 0 0 0 0 0 0 0 0 0 0 0 0 0 0 0 0 0 0 0 0 0 0 0 0 0 0 0 0 0 1 0 1 0 0 1 0 1 0 0 0 1 1 0 0 0 0 0 0 0 0 1 0 1 0 1 1 1 0 1 
Picked Items (item,city) = (1 , 2) (3 , 4) (7 , 8) (8 , 9) (10 , 11) (12 , 13) (15 , 16) (17 , 18) (18 , 19) (21 , 22) (23 , 24) (27 , 28) (29 , 30) (30 , 31) (33 , 34) (36 , 37) (41 , 42) (42 , 43) (45 , 46) (48 , 49) (51 , 52) (53 , 54) (54 , 55) (59 , 60) (63 , 64) (65 , 66) (71 , 72) (73 , 74) (74 , 75) (75 , 76) (77 , 78) (83 , 84) (87 , 88) (88 , 89) (97 , 98) (100 , 101) (102 , 103) (104 , 105) (106 , 107) (108 , 109) (110 , 111) (113 , 114) (114 , 115) (117 , 118) (120 , 121) (124 , 125) (125 , 126) (126 , 127) (129 , 130) (160 , 161) (161 , 162) (171 , 172) (173 , 174) (181 , 182) (185 , 186) (192 , 193) (199 , 200) (206 , 207) (250 , 251) (252 , 253) (255 , 256) (257 , 258) (261 , 262) (262 , 263) (271 , 272) (273 , 274) (275 , 276) (276 , 277) (277 , 278) (279 , 280) 

Travel Time: 4985.8334057678093814; Profit: 58163; TSP Distance : 2800.1730600000005325; Weight: 22140 / 25437; 0000000
TSP Tour = 1 277 276 275 274 273 272 271 270 269 268 267 266 265 264 263 262 261 260 259 258 257 256 255 254 253 252 251 250 249 248 247 246 245 244 243 242 241 240 239 238 237 236 235 234 233 232 231 230 229 228 227 226 225 224 223 222 221 220 219 218 217 216 215 214 213 212 211 210 209 208 207 206 205 204 203 202 201 200 199 198 197 196 195 194 193 192 191 190 189 188 187 186 185 184 183 182 181 180 179 178 177 176 175 161 162 163 164 165 166 167 168 169 170 171 172 173 174 160 159 158 157 155 154 153 156 152 151 150 149 148 147 146 145 144 143 142 141 140 139 138 137 136 135 134 133 132 131 130 129 128 127 126 125 124 123 122 121 120 119 118 117 116 115 114 113 112 111 110 109 108 107 106 105 104 103 102 101 100 99 98 97 96 95 94 93 92 91 90 89 88 87 86 85 84 83 82 81 80 79 78 77 76 75 74 73 72 71 70 69 68 67 66 65 64 63 62 61 60 59 58 57 56 55 54 53 52 51 50 49 48 47 46 45 44 43 42 41 40 39 38 37 36 35 34 33 32 31 30 29 28 27 26 22 25 23 24 21 20 19 18 17 16 15 14 13 12 11 10 9 8 7 6 5 4 278 279 3 280 2 1
Knapsack Array = 1 0 1 0 0 0 1 1 0 1 0 1 0 0 1 0 1 1 0 0 1 0 1 0 0 0 1 0 1 1 0 0 1 0 0 1 0 0 0 0 1 1 0 0 1 0 0 1 0 0 1 0 1 1 0 0 0 0 1 0 0 0 1 0 1 0 0 0 0 0 1 0 1 1 1 0 1 0 0 0 0 0 1 0 0 0 1 1 0 0 0 0 0 0 0 0 1 0 0 1 0 1 0 1 0 1 0 1 0 1 0 0 1 1 0 0 1 0 0 1 0 0 0 1 1 1 0 0 1 0 0 0 0 0 0 1 0 0 0 1 0 0 0 0 0 0 0 1 1 0 0 1 0 0 0 0 0 0 0 1 1 0 0 1 0 1 0 1 0 0 1 1 1 1 0 1 0 0 0 1 1 1 0 0 0 1 0 0 0 0 0 1 1 0 0 0 0 1 1 0 0 0 0 0 1 1 0 1 1 1 0 0 0 0 0 0 0 1 1 0 0 0 0 1 0 0 1 0 0 0 0 1 0 0 0 0 0 0 0 0 1 0 0 0 0 1 0 0 0 1 0 1 0 0 1 0 1 0 0 0 1 1 0 0 0 0 0 0 0 0 1 0 1 0 1 1 1 0 1 
Picked Items (item,city) = (1 , 2) (3 , 4) (7 , 8) (8 , 9) (10 , 11) (12 , 13) (15 , 16) (17 , 18) (18 , 19) (21 , 22) (23 , 24) (27 , 28) (29 , 30) (30 , 31) (33 , 34) (36 , 37) (41 , 42) (42 , 43) (45 , 46) (48 , 49) (51 , 52) (53 , 54) (54 , 55) (59 , 60) (63 , 64) (65 , 66) (71 , 72) (73 , 74) (74 , 75) (75 , 76) (77 , 78) (83 , 84) (87 , 88) (88 , 89) (97 , 98) (100 , 101) (102 , 103) (104 , 105) (106 , 107) (108 , 109) (110 , 111) (113 , 114) (114 , 115) (117 , 118) (120 , 121) (124 , 125) (125 , 126) (126 , 127) (129 , 130) (136 , 137) (140 , 141) (148 , 149) (149 , 150) (152 , 153) (160 , 161) (161 , 162) (164 , 165) (166 , 167) (168 , 169) (171 , 172) (172 , 173) (173 , 174) (174 , 175) (176 , 177) (180 , 181) (181 , 182) (182 , 183) (186 , 187) (192 , 193) (193 , 194) (198 , 199) (199 , 200) (205 , 206) (206 , 207) (208 , 209) (209 , 210) (210 , 211) (218 , 219) (219 , 220) (224 , 225) (227 , 228) (232 , 233) (241 , 242) (246 , 247) (250 , 251) (252 , 253) (255 , 256) (257 , 258) (261 , 262) (262 , 263) (271 , 272) (273 , 274) (275 , 276) (276 , 277) (277 , 278) (279 , 280) 

Travel Time: 4275.2962628817331279; Profit: 52358; TSP Distance : 2824.4752900000007685; Weight: 19359 / 25437; 0000000
TSP Tour = 1 2 3 4 5 6 275 274 273 272 271 270 269 268 267 266 265 264 263 262 261 260 259 258 257 256 255 254 253 252 251 250 249 248 247 246 245 244 243 242 241 240 239 238 237 236 235 234 233 232 231 230 229 228 227 226 225 224 223 222 221 220 219 218 217 216 215 214 213 212 211 210 209 208 207 206 205 204 203 202 201 200 199 198 197 196 195 194 193 192 191 190 189 188 187 186 185 184 183 182 181 180 179 178 177 176 175 161 162 163 164 165 166 167 168 169 170 171 172 173 174 160 159 158 157 119 120 121 122 123 124 125 126 127 128 129 130 131 132 133 134 135 136 137 138 139 140 141 142 143 144 145 146 147 148 149 150 151 152 156 153 154 155 118 117 116 115 114 113 112 111 110 109 108 107 106 105 104 103 102 101 100 99 98 97 96 95 94 93 92 91 90 89 88 87 86 85 84 83 82 81 80 79 78 77 76 75 74 73 72 71 70 69 68 67 66 65 64 63 62 61 60 59 58 57 56 55 54 53 52 51 50 49 48 47 46 45 44 43 42 41 40 39 38 37 36 35 34 33 32 31 30 29 28 27 26 22 23 24 25 21 20 19 18 17 16 15 14 13 12 11 10 9 8 7 276 277 278 279 280 1
Knapsack Array = 1 0 1 0 0 0 1 1 0 1 0 1 0 0 1 0 1 1 0 0 1 0 1 0 0 0 1 0 1 1 0 0 1 0 0 1 0 0 0 0 1 1 0 0 1 0 0 1 0 0 1 0 1 1 0 0 0 0 1 0 0 0 1 0 1 0 0 0 0 0 1 0 1 1 1 0 1 0 0 0 0 0 1 0 0 0 1 1 0 0 0 0 0 0 0 0 1 0 0 1 0 1 0 1 0 1 0 1 0 1 0 0 1 1 0 0 1 0 0 0 0 0 0 0 0 0 0 0 0 0 0 0 0 0 0 0 0 0 0 0 0 0 0 0 0 0 0 0 0 0 0 1 1 0 0 1 0 1 0 1 1 0 0 1 0 1 0 1 0 0 1 1 1 1 0 1 0 0 0 1 0 0 0 0 0 0 0 0 0 0 0 0 0 0 0 0 0 1 1 0 0 0 0 0 1 1 0 1 1 1 0 0 0 0 0 0 0 1 1 0 0 0 0 1 0 0 1 0 0 0 0 1 0 0 0 0 0 0 0 0 1 0 0 0 0 1 0 0 0 1 0 1 0 0 1 0 1 0 0 0 1 1 0 0 0 0 0 0 0 0 1 0 1 0 1 1 1 0 1 
Picked Items (item,city) = (1 , 2) (3 , 4) (7 , 8) (8 , 9) (10 , 11) (12 , 13) (15 , 16) (17 , 18) (18 , 19) (21 , 22) (23 , 24) (27 , 28) (29 , 30) (30 , 31) (33 , 34) (36 , 37) (41 , 42) (42 , 43) (45 , 46) (48 , 49) (51 , 52) (53 , 54) (54 , 55) (59 , 60) (63 , 64) (65 , 66) (71 , 72) (73 , 74) (74 , 75) (75 , 76) (77 , 78) (83 , 84) (87 , 88) (88 , 89) (97 , 98) (100 , 101) (102 , 103) (104 , 105) (106 , 107) (108 , 109) (110 , 111) (113 , 114) (114 , 115) (117 , 118) (152 , 153) (153 , 154) (156 , 157) (158 , 159) (160 , 161) (161 , 162) (164 , 165) (166 , 167) (168 , 169) (171 , 172) (172 , 173) (173 , 174) (174 , 175) (176 , 177) (180 , 181) (198 , 199) (199 , 200) (205 , 206) (206 , 207) (208 , 209) (209 , 210) (210 , 211) (218 , 219) (219 , 220) (224 , 225) (227 , 228) (232 , 233) (241 , 242) (246 , 247) (250 , 251) (252 , 253) (255 , 256) (257 , 258) (261 , 262) (262 , 263) (271 , 272) (273 , 274) (275 , 276) (276 , 277) (277 , 278) (279 , 280) 


Pareto (Travel Time; Profit; IsValid)

2642.7411394933710653 ; 5699; 0000000
2587.9299300000006951 ; 0; 0000000
2896.7693880235019606 ; 23723; 0000000
2646.8385610253708364 ; 6281; 0000000
3363.9368804637624635 ; 38468; 0000000
3340.3704467578136246 ; 38455; 0000000
3231.6716156086081355 ; 33839; 0000000
4093.6588816997482354 ; 49863; 0000000
3108.1757545420273345 ; 29044; 0000000
3016.7407147434182662 ; 25121; 0000000
5092.5936644887087823 ; 58394; 0000000
5215.7592242074861133 ; 59213; 0000000
3254.9378256158552176 ; 34265; 0000000
6204.2743510537684415 ; 62226; 0000000
6166.4632845812793676 ; 62127; 0000000
5354.134447411891415 ; 60320; 0000000
3722.6929952673476691 ; 47766; 0000000
4340.9103618326253127 ; 53580; 0000000
3124.1255924529591539 ; 31719; 0000000
4890.8267634795474805 ; 53925; 0000000
4983.7724020210162053 ; 55636; 0000000
3182.0148473587960325 ; 33431; 0000000
5671.4246237710931382 ; 60649; 0000000
6875.509304889554187 ; 63755; 0000000
6436.4106658348810015 ; 62500; 0000000
2862.3983983147550134 ; 23373; 0000000
2602.6154853126936359 ; 5399; 0000000
3316.305003447198942 ; 36757; 0000000
3431.3938817722560088 ; 40329; 0000000
3835.6237482672918304 ; 49565; 0000000
3477.4131705897398206 ; 43088; 0000000
4985.8334057678093814 ; 58163; 0000000
4275.2962628817331279 ; 52358; 0000000
