Travel Time: 3029.1734178173842338; Profit: 18814; TSP Distance : 2590.7691200000003846; Weight: 5133 / 12718; 0000000
TSP Tour = 1 2 242 243 241 240 239 238 237 236 235 234 233 232 231 246 245 244 247 250 251 230 229 228 227 226 225 224 223 222 221 220 219 218 217 216 215 214 213 212 211 210 207 206 205 204 203 202 201 198 197 196 195 194 193 192 191 190 189 188 187 186 185 184 183 182 181 176 180 179 150 178 177 151 152 156 153 155 154 129 128 127 126 30 125 124 123 122 121 120 119 157 158 159 160 175 161 162 163 164 165 166 167 168 169 170 172 171 173 174 107 106 105 104 103 102 101 100 99 98 97 96 95 94 93 92 91 90 89 109 108 110 111 114 113 112 88 87 84 83 82 81 80 79 78 77 75 76 74 73 72 71 70 69 68 67 66 65 85 86 116 115 117 118 61 62 63 64 58 57 56 55 54 53 52 51 50 49 48 47 46 45 44 59 60 43 42 41 40 39 38 37 36 35 34 33 32 31 29 28 27 26 22 25 23 24 14 15 13 12 11 10 9 8 7 6 5 4 277 276 275 274 273 272 271 16 17 18 19 20 21 130 131 132 133 134 270 269 135 136 268 267 137 138 139 149 148 147 146 145 199 200 144 143 142 141 140 266 265 264 263 262 261 260 259 258 257 254 253 208 209 252 255 256 249 248 278 279 3 280 1
Knapsack Array = 1 0 1 0 0 0 1 0 0 0 0 1 0 0 1 0 1 1 0 0 1 0 1 0 0 0 1 0 0 1 0 0 1 0 0 1 0 0 0 0 1 0 0 0 0 0 0 1 0 0 1 0 1 1 0 0 0 0 1 0 0 0 1 0 0 0 0 0 0 0 0 0 0 1 1 0 1 0 0 0 0 0 0 0 0 0 1 1 0 0 0 0 0 0 0 0 0 0 0 0 0 0 0 0 0 0 0 0 0 0 0 0 0 0 0 0 0 0 0 0 0 0 0 0 0 0 0 0 0 0 0 0 0 0 0 0 0 0 0 0 0 0 0 0 0 0 0 0 0 0 0 0 0 0 0 0 0 0 0 0 0 0 0 0 0 0 0 0 0 0 0 0 0 0 0 0 0 0 0 0 0 0 0 0 0 0 0 0 0 0 0 0 0 0 0 0 0 0 0 0 0 0 0 0 0 0 0 0 0 0 0 0 0 0 0 0 0 0 0 0 0 0 0 0 0 0 0 0 0 0 0 0 0 0 0 0 0 0 0 0 0 0 0 0 0 0 0 0 0 0 0 0 0 0 0 0 0 0 0 0 1 1 0 0 0 0 0 0 0 0 0 0 0 0 0 0 0 0 0 
Picked Items (item,city) = (1 , 2) (3 , 4) (7 , 8) (12 , 13) (15 , 16) (17 , 18) (18 , 19) (21 , 22) (23 , 24) (27 , 28) (30 , 31) (33 , 34) (36 , 37) (41 , 42) (48 , 49) (51 , 52) (53 , 54) (54 , 55) (59 , 60) (63 , 64) (74 , 75) (75 , 76) (77 , 78) (87 , 88) (88 , 89) (261 , 262) (262 , 263) 

Travel Time: 2588.8460626965143092; Profit: 1489; TSP Distance : 2587.8082200000003468; Weight: 74 / 12718; 0000000
TSP Tour = 1 2 242 243 241 240 239 238 237 236 235 234 233 232 231 246 245 244 247 250 251 230 229 228 227 226 225 224 223 222 221 220 219 218 217 216 215 214 213 212 211 210 207 206 205 204 203 202 201 198 197 196 195 194 193 192 191 190 189 188 187 186 185 184 183 182 181 176 180 179 150 178 177 151 152 156 153 155 154 129 128 127 126 30 125 124 123 122 121 120 119 157 158 159 160 175 161 162 163 164 165 166 167 168 169 170 172 171 173 174 107 106 105 104 103 102 101 100 99 98 97 96 95 94 93 92 91 90 89 109 108 110 111 114 113 112 88 87 84 83 82 81 80 79 78 77 75 76 74 73 72 71 70 67 69 68 58 57 56 55 54 53 52 51 50 49 48 47 46 45 44 59 62 63 64 65 66 85 86 116 115 117 118 61 60 43 42 41 40 39 38 37 36 35 34 33 32 31 29 28 27 26 22 25 23 24 14 15 13 12 11 10 9 8 7 6 5 4 277 276 275 274 273 272 271 16 17 18 19 20 21 130 131 132 133 134 270 269 135 136 268 267 137 138 139 149 148 147 146 145 199 200 144 143 142 141 140 266 265 264 263 262 261 260 259 258 257 254 253 208 209 252 255 256 249 248 278 279 3 280 1
Knapsack Array = 0 0 0 0 0 0 0 0 0 0 0 0 0 0 0 0 0 0 0 0 0 0 0 0 0 0 0 0 0 0 0 0 0 0 0 0 0 0 0 0 0 0 0 0 0 0 0 0 0 0 0 0 0 0 0 0 0 0 0 0 0 0 0 0 0 0 0 0 0 0 0 0 0 0 0 0 0 0 0 0 0 0 0 0 0 0 0 0 0 0 0 0 0 0 0 0 0 0 0 0 0 0 0 0 0 0 0 0 0 0 0 0 0 0 0 0 0 0 0 0 0 0 0 0 0 0 0 0 0 0 0 0 0 0 0 0 0 0 0 0 0 0 0 0 0 0 0 0 0 0 0 0 0 0 0 0 0 0 0 0 0 0 0 0 0 0 0 0 0 0 0 0 0 0 0 0 0 0 0 0 0 0 0 0 0 0 0 0 0 0 0 0 0 0 0 0 0 0 0 0 0 0 0 0 0 0 0 0 0 0 0 0 0 0 0 0 0 0 0 0 0 0 0 0 0 0 0 0 0 0 0 0 0 0 0 0 0 0 0 0 0 0 0 0 0 0 0 0 0 0 0 0 0 0 0 0 0 0 0 0 1 1 0 0 0 0 0 0 0 0 0 0 0 0 0 0 0 0 0 
Picked Items (item,city) = (261 , 262) (262 , 263) 

Travel Time: 3219.6427243208422624; Profit: 25347; TSP Distance : 2799.2699600000005375; Weight: 6372 / 12718; 0000000
TSP Tour = 1 3 279 278 277 276 275 274 273 272 271 270 269 268 267 266 265 264 263 262 261 260 259 258 257 256 255 254 253 252 251 250 249 248 247 246 245 244 243 242 241 240 239 238 237 236 235 234 233 232 231 230 229 228 227 226 225 224 223 222 221 220 219 218 217 216 215 214 213 212 211 210 209 208 207 206 205 204 203 202 201 200 199 198 197 196 195 194 193 192 191 190 189 188 187 186 185 184 183 182 181 180 179 178 177 176 175 161 162 163 164 165 166 167 168 169 170 171 172 173 174 160 159 158 157 153 154 155 156 152 151 150 149 148 147 146 145 144 143 142 141 140 139 138 137 136 135 134 133 132 131 130 129 128 127 126 125 124 123 122 121 120 119 118 117 116 115 114 113 112 111 110 109 108 107 106 105 104 103 102 101 100 99 98 97 96 95 94 93 92 91 90 89 88 87 86 85 84 83 82 81 80 79 78 77 76 75 74 73 72 71 70 69 68 67 66 65 64 63 62 61 60 59 58 57 56 55 54 53 52 51 50 49 48 47 46 45 44 43 42 41 40 39 38 37 36 35 34 33 32 31 30 29 28 27 26 22 25 23 24 21 20 19 18 17 16 15 14 13 12 11 10 9 8 7 6 5 4 280 2 1
Knapsack Array = 1 0 1 0 0 0 1 0 0 0 0 1 0 0 1 0 1 1 0 0 1 0 1 0 0 0 1 0 0 1 0 0 1 0 0 1 0 0 0 0 1 0 0 0 0 0 0 1 0 0 1 0 1 1 0 0 0 0 1 0 0 0 1 0 0 0 0 0 0 0 0 0 0 1 1 0 1 0 0 0 0 0 0 0 0 0 0 0 0 0 0 0 0 0 0 0 0 0 0 0 0 0 0 0 0 0 0 0 0 0 0 0 0 1 0 0 1 0 0 0 0 0 0 0 1 1 0 0 0 0 0 1 0 0 0 0 0 0 0 0 0 0 0 0 0 0 0 0 0 0 0 0 0 0 0 0 0 0 0 0 1 0 0 0 0 0 0 0 0 0 0 0 0 0 0 0 0 0 0 0 0 0 0 0 0 0 0 0 0 0 0 0 0 0 0 0 0 0 0 0 0 0 0 0 0 0 0 0 0 0 0 0 0 0 0 0 0 0 0 0 0 0 0 0 0 0 0 0 0 0 0 0 0 0 0 0 0 0 0 0 0 0 0 0 0 0 0 0 0 1 0 0 0 0 1 0 0 0 0 0 1 1 0 0 0 0 0 0 0 0 0 0 1 0 1 1 0 0 1 
Picked Items (item,city) = (1 , 2) (3 , 4) (7 , 8) (12 , 13) (15 , 16) (17 , 18) (18 , 19) (21 , 22) (23 , 24) (27 , 28) (30 , 31) (33 , 34) (36 , 37) (41 , 42) (48 , 49) (51 , 52) (53 , 54) (54 , 55) (59 , 60) (63 , 64) (74 , 75) (75 , 76) (77 , 78) (114 , 115) (117 , 118) (125 , 126) (126 , 127) (132 , 133) (161 , 162) (250 , 251) (255 , 256) (261 , 262) (262 , 263) (273 , 274) (275 , 276) (276 , 277) (279 , 280) 

Travel Time: 3936.0193171228033862; Profit: 35138; TSP Distance : 2799.2699600000005375; Weight: 9496 / 12718; 0000000
TSP Tour = 1 3 279 278 277 276 275 274 273 272 271 270 269 268 267 266 265 264 263 262 261 260 259 258 257 256 255 254 253 252 251 250 249 248 247 246 245 244 243 242 241 240 239 238 237 236 235 234 233 232 231 230 229 228 227 226 225 224 223 222 221 220 219 218 217 216 215 214 213 212 211 210 209 208 207 206 205 204 203 202 201 200 199 198 197 196 195 194 193 192 191 190 189 188 187 186 185 184 183 182 181 180 179 178 177 176 175 161 162 163 164 165 166 167 168 169 170 171 172 173 174 160 159 158 157 153 154 155 156 152 151 150 149 148 147 146 145 144 143 142 141 140 139 138 137 136 135 134 133 132 131 130 129 128 127 126 125 124 123 122 121 120 119 118 117 116 115 114 113 112 111 110 109 108 107 106 105 104 103 102 101 100 99 98 97 96 95 94 93 92 91 90 89 88 87 86 85 84 83 82 81 80 79 78 77 76 75 74 73 72 71 70 69 68 67 66 65 64 63 62 61 60 59 58 57 56 55 54 53 52 51 50 49 48 47 46 45 44 43 42 41 40 39 38 37 36 35 34 33 32 31 30 29 28 27 26 22 25 23 24 21 20 19 18 17 16 15 14 13 12 11 10 9 8 7 6 5 4 280 2 1
Knapsack Array = 1 0 1 0 0 0 1 0 0 0 0 1 0 0 1 0 1 1 0 0 1 0 1 0 0 0 1 0 0 1 0 0 1 0 0 1 0 0 0 0 1 0 0 0 0 0 0 1 0 0 1 0 1 1 0 0 0 0 1 0 0 0 1 0 0 0 0 0 0 0 0 0 0 1 1 0 1 0 0 0 0 0 1 0 0 0 1 1 0 0 0 0 0 0 0 0 0 0 0 0 0 1 0 1 0 1 0 1 0 1 0 0 0 1 0 0 1 0 0 0 0 0 0 0 1 1 0 0 0 0 0 1 0 0 0 1 0 0 0 0 0 0 0 0 0 0 0 0 0 0 0 1 1 0 0 0 0 0 0 1 1 0 0 0 0 0 0 0 0 0 0 0 0 0 0 0 0 0 0 0 0 0 0 0 0 0 0 0 0 0 0 0 0 0 0 0 0 0 0 0 0 0 0 0 0 0 0 0 0 0 0 0 0 0 0 0 0 0 0 0 0 0 0 0 0 0 0 0 0 0 0 1 0 0 0 0 0 0 0 0 1 0 0 0 0 1 0 0 0 1 0 1 0 0 1 0 0 0 0 0 1 1 0 0 0 0 0 0 0 0 0 0 1 0 1 1 0 0 1 
Picked Items (item,city) = (1 , 2) (3 , 4) (7 , 8) (12 , 13) (15 , 16) (17 , 18) (18 , 19) (21 , 22) (23 , 24) (27 , 28) (30 , 31) (33 , 34) (36 , 37) (41 , 42) (48 , 49) (51 , 52) (53 , 54) (54 , 55) (59 , 60) (63 , 64) (74 , 75) (75 , 76) (77 , 78) (83 , 84) (87 , 88) (88 , 89) (102 , 103) (104 , 105) (106 , 107) (108 , 109) (110 , 111) (114 , 115) (117 , 118) (125 , 126) (126 , 127) (132 , 133) (136 , 137) (152 , 153) (153 , 154) (160 , 161) (161 , 162) (232 , 233) (241 , 242) (246 , 247) (250 , 251) (252 , 253) (255 , 256) (261 , 262) (262 , 263) (273 , 274) (275 , 276) (276 , 277) (279 , 280) 

Travel Time: 3281.2159958686834216; Profit: 25964; TSP Distance : 2790.9983600000005026; Weight: 7182 / 12718; 0000000
TSP Tour = 1 2 280 3 279 278 277 276 275 274 273 272 271 270 269 268 267 266 265 264 263 262 261 260 259 258 257 256 255 254 253 252 251 250 249 248 247 246 245 244 243 242 241 240 239 238 237 236 235 234 233 232 231 230 229 228 227 226 225 224 223 222 221 220 219 218 217 216 215 214 213 212 211 210 209 208 207 206 205 204 203 202 201 200 199 198 197 196 195 194 193 192 191 190 189 188 187 186 185 184 183 182 181 180 179 178 177 176 175 161 162 163 164 165 166 167 168 169 170 171 172 173 174 160 159 158 157 155 154 153 156 152 151 150 149 148 147 146 145 144 143 142 141 140 139 138 137 136 135 134 133 132 131 130 129 128 127 126 125 124 123 122 121 120 119 118 117 116 115 114 113 112 111 110 109 108 107 106 105 104 103 102 101 100 99 98 97 96 95 94 93 92 91 90 89 88 87 86 85 84 83 82 81 80 79 78 77 76 75 74 73 72 71 70 69 68 67 66 65 64 63 62 61 60 59 58 57 56 55 54 53 52 51 50 49 48 47 46 45 44 43 42 41 40 39 38 37 36 35 34 33 32 31 30 29 28 27 26 22 25 23 24 21 20 19 18 17 16 15 14 13 12 11 10 9 8 7 6 5 4 1
Knapsack Array = 1 0 1 0 0 0 1 0 0 0 0 1 0 0 1 0 1 1 0 0 1 0 1 0 0 0 1 0 0 1 0 0 1 0 0 1 0 0 0 0 1 0 0 0 0 0 0 1 0 0 1 0 1 1 0 0 0 0 1 0 0 0 1 0 0 0 0 0 0 0 0 0 0 1 1 0 1 0 0 0 0 0 1 0 0 0 1 1 0 0 0 0 0 0 0 0 0 0 0 0 0 1 0 1 0 1 0 1 0 1 0 0 0 1 0 0 1 0 0 0 0 0 0 0 1 1 0 0 0 0 0 1 0 0 0 0 0 0 0 0 0 0 0 0 0 0 0 0 0 0 0 0 0 0 0 0 0 0 0 0 0 0 0 0 0 0 0 0 0 0 0 0 0 0 0 0 0 0 0 0 0 0 0 0 0 0 0 0 0 0 0 0 0 0 0 0 0 0 0 0 0 0 0 0 0 0 0 0 0 0 0 0 0 0 0 0 0 0 0 0 0 0 0 0 0 0 0 0 0 0 0 0 0 0 0 0 0 0 0 0 0 0 0 0 0 0 0 0 0 0 0 0 0 0 1 0 0 0 0 0 1 1 0 0 0 0 0 0 0 0 0 0 1 0 0 0 0 0 0 
Picked Items (item,city) = (1 , 2) (3 , 4) (7 , 8) (12 , 13) (15 , 16) (17 , 18) (18 , 19) (21 , 22) (23 , 24) (27 , 28) (30 , 31) (33 , 34) (36 , 37) (41 , 42) (48 , 49) (51 , 52) (53 , 54) (54 , 55) (59 , 60) (63 , 64) (74 , 75) (75 , 76) (77 , 78) (83 , 84) (87 , 88) (88 , 89) (102 , 103) (104 , 105) (106 , 107) (108 , 109) (110 , 111) (114 , 115) (117 , 118) (125 , 126) (126 , 127) (132 , 133) (255 , 256) (261 , 262) (262 , 263) (273 , 274) 

Travel Time: 2587.9299300000006951; Profit: 0; TSP Distance : 2587.9299300000006951; Weight: 0 / 12718; 0000000
TSP Tour = 1 2 242 243 241 240 239 238 237 236 235 234 233 232 231 246 245 244 247 250 251 230 229 228 227 226 225 224 223 222 221 220 219 218 217 216 215 214 213 212 211 210 207 206 205 204 203 202 201 198 197 196 195 194 193 192 191 190 189 188 187 186 185 184 183 182 181 176 180 179 150 178 177 151 152 156 153 155 154 129 128 127 126 30 125 124 123 122 121 120 119 157 158 159 160 175 161 162 163 164 165 166 167 168 169 170 172 171 173 174 107 106 105 104 103 102 101 100 99 98 97 96 95 94 93 92 91 90 89 109 108 110 111 114 113 112 88 87 84 83 82 81 80 79 78 77 75 76 74 73 72 71 70 67 69 68 58 57 56 55 54 53 52 51 50 49 48 47 46 45 44 59 63 64 65 66 85 86 116 115 117 118 62 61 60 43 42 41 40 39 38 37 36 35 34 33 32 31 29 28 27 26 22 25 23 24 14 15 13 12 11 10 9 8 7 6 5 4 277 276 275 274 273 272 271 16 17 18 19 20 21 130 131 132 133 134 270 269 135 136 268 267 137 138 139 149 148 147 146 145 199 200 144 143 142 141 140 266 265 264 263 262 261 260 259 258 257 254 253 208 209 252 255 256 249 248 278 279 3 280 1
Knapsack Array = 0 0 0 0 0 0 0 0 0 0 0 0 0 0 0 0 0 0 0 0 0 0 0 0 0 0 0 0 0 0 0 0 0 0 0 0 0 0 0 0 0 0 0 0 0 0 0 0 0 0 0 0 0 0 0 0 0 0 0 0 0 0 0 0 0 0 0 0 0 0 0 0 0 0 0 0 0 0 0 0 0 0 0 0 0 0 0 0 0 0 0 0 0 0 0 0 0 0 0 0 0 0 0 0 0 0 0 0 0 0 0 0 0 0 0 0 0 0 0 0 0 0 0 0 0 0 0 0 0 0 0 0 0 0 0 0 0 0 0 0 0 0 0 0 0 0 0 0 0 0 0 0 0 0 0 0 0 0 0 0 0 0 0 0 0 0 0 0 0 0 0 0 0 0 0 0 0 0 0 0 0 0 0 0 0 0 0 0 0 0 0 0 0 0 0 0 0 0 0 0 0 0 0 0 0 0 0 0 0 0 0 0 0 0 0 0 0 0 0 0 0 0 0 0 0 0 0 0 0 0 0 0 0 0 0 0 0 0 0 0 0 0 0 0 0 0 0 0 0 0 0 0 0 0 0 0 0 0 0 0 0 0 0 0 0 0 0 0 0 0 0 0 0 0 0 0 0 0 0 
Picked Items (item,city) = 

Travel Time: 3371.8507730728756542; Profit: 28893; TSP Distance : 2807.5116600000005747; Weight: 7519 / 12718; 0000000
TSP Tour = 1 3 279 278 277 276 275 274 273 272 271 270 269 268 267 266 265 264 263 262 261 260 259 258 257 256 255 254 253 252 251 250 249 248 247 246 245 244 243 242 241 240 239 238 237 236 235 234 233 232 231 230 229 228 227 226 225 224 223 222 221 220 219 218 217 216 215 214 213 212 211 210 209 208 207 206 205 204 203 202 201 200 199 198 197 196 195 194 193 192 191 190 189 188 187 186 185 184 183 182 181 180 179 178 177 176 175 174 173 172 171 170 169 168 167 166 165 164 163 162 161 160 159 158 157 156 155 154 153 152 151 150 149 148 147 146 145 144 143 142 141 140 139 138 137 136 135 134 133 132 131 130 129 128 127 126 125 124 123 122 121 120 119 118 117 116 115 114 113 112 111 110 109 108 107 106 105 104 103 102 101 100 99 98 97 96 95 94 93 92 91 90 89 88 87 86 85 84 83 82 81 80 79 78 77 76 75 74 73 72 71 70 69 68 67 66 65 64 63 62 61 60 59 58 57 56 55 54 53 52 51 50 49 48 47 46 45 44 43 42 41 40 39 38 37 36 35 34 33 32 31 30 29 28 27 26 22 25 24 23 21 20 19 18 17 16 15 14 13 12 11 10 9 8 7 6 5 4 280 2 1
Knapsack Array = 1 0 1 0 0 0 1 0 0 0 0 1 0 0 1 0 1 1 0 0 1 0 1 0 0 0 1 0 0 1 0 0 1 0 0 1 0 0 0 0 1 0 0 0 0 0 0 1 0 0 1 0 1 1 0 0 0 0 1 0 0 0 1 0 0 0 0 0 0 0 0 0 0 1 1 0 1 0 0 0 0 0 1 0 0 0 1 1 0 0 0 0 0 0 0 0 0 0 0 0 0 1 0 1 0 1 0 1 0 1 0 0 0 1 0 0 1 0 0 0 0 0 0 0 1 1 0 0 0 0 0 0 0 0 0 0 0 0 0 0 0 0 0 0 0 0 0 0 0 0 0 0 0 0 0 0 0 0 0 1 1 0 0 1 0 0 0 0 0 0 0 0 0 0 0 0 0 0 0 0 0 0 0 0 0 0 0 0 0 0 0 0 0 0 0 0 0 0 0 0 0 0 0 0 0 0 0 0 0 0 0 0 0 0 0 0 0 0 0 0 0 0 0 0 0 0 0 0 0 0 0 0 0 0 0 0 0 0 0 0 0 0 0 0 0 0 0 0 0 1 0 0 0 0 0 0 0 0 0 0 1 1 0 0 0 0 0 0 0 0 0 0 1 0 1 1 0 0 1 
Picked Items (item,city) = (1 , 2) (3 , 4) (7 , 8) (12 , 13) (15 , 16) (17 , 18) (18 , 19) (21 , 22) (23 , 24) (27 , 28) (30 , 31) (33 , 34) (36 , 37) (41 , 42) (48 , 49) (51 , 52) (53 , 54) (54 , 55) (59 , 60) (63 , 64) (74 , 75) (75 , 76) (77 , 78) (83 , 84) (87 , 88) (88 , 89) (102 , 103) (104 , 105) (106 , 107) (108 , 109) (110 , 111) (114 , 115) (117 , 118) (125 , 126) (126 , 127) (160 , 161) (161 , 162) (164 , 165) (250 , 251) (261 , 262) (262 , 263) (273 , 274) (275 , 276) (276 , 277) (279 , 280) 

Travel Time: 3664.4110899753100057; Profit: 34979; TSP Distance : 2767.9501299999997173; Weight: 9359 / 12718; 0000000
TSP Tour = 1 279 278 277 276 275 274 273 272 271 270 269 268 267 266 265 264 263 262 261 260 259 258 257 256 255 254 253 252 251 250 249 248 247 246 245 244 243 242 241 240 239 238 237 236 235 234 233 232 231 230 229 228 227 226 225 224 223 222 221 220 219 218 217 216 215 214 213 212 211 210 209 208 207 206 205 204 203 202 201 200 199 198 197 196 195 194 193 192 191 190 189 188 187 186 185 184 183 182 181 180 179 150 149 148 147 146 145 144 143 142 141 140 139 138 137 136 135 134 133 132 131 130 129 128 127 126 125 124 123 122 121 154 155 153 156 152 151 178 177 176 175 161 162 163 164 165 166 167 168 169 170 171 172 173 174 160 159 158 157 119 120 118 117 116 115 114 113 112 111 110 109 108 107 106 105 104 103 102 101 100 99 98 97 96 95 94 93 92 91 90 89 88 87 86 85 84 83 82 81 80 79 78 77 76 75 74 73 72 71 70 69 68 67 66 65 64 63 62 61 60 59 58 57 56 55 54 53 52 51 50 49 48 47 46 45 44 43 42 41 40 39 38 37 36 35 34 33 32 31 30 29 28 27 26 22 25 23 24 21 20 19 18 17 16 15 14 13 12 11 10 9 8 7 6 5 4 3 280 2 1
Knapsack Array = 1 1 1 0 0 0 1 0 0 0 0 1 0 0 1 0 1 1 0 0 1 0 1 0 0 0 1 0 0 1 0 0 1 0 0 1 0 0 0 0 1 0 0 0 0 0 0 1 0 0 1 0 1 1 0 0 0 0 1 0 0 0 1 0 0 0 0 0 0 0 0 0 0 1 1 0 1 0 0 0 0 0 1 0 0 0 1 1 0 0 0 0 0 0 0 0 0 0 0 0 0 0 0 0 0 0 0 0 0 0 0 0 0 0 0 0 1 0 0 0 0 0 0 0 1 1 0 0 0 0 0 0 0 0 0 0 0 0 0 0 0 0 0 0 0 0 0 0 0 0 0 1 1 0 0 0 0 0 0 1 1 0 0 0 0 0 0 0 0 0 0 0 0 0 0 0 0 0 0 0 0 0 0 0 0 0 0 0 0 0 0 1 0 0 1 0 0 1 1 0 0 0 0 0 1 1 0 1 1 0 0 0 0 0 0 0 0 1 0 0 0 0 0 1 0 0 1 0 0 0 0 1 0 0 0 0 0 0 0 0 0 0 0 0 0 0 0 0 0 1 0 0 0 0 0 0 0 0 0 0 1 1 0 0 0 0 0 0 0 0 0 0 1 0 1 1 0 0 1 
Picked Items (item,city) = (1 , 2) (2 , 3) (3 , 4) (7 , 8) (12 , 13) (15 , 16) (17 , 18) (18 , 19) (21 , 22) (23 , 24) (27 , 28) (30 , 31) (33 , 34) (36 , 37) (41 , 42) (48 , 49) (51 , 52) (53 , 54) (54 , 55) (59 , 60) (63 , 64) (74 , 75) (75 , 76) (77 , 78) (83 , 84) (87 , 88) (88 , 89) (117 , 118) (125 , 126) (126 , 127) (152 , 153) (153 , 154) (160 , 161) (161 , 162) (192 , 193) (195 , 196) (198 , 199) (199 , 200) (205 , 206) (206 , 207) (208 , 209) (209 , 210) (218 , 219) (224 , 225) (227 , 228) (232 , 233) (250 , 251) (261 , 262) (262 , 263) (273 , 274) (275 , 276) (276 , 277) (279 , 280) 

Travel Time: 3427.1012462255894206; Profit: 31025; TSP Distance : 2797.7770600000003469; Weight: 7847 / 12718; 0000000
TSP Tour = 1 279 278 277 276 275 274 273 272 271 270 269 268 267 266 265 264 263 262 261 260 259 258 257 256 255 254 253 252 251 250 249 248 247 246 245 244 243 242 241 240 239 238 237 236 235 234 233 232 231 230 229 228 227 226 225 224 223 222 221 220 219 218 217 216 215 214 213 212 211 210 209 208 207 206 205 204 203 202 201 200 199 198 197 196 195 194 193 192 191 190 189 188 187 186 185 184 183 182 181 180 179 178 177 176 175 161 162 163 164 165 166 167 168 169 170 171 172 173 174 160 159 158 157 155 154 153 156 152 151 150 149 148 147 146 145 144 143 142 141 140 139 138 137 136 135 134 133 132 131 130 129 128 127 126 125 124 123 122 121 120 119 118 117 116 115 114 113 112 111 110 109 108 107 106 105 104 103 102 101 100 99 98 97 96 95 94 93 92 91 90 89 88 87 86 85 84 83 82 81 80 79 78 77 76 75 74 73 72 71 70 69 68 67 66 65 64 63 62 61 60 59 58 57 56 55 54 53 52 51 50 49 48 47 46 45 44 43 42 41 40 39 38 37 36 35 34 33 32 31 30 29 28 27 26 22 25 23 24 21 20 19 18 17 16 15 14 13 12 11 10 9 8 7 6 5 4 3 280 2 1
Knapsack Array = 1 0 1 0 0 0 1 0 0 0 0 1 0 0 1 0 1 1 0 0 1 0 1 0 0 0 1 0 0 1 0 0 1 0 0 1 0 0 0 0 1 0 0 0 0 0 0 1 0 0 1 0 1 1 0 0 0 0 1 0 0 0 1 0 0 0 0 0 0 0 0 0 0 1 1 0 1 0 0 0 0 0 1 0 0 0 1 1 0 0 0 0 0 0 0 0 0 0 0 0 0 1 0 1 0 1 0 1 0 1 0 0 0 1 0 0 1 0 0 0 0 0 0 0 1 1 0 0 0 0 0 0 0 0 0 0 0 0 0 0 0 0 0 0 0 0 0 0 0 0 0 1 1 0 0 0 0 0 0 1 1 0 0 0 0 0 0 0 0 0 0 0 0 0 0 0 0 0 0 0 0 0 0 0 0 0 0 0 0 0 0 0 0 0 0 0 0 0 0 0 0 0 0 0 0 0 0 0 0 0 0 0 0 0 0 0 0 0 0 0 0 0 0 0 0 0 1 0 0 0 0 0 0 0 0 0 0 0 0 0 0 0 0 0 0 0 0 0 0 1 0 1 0 0 1 0 0 0 0 0 1 1 0 0 0 0 0 0 0 0 0 0 0 0 0 1 0 0 1 
Picked Items (item,city) = (1 , 2) (3 , 4) (7 , 8) (12 , 13) (15 , 16) (17 , 18) (18 , 19) (21 , 22) (23 , 24) (27 , 28) (30 , 31) (33 , 34) (36 , 37) (41 , 42) (48 , 49) (51 , 52) (53 , 54) (54 , 55) (59 , 60) (63 , 64) (74 , 75) (75 , 76) (77 , 78) (83 , 84) (87 , 88) (88 , 89) (102 , 103) (104 , 105) (106 , 107) (108 , 109) (110 , 111) (114 , 115) (117 , 118) (125 , 126) (126 , 127) (152 , 153) (153 , 154) (160 , 161) (161 , 162) (227 , 228) (250 , 251) (252 , 253) (255 , 256) (261 , 262) (262 , 263) (276 , 277) (279 , 280) 

Travel Time: 2986.0245654980135441; Profit: 17729; TSP Distance : 2797.7770600000003469; Weight: 4957 / 12718; 0000000
TSP Tour = 1 279 278 277 276 275 274 273 272 271 270 269 268 267 266 265 264 263 262 261 260 259 258 257 256 255 254 253 252 251 250 249 248 247 246 245 244 243 242 241 240 239 238 237 236 235 234 233 232 231 230 229 228 227 226 225 224 223 222 221 220 219 218 217 216 215 214 213 212 211 210 209 208 207 206 205 204 203 202 201 200 199 198 197 196 195 194 193 192 191 190 189 188 187 186 185 184 183 182 181 180 179 178 177 176 175 161 162 163 164 165 166 167 168 169 170 171 172 173 174 160 159 158 157 155 154 153 156 152 151 150 149 148 147 146 145 144 143 142 141 140 139 138 137 136 135 134 133 132 131 130 129 128 127 126 125 124 123 122 121 120 119 118 117 116 115 114 113 112 111 110 109 108 107 106 105 104 103 102 101 100 99 98 97 96 95 94 93 92 91 90 89 88 87 86 85 84 83 82 81 80 79 78 77 76 75 74 73 72 71 70 69 68 67 66 65 64 63 62 61 60 59 58 57 56 55 54 53 52 51 50 49 48 47 46 45 44 43 42 41 40 39 38 37 36 35 34 33 32 31 30 29 28 27 26 22 25 23 24 21 20 19 18 17 16 15 14 13 12 11 10 9 8 7 6 5 4 3 280 2 1
Knapsack Array = 1 0 1 0 0 0 1 0 0 0 0 1 0 0 1 0 1 1 0 0 1 0 1 0 0 0 1 0 0 1 0 0 1 0 0 1 0 0 0 0 1 0 0 0 0 0 0 1 0 0 1 0 1 1 0 0 0 0 1 0 0 0 1 0 0 0 0 0 0 0 0 0 0 0 0 0 1 0 0 0 0 0 0 0 0 0 0 0 0 0 0 0 0 0 0 0 0 0 0 0 0 0 0 0 0 0 0 0 0 0 0 0 0 0 0 0 0 0 0 0 0 0 0 0 0 0 0 0 0 0 0 0 0 0 0 0 0 0 0 0 0 0 0 0 0 0 0 0 0 0 0 0 0 0 0 0 0 0 0 0 1 0 0 0 0 0 0 0 0 0 0 0 0 0 0 0 0 0 0 0 0 0 0 0 0 0 0 0 0 0 0 0 0 0 0 0 0 0 0 0 0 0 0 0 0 0 0 0 0 0 0 0 0 0 0 0 0 0 0 0 0 0 0 0 0 0 1 0 0 0 0 0 0 0 0 0 0 0 0 0 0 0 0 0 0 0 0 0 0 1 0 0 0 0 0 0 0 0 0 0 0 0 0 0 0 0 0 0 0 0 0 0 0 0 0 1 0 0 1 
Picked Items (item,city) = (1 , 2) (3 , 4) (7 , 8) (12 , 13) (15 , 16) (17 , 18) (18 , 19) (21 , 22) (23 , 24) (27 , 28) (30 , 31) (33 , 34) (36 , 37) (41 , 42) (48 , 49) (51 , 52) (53 , 54) (54 , 55) (59 , 60) (63 , 64) (77 , 78) (161 , 162) (227 , 228) (250 , 251) (276 , 277) (279 , 280) 

Travel Time: 3947.33796658201436; Profit: 37302; TSP Distance : 2797.7770600000003469; Weight: 9495 / 12718; 0000000
TSP Tour = 1 279 278 277 276 275 274 273 272 271 270 269 268 267 266 265 264 263 262 261 260 259 258 257 256 255 254 253 252 251 250 249 248 247 246 245 244 243 242 241 240 239 238 237 236 235 234 233 232 231 230 229 228 227 226 225 224 223 222 221 220 219 218 217 216 215 214 213 212 211 210 209 208 207 206 205 204 203 202 201 200 199 198 197 196 195 194 193 192 191 190 189 188 187 186 185 184 183 182 181 180 179 178 177 176 175 161 162 163 164 165 166 167 168 169 170 171 172 173 174 160 159 158 157 155 154 153 156 152 151 150 149 148 147 146 145 144 143 142 141 140 139 138 137 136 135 134 133 132 131 130 129 128 127 126 125 124 123 122 121 120 119 118 117 116 115 114 113 112 111 110 109 108 107 106 105 104 103 102 101 100 99 98 97 96 95 94 93 92 91 90 89 88 87 86 85 84 83 82 81 80 79 78 77 76 75 74 73 72 71 70 69 68 67 66 65 64 63 62 61 60 59 58 57 56 55 54 53 52 51 50 49 48 47 46 45 44 43 42 41 40 39 38 37 36 35 34 33 32 31 30 29 28 27 26 22 25 23 24 21 20 19 18 17 16 15 14 13 12 11 10 9 8 7 6 5 4 3 280 2 1
Knapsack Array = 1 0 1 0 0 0 1 0 0 0 0 1 0 0 1 0 1 1 0 0 1 0 1 0 0 0 1 0 0 1 0 0 1 0 0 1 0 0 0 0 1 0 0 0 0 0 0 1 0 0 1 0 1 1 0 0 0 0 1 0 0 0 1 0 0 0 0 0 0 0 0 0 0 1 1 0 1 0 0 0 0 0 1 0 0 0 1 1 0 0 0 0 0 0 0 0 0 0 0 0 0 1 0 1 0 1 0 1 0 1 0 0 0 1 0 0 1 0 0 0 0 0 0 0 1 1 0 0 0 0 0 0 0 0 0 0 0 0 0 0 0 0 0 0 0 0 0 0 0 0 0 1 1 0 0 0 0 0 0 1 1 0 0 0 0 0 0 0 0 0 0 0 0 0 0 0 0 0 0 0 1 1 0 0 0 0 0 0 0 0 0 0 0 0 0 0 0 1 1 0 0 0 0 0 1 1 0 1 1 0 0 0 0 0 0 0 0 1 0 0 0 0 0 1 0 0 1 0 0 0 0 1 0 0 0 0 0 0 0 0 0 0 0 0 0 0 0 0 0 1 0 1 0 0 1 0 0 0 0 0 1 1 0 0 0 0 0 0 0 0 0 0 0 0 0 1 0 0 1 
Picked Items (item,city) = (1 , 2) (3 , 4) (7 , 8) (12 , 13) (15 , 16) (17 , 18) (18 , 19) (21 , 22) (23 , 24) (27 , 28) (30 , 31) (33 , 34) (36 , 37) (41 , 42) (48 , 49) (51 , 52) (53 , 54) (54 , 55) (59 , 60) (63 , 64) (74 , 75) (75 , 76) (77 , 78) (83 , 84) (87 , 88) (88 , 89) (102 , 103) (104 , 105) (106 , 107) (108 , 109) (110 , 111) (114 , 115) (117 , 118) (125 , 126) (126 , 127) (152 , 153) (153 , 154) (160 , 161) (161 , 162) (181 , 182) (182 , 183) (198 , 199) (199 , 200) (205 , 206) (206 , 207) (208 , 209) (209 , 210) (218 , 219) (224 , 225) (227 , 228) (232 , 233) (250 , 251) (252 , 253) (255 , 256) (261 , 262) (262 , 263) (276 , 277) (279 , 280) 

Travel Time: 3113.3837029883989089; Profit: 20958; TSP Distance : 2790.9983600000005026; Weight: 6219 / 12718; 0000000
TSP Tour = 1 2 280 3 279 278 277 276 275 274 273 272 271 270 269 268 267 266 265 264 263 262 261 260 259 258 257 256 255 254 253 252 251 250 249 248 247 246 245 244 243 242 241 240 239 238 237 236 235 234 233 232 231 230 229 228 227 226 225 224 223 222 221 220 219 218 217 216 215 214 213 212 211 210 209 208 207 206 205 204 203 202 201 200 199 198 197 196 195 194 193 192 191 190 189 188 187 186 185 184 183 182 181 180 179 178 177 176 175 161 162 163 164 165 166 167 168 169 170 171 172 173 174 160 159 158 157 155 154 153 156 152 151 150 149 148 147 146 145 144 143 142 141 140 139 138 137 136 135 134 133 132 131 130 129 128 127 126 125 124 123 122 121 120 119 118 117 116 115 114 113 112 111 110 109 108 107 106 105 104 103 102 101 100 99 98 97 96 95 94 93 92 91 90 89 88 87 86 85 84 83 82 81 80 79 78 77 76 75 74 73 72 71 70 69 68 67 66 65 64 63 62 61 60 59 58 57 56 55 54 53 52 51 50 49 48 47 46 45 44 43 42 41 40 39 38 37 36 35 34 33 32 31 30 29 28 27 26 22 25 23 24 21 20 19 18 17 16 15 14 13 12 11 10 9 8 7 6 5 4 1
Knapsack Array = 1 0 1 0 0 0 1 0 0 0 0 1 0 0 1 0 1 1 0 0 1 0 1 0 0 0 1 0 0 1 0 0 1 0 0 1 0 0 0 0 1 0 0 0 0 0 0 1 0 0 1 0 1 1 0 0 0 0 1 0 0 0 1 0 0 0 0 0 0 0 0 0 0 1 1 0 1 0 0 0 0 0 1 0 0 0 1 1 0 0 0 0 0 0 0 0 0 0 0 0 0 1 0 0 0 1 0 0 0 0 0 0 0 0 0 0 0 0 0 0 0 0 0 0 1 1 0 0 0 0 0 1 0 0 0 0 0 0 0 0 0 0 0 0 0 0 0 0 0 0 0 0 0 0 0 0 0 0 0 0 0 0 0 0 0 0 0 0 0 0 0 0 0 0 0 0 0 0 0 0 0 0 0 0 0 0 0 0 0 0 0 0 0 0 0 0 0 0 0 0 0 0 0 0 0 0 0 0 0 0 0 0 0 0 0 0 0 0 0 0 0 0 0 0 0 0 0 0 0 0 0 0 0 0 0 0 0 0 0 0 0 0 0 0 0 0 0 0 0 1 0 0 0 0 0 0 0 0 0 0 0 0 0 0 0 0 0 0 0 0 0 0 0 0 0 0 0 0 0 
Picked Items (item,city) = (1 , 2) (3 , 4) (7 , 8) (12 , 13) (15 , 16) (17 , 18) (18 , 19) (21 , 22) (23 , 24) (27 , 28) (30 , 31) (33 , 34) (36 , 37) (41 , 42) (48 , 49) (51 , 52) (53 , 54) (54 , 55) (59 , 60) (63 , 64) (74 , 75) (75 , 76) (77 , 78) (83 , 84) (87 , 88) (88 , 89) (102 , 103) (106 , 107) (125 , 126) (126 , 127) (132 , 133) (250 , 251) 

Travel Time: 3135.1576335262911925; Profit: 22761; TSP Distance : 2761.1714300000003277; Weight: 6612 / 12718; 0000000
TSP Tour = 1 2 280 3 279 278 277 276 275 274 273 272 271 270 269 268 267 266 265 264 263 262 261 260 259 258 257 256 255 254 253 252 251 250 249 248 247 246 245 244 243 242 241 240 239 238 237 236 235 234 233 232 231 230 229 228 227 226 225 224 223 222 221 220 219 218 217 216 215 214 213 212 211 210 209 208 207 206 205 204 203 202 201 200 199 198 197 196 195 194 193 192 191 190 189 188 187 186 185 184 183 182 181 180 179 150 149 148 147 146 145 144 143 142 141 140 139 138 137 136 135 134 133 132 131 130 129 128 127 126 125 124 123 122 121 154 155 153 156 152 151 178 177 176 175 161 162 163 164 165 166 167 168 169 170 171 172 173 174 160 159 158 157 119 120 118 117 116 115 114 113 112 111 110 109 108 107 106 105 104 103 102 101 100 99 98 97 96 95 94 93 92 91 90 89 88 87 86 85 84 83 82 81 80 79 78 77 76 75 74 73 72 71 70 69 68 67 66 65 64 63 62 61 60 59 58 57 56 55 54 53 52 51 50 49 48 47 46 45 44 43 42 41 40 39 38 37 36 35 34 33 32 31 30 29 28 27 26 22 25 23 24 21 20 19 18 17 16 15 14 13 12 11 10 9 8 7 6 5 4 1
Knapsack Array = 1 0 1 0 0 0 1 0 0 0 0 1 0 0 1 0 1 1 0 0 1 0 1 0 0 0 1 0 0 1 0 0 1 0 0 1 0 0 0 0 1 0 0 0 0 0 0 1 0 0 1 0 1 1 0 0 0 0 1 0 0 0 1 0 0 0 0 0 0 0 0 0 0 1 1 0 1 0 0 0 0 0 1 0 0 0 1 1 0 0 0 0 0 0 0 0 0 0 0 0 0 1 0 1 0 1 0 1 0 1 0 0 0 1 0 0 1 0 0 0 0 0 0 0 1 1 0 0 0 0 0 0 0 0 0 0 0 0 0 0 0 0 0 0 0 0 0 0 0 0 0 0 0 0 0 0 0 0 0 0 0 0 0 0 0 0 0 0 0 0 0 0 0 0 0 0 0 0 0 0 0 0 0 0 0 0 0 0 0 0 0 0 0 0 0 0 0 0 0 0 0 0 0 0 0 0 0 0 0 0 0 0 0 0 0 0 0 0 0 0 0 0 0 0 0 0 0 0 0 0 0 0 0 0 0 0 0 0 0 0 0 0 0 0 0 0 0 0 0 0 0 0 0 0 0 0 0 0 0 0 0 0 0 0 0 0 0 0 0 0 0 0 0 0 0 0 0 0 0 
Picked Items (item,city) = (1 , 2) (3 , 4) (7 , 8) (12 , 13) (15 , 16) (17 , 18) (18 , 19) (21 , 22) (23 , 24) (27 , 28) (30 , 31) (33 , 34) (36 , 37) (41 , 42) (48 , 49) (51 , 52) (53 , 54) (54 , 55) (59 , 60) (63 , 64) (74 , 75) (75 , 76) (77 , 78) (83 , 84) (87 , 88) (88 , 89) (102 , 103) (104 , 105) (106 , 107) (108 , 109) (110 , 111) (114 , 115) (117 , 118) (125 , 126) (126 , 127) 

Travel Time: 3411.3587344602601661; Profit: 30325; TSP Distance : 2772.6403300000006311; Weight: 7833 / 12718; 0000000
TSP Tour = 1 3 279 278 277 276 275 274 273 272 271 270 269 268 267 266 265 264 263 262 261 260 259 258 257 256 255 254 253 252 251 250 249 248 247 246 245 244 243 242 241 240 239 238 237 236 235 234 233 232 231 230 229 228 227 226 225 224 223 222 221 220 219 218 217 216 215 214 213 212 211 210 209 208 207 206 205 204 203 202 201 200 199 198 197 196 195 194 193 192 191 190 189 188 187 186 185 184 183 182 181 180 179 150 149 148 147 146 145 144 143 142 141 140 139 138 137 136 135 134 133 132 131 130 129 128 127 126 125 124 123 122 121 155 154 153 156 152 151 178 177 176 175 161 162 163 164 165 166 167 168 169 170 171 172 173 174 160 159 158 157 119 120 118 117 116 115 114 113 112 111 110 109 108 107 106 105 104 103 102 101 100 99 98 97 96 95 94 93 92 91 90 89 88 87 86 85 84 83 82 81 80 79 78 77 76 75 74 73 72 71 70 69 68 67 66 65 64 63 62 61 60 59 58 57 56 55 54 53 52 51 50 49 48 47 46 45 44 43 42 41 40 39 38 37 36 35 34 33 32 31 30 29 28 27 26 22 25 23 24 21 20 19 18 17 16 15 14 13 12 11 10 9 8 7 6 5 4 280 2 1
Knapsack Array = 1 0 1 0 0 0 1 0 0 0 0 1 0 0 1 0 1 1 0 0 1 0 1 0 0 0 1 0 0 1 0 0 1 0 0 1 0 0 0 0 1 0 0 0 0 0 0 1 0 0 1 0 1 1 0 0 0 0 1 0 0 0 1 0 0 0 0 0 0 0 0 0 0 1 1 0 1 0 0 0 0 0 0 0 0 0 1 1 0 0 0 0 0 0 0 0 0 0 0 0 0 1 0 1 0 1 0 1 0 1 0 0 0 1 0 0 1 0 0 0 0 0 0 0 1 1 0 0 0 0 0 1 0 0 0 1 0 0 0 1 0 0 0 0 0 0 0 0 0 0 0 1 1 0 0 0 0 0 0 1 1 0 0 0 0 0 0 0 0 0 0 0 0 0 0 0 0 0 0 0 0 0 0 0 0 0 0 0 0 0 0 0 0 0 0 0 0 0 0 0 0 0 0 0 0 0 0 0 0 0 0 0 0 0 0 0 0 0 0 0 0 0 0 0 0 0 1 0 0 0 0 0 0 0 0 0 0 0 0 0 0 0 0 0 0 0 0 0 0 1 0 0 0 0 0 0 0 0 0 0 1 1 0 0 0 0 0 0 0 0 0 0 0 0 0 1 0 0 1 
Picked Items (item,city) = (1 , 2) (3 , 4) (7 , 8) (12 , 13) (15 , 16) (17 , 18) (18 , 19) (21 , 22) (23 , 24) (27 , 28) (30 , 31) (33 , 34) (36 , 37) (41 , 42) (48 , 49) (51 , 52) (53 , 54) (54 , 55) (59 , 60) (63 , 64) (74 , 75) (75 , 76) (77 , 78) (87 , 88) (88 , 89) (102 , 103) (104 , 105) (106 , 107) (108 , 109) (110 , 111) (114 , 115) (117 , 118) (125 , 126) (126 , 127) (132 , 133) (136 , 137) (140 , 141) (152 , 153) (153 , 154) (160 , 161) (161 , 162) (227 , 228) (250 , 251) (261 , 262) (262 , 263) (276 , 277) (279 , 280) 

Travel Time: 3587.8381076076670979; Profit: 33419; TSP Distance : 2772.6403300000006311; Weight: 8405 / 12718; 0000000
TSP Tour = 1 3 279 278 277 276 275 274 273 272 271 270 269 268 267 266 265 264 263 262 261 260 259 258 257 256 255 254 253 252 251 250 249 248 247 246 245 244 243 242 241 240 239 238 237 236 235 234 233 232 231 230 229 228 227 226 225 224 223 222 221 220 219 218 217 216 215 214 213 212 211 210 209 208 207 206 205 204 203 202 201 200 199 198 197 196 195 194 193 192 191 190 189 188 187 186 185 184 183 182 181 180 179 150 149 148 147 146 145 144 143 142 141 140 139 138 137 136 135 134 133 132 131 130 129 128 127 126 125 124 123 122 121 155 154 153 156 152 151 178 177 176 175 161 162 163 164 165 166 167 168 169 170 171 172 173 174 160 159 158 157 119 120 118 117 116 115 114 113 112 111 110 109 108 107 106 105 104 103 102 101 100 99 98 97 96 95 94 93 92 91 90 89 88 87 86 85 84 83 82 81 80 79 78 77 76 75 74 73 72 71 70 69 68 67 66 65 64 63 62 61 60 59 58 57 56 55 54 53 52 51 50 49 48 47 46 45 44 43 42 41 40 39 38 37 36 35 34 33 32 31 30 29 28 27 26 22 25 23 24 21 20 19 18 17 16 15 14 13 12 11 10 9 8 7 6 5 4 280 2 1
Knapsack Array = 1 0 1 0 0 0 1 0 0 0 0 1 0 0 1 0 1 1 0 0 1 0 1 0 0 0 1 0 0 1 0 0 1 0 0 1 0 0 0 0 1 0 0 0 0 0 0 1 0 0 1 0 1 1 0 0 0 0 1 0 0 0 1 0 0 0 0 0 0 0 0 0 0 1 1 0 1 0 0 0 0 0 0 0 0 0 1 1 0 0 0 0 0 0 0 0 0 0 0 0 0 1 0 1 0 1 0 1 0 1 0 0 0 1 0 0 1 0 0 0 0 0 0 0 1 1 0 0 0 0 0 1 0 0 0 1 0 0 0 1 0 0 0 0 0 0 0 0 0 0 0 1 1 0 0 0 0 0 0 1 1 0 0 0 0 0 0 0 0 0 0 0 0 0 0 0 0 0 0 0 0 0 0 0 0 0 0 0 0 0 0 1 0 0 0 0 0 0 0 0 0 0 0 0 0 0 0 0 0 0 0 0 0 0 0 0 0 1 0 0 0 0 0 1 0 0 1 0 0 0 0 0 0 0 0 0 0 0 0 0 0 0 0 0 0 0 0 0 0 1 0 0 0 0 0 0 0 0 0 0 1 1 0 0 0 0 0 0 0 0 0 0 1 0 1 1 0 0 1 
Picked Items (item,city) = (1 , 2) (3 , 4) (7 , 8) (12 , 13) (15 , 16) (17 , 18) (18 , 19) (21 , 22) (23 , 24) (27 , 28) (30 , 31) (33 , 34) (36 , 37) (41 , 42) (48 , 49) (51 , 52) (53 , 54) (54 , 55) (59 , 60) (63 , 64) (74 , 75) (75 , 76) (77 , 78) (87 , 88) (88 , 89) (102 , 103) (104 , 105) (106 , 107) (108 , 109) (110 , 111) (114 , 115) (117 , 118) (125 , 126) (126 , 127) (132 , 133) (136 , 137) (140 , 141) (152 , 153) (153 , 154) (160 , 161) (161 , 162) (192 , 193) (218 , 219) (224 , 225) (227 , 228) (250 , 251) (261 , 262) (262 , 263) (273 , 274) (275 , 276) (276 , 277) (279 , 280) 

Travel Time: 6124.4498542129740599; Profit: 45761; TSP Distance : 2810.4149600000005194; Weight: 12693 / 12718; 0000000
TSP Tour = 1 3 279 278 277 276 275 274 273 272 271 270 269 268 267 266 265 264 263 262 261 260 259 258 257 256 255 254 253 252 251 250 249 248 247 246 245 244 243 242 241 240 239 238 237 236 235 234 233 232 231 230 229 228 227 226 225 224 223 222 221 220 219 218 217 216 215 214 213 212 211 210 209 208 207 206 205 204 203 202 201 200 199 198 197 196 195 194 193 192 191 190 189 188 187 186 185 184 183 182 181 180 179 178 177 176 175 174 173 172 171 170 169 168 167 166 165 164 163 162 161 160 159 158 157 156 155 154 153 152 151 150 149 148 147 146 145 144 143 142 141 140 139 138 137 136 135 134 133 132 131 130 129 128 127 126 125 124 123 122 121 120 119 118 117 116 115 114 113 112 111 110 109 108 107 106 105 104 103 102 101 100 99 98 97 96 95 94 93 92 91 90 89 88 87 86 85 84 83 82 81 80 79 78 77 76 75 74 73 72 71 70 69 68 67 66 65 64 63 62 61 60 59 58 57 56 55 54 53 52 51 50 49 48 47 46 45 44 43 42 41 40 39 38 37 36 35 34 33 32 31 30 29 28 27 26 22 23 24 25 21 20 19 18 17 16 15 14 13 12 11 10 9 8 7 6 5 4 280 2 1
Knapsack Array = 1 0 1 0 0 0 1 0 0 0 0 1 0 0 1 0 1 1 0 0 1 0 1 0 0 0 1 0 0 1 0 0 1 0 0 1 0 0 0 0 1 1 0 0 0 0 0 1 0 0 1 0 1 1 0 0 0 0 1 0 0 0 1 0 0 0 0 0 0 0 0 0 0 0 1 0 1 0 0 0 0 0 1 0 0 0 1 1 0 0 0 0 0 0 0 0 0 0 0 0 0 1 0 1 0 1 0 1 0 1 0 0 0 1 0 0 1 0 0 0 0 0 0 0 1 1 0 0 0 0 0 1 0 0 0 1 0 0 0 1 0 0 0 0 0 0 0 0 0 0 0 1 1 0 0 0 0 0 0 1 1 0 0 1 0 1 0 1 0 0 1 0 1 0 0 0 0 0 0 1 1 1 0 0 0 1 0 0 0 0 0 1 0 0 1 0 0 1 1 0 0 0 0 0 1 1 0 1 1 0 0 0 0 0 0 0 0 1 0 0 0 0 0 1 0 0 1 0 0 0 0 1 0 0 0 0 0 0 0 0 1 0 0 0 0 1 0 0 0 1 0 1 0 0 1 0 0 0 0 0 1 1 0 0 0 0 0 0 0 0 0 0 1 0 1 1 0 0 1 
Picked Items (item,city) = (1 , 2) (3 , 4) (7 , 8) (12 , 13) (15 , 16) (17 , 18) (18 , 19) (21 , 22) (23 , 24) (27 , 28) (30 , 31) (33 , 34) (36 , 37) (41 , 42) (42 , 43) (48 , 49) (51 , 52) (53 , 54) (54 , 55) (59 , 60) (63 , 64) (75 , 76) (77 , 78) (83 , 84) (87 , 88) (88 , 89) (102 , 103) (104 , 105) (106 , 107) (108 , 109) (110 , 111) (114 , 115) (117 , 118) (125 , 126) (126 , 127) (132 , 133) (136 , 137) (140 , 141) (152 , 153) (153 , 154) (160 , 161) (161 , 162) (164 , 165) (166 , 167) (168 , 169) (171 , 172) (173 , 174) (180 , 181) (181 , 182) (182 , 183) (186 , 187) (192 , 193) (195 , 196) (198 , 199) (199 , 200) (205 , 206) (206 , 207) (208 , 209) (209 , 210) (218 , 219) (224 , 225) (227 , 228) (232 , 233) (241 , 242) (246 , 247) (250 , 251) (252 , 253) (255 , 256) (261 , 262) (262 , 263) (273 , 274) (275 , 276) (276 , 277) (279 , 280) 

Travel Time: 5640.1695073883647638; Profit: 45202; TSP Distance : 2810.4149600000005194; Weight: 12190 / 12718; 0000000
TSP Tour = 1 3 279 278 277 276 275 274 273 272 271 270 269 268 267 266 265 264 263 262 261 260 259 258 257 256 255 254 253 252 251 250 249 248 247 246 245 244 243 242 241 240 239 238 237 236 235 234 233 232 231 230 229 228 227 226 225 224 223 222 221 220 219 218 217 216 215 214 213 212 211 210 209 208 207 206 205 204 203 202 201 200 199 198 197 196 195 194 193 192 191 190 189 188 187 186 185 184 183 182 181 180 179 178 177 176 175 174 173 172 171 170 169 168 167 166 165 164 163 162 161 160 159 158 157 156 155 154 153 152 151 150 149 148 147 146 145 144 143 142 141 140 139 138 137 136 135 134 133 132 131 130 129 128 127 126 125 124 123 122 121 120 119 118 117 116 115 114 113 112 111 110 109 108 107 106 105 104 103 102 101 100 99 98 97 96 95 94 93 92 91 90 89 88 87 86 85 84 83 82 81 80 79 78 77 76 75 74 73 72 71 70 69 68 67 66 65 64 63 62 61 60 59 58 57 56 55 54 53 52 51 50 49 48 47 46 45 44 43 42 41 40 39 38 37 36 35 34 33 32 31 30 29 28 27 26 22 23 24 25 21 20 19 18 17 16 15 14 13 12 11 10 9 8 7 6 5 4 280 2 1
Knapsack Array = 1 0 1 0 0 0 1 0 0 0 0 1 0 0 1 0 1 1 0 0 1 0 1 0 0 0 1 0 0 1 0 0 1 0 0 1 0 0 0 0 1 0 0 0 0 0 0 1 0 0 1 0 1 1 0 0 0 0 1 0 0 0 1 0 0 0 0 0 0 0 0 0 0 1 1 0 1 0 0 0 0 0 0 0 0 0 1 1 0 0 0 0 0 0 0 0 0 0 0 0 0 1 0 1 0 1 0 1 0 1 0 0 0 1 0 0 1 0 0 0 0 0 0 0 1 1 0 0 0 0 0 1 0 0 0 1 0 0 0 1 0 0 0 0 0 0 0 0 0 0 0 1 1 0 0 0 0 0 0 1 1 0 0 1 0 1 0 1 0 0 1 0 1 0 0 0 0 0 0 1 1 1 0 0 0 1 0 0 0 0 0 1 0 0 1 0 0 1 1 0 0 0 0 0 1 1 0 1 1 0 0 0 0 0 0 0 0 1 0 0 0 0 0 1 0 0 1 0 0 0 0 1 0 0 0 0 0 0 0 0 1 0 0 0 0 1 0 0 0 1 0 1 0 0 1 0 0 0 0 0 1 1 0 0 0 0 0 0 0 0 0 0 1 0 1 1 0 0 1 
Picked Items (item,city) = (1 , 2) (3 , 4) (7 , 8) (12 , 13) (15 , 16) (17 , 18) (18 , 19) (21 , 22) (23 , 24) (27 , 28) (30 , 31) (33 , 34) (36 , 37) (41 , 42) (48 , 49) (51 , 52) (53 , 54) (54 , 55) (59 , 60) (63 , 64) (74 , 75) (75 , 76) (77 , 78) (87 , 88) (88 , 89) (102 , 103) (104 , 105) (106 , 107) (108 , 109) (110 , 111) (114 , 115) (117 , 118) (125 , 126) (126 , 127) (132 , 133) (136 , 137) (140 , 141) (152 , 153) (153 , 154) (160 , 161) (161 , 162) (164 , 165) (166 , 167) (168 , 169) (171 , 172) (173 , 174) (180 , 181) (181 , 182) (182 , 183) (186 , 187) (192 , 193) (195 , 196) (198 , 199) (199 , 200) (205 , 206) (206 , 207) (208 , 209) (209 , 210) (218 , 219) (224 , 225) (227 , 228) (232 , 233) (241 , 242) (246 , 247) (250 , 251) (252 , 253) (255 , 256) (261 , 262) (262 , 263) (273 , 274) (275 , 276) (276 , 277) (279 , 280) 

Travel Time: 5969.7544709693138429; Profit: 45511; TSP Distance : 2810.4149600000005194; Weight: 12536 / 12718; 0000000
TSP Tour = 1 3 279 278 277 276 275 274 273 272 271 270 269 268 267 266 265 264 263 262 261 260 259 258 257 256 255 254 253 252 251 250 249 248 247 246 245 244 243 242 241 240 239 238 237 236 235 234 233 232 231 230 229 228 227 226 225 224 223 222 221 220 219 218 217 216 215 214 213 212 211 210 209 208 207 206 205 204 203 202 201 200 199 198 197 196 195 194 193 192 191 190 189 188 187 186 185 184 183 182 181 180 179 178 177 176 175 174 173 172 171 170 169 168 167 166 165 164 163 162 161 160 159 158 157 156 155 154 153 152 151 150 149 148 147 146 145 144 143 142 141 140 139 138 137 136 135 134 133 132 131 130 129 128 127 126 125 124 123 122 121 120 119 118 117 116 115 114 113 112 111 110 109 108 107 106 105 104 103 102 101 100 99 98 97 96 95 94 93 92 91 90 89 88 87 86 85 84 83 82 81 80 79 78 77 76 75 74 73 72 71 70 69 68 67 66 65 64 63 62 61 60 59 58 57 56 55 54 53 52 51 50 49 48 47 46 45 44 43 42 41 40 39 38 37 36 35 34 33 32 31 30 29 28 27 26 22 23 24 25 21 20 19 18 17 16 15 14 13 12 11 10 9 8 7 6 5 4 280 2 1
Knapsack Array = 1 0 1 0 0 0 1 0 0 0 0 1 0 0 1 0 1 1 0 0 1 0 1 0 0 0 1 0 0 1 0 0 1 0 0 1 0 0 0 0 1 0 0 0 0 0 0 1 0 0 1 0 1 1 0 0 0 0 1 0 0 0 1 0 0 0 0 0 0 0 0 0 0 0 1 0 1 0 0 0 0 0 1 0 0 0 1 1 0 0 0 0 0 0 0 0 0 0 0 0 0 1 0 1 0 1 0 1 0 1 0 0 0 1 0 0 1 0 0 0 0 0 0 0 1 1 0 0 0 0 0 1 0 0 0 1 0 0 0 1 0 0 0 0 0 0 0 0 0 0 0 1 1 0 0 0 0 0 0 1 1 0 0 1 0 1 0 1 0 0 1 0 1 0 0 0 0 0 0 1 1 1 0 0 0 1 0 0 0 0 0 1 0 0 1 0 0 1 1 0 0 0 0 0 1 1 0 1 1 0 0 0 0 0 0 0 0 1 0 0 0 0 0 1 0 0 1 0 0 0 0 1 0 0 0 0 0 0 0 0 1 0 0 0 0 1 0 0 0 1 0 1 0 0 1 0 0 0 0 0 1 1 0 0 0 0 0 0 0 0 0 0 1 0 1 1 0 0 1 
Picked Items (item,city) = (1 , 2) (3 , 4) (7 , 8) (12 , 13) (15 , 16) (17 , 18) (18 , 19) (21 , 22) (23 , 24) (27 , 28) (30 , 31) (33 , 34) (36 , 37) (41 , 42) (48 , 49) (51 , 52) (53 , 54) (54 , 55) (59 , 60) (63 , 64) (75 , 76) (77 , 78) (83 , 84) (87 , 88) (88 , 89) (102 , 103) (104 , 105) (106 , 107) (108 , 109) (110 , 111) (114 , 115) (117 , 118) (125 , 126) (126 , 127) (132 , 133) (136 , 137) (140 , 141) (152 , 153) (153 , 154) (160 , 161) (161 , 162) (164 , 165) (166 , 167) (168 , 169) (171 , 172) (173 , 174) (180 , 181) (181 , 182) (182 , 183) (186 , 187) (192 , 193) (195 , 196) (198 , 199) (199 , 200) (205 , 206) (206 , 207) (208 , 209) (209 , 210) (218 , 219) (224 , 225) (227 , 228) (232 , 233) (241 , 242) (246 , 247) (250 , 251) (252 , 253) (255 , 256) (261 , 262) (262 , 263) (273 , 274) (275 , 276) (276 , 277) (279 , 280) 

Travel Time: 3148.1691316308147179; Profit: 22874; TSP Distance : 2765.773920000000544; Weight: 5065 / 12718; 0000000
TSP Tour = 1 3 4 5 6 7 8 9 10 11 12 13 14 15 16 17 18 19 20 21 24 23 25 22 26 27 28 29 30 31 32 33 34 35 36 37 38 39 40 41 42 43 60 61 62 63 59 44 45 46 47 48 49 50 51 52 53 54 55 56 57 58 64 65 66 67 68 69 70 71 72 73 74 75 76 77 78 79 80 81 82 83 84 85 86 87 88 89 90 91 92 93 94 95 96 97 98 99 100 101 102 103 104 105 106 107 108 109 110 111 112 113 114 115 116 117 118 120 119 157 158 159 160 174 173 172 171 170 169 168 167 166 165 164 163 162 161 175 176 177 178 151 152 156 153 155 154 121 122 123 124 125 126 127 128 129 130 131 132 133 134 135 136 137 138 139 140 141 142 143 144 145 146 147 148 149 150 179 180 181 182 183 184 185 186 187 188 189 190 191 192 193 194 195 196 197 198 199 200 201 202 203 204 205 206 207 208 209 210 211 212 213 214 215 216 217 218 219 220 221 222 223 224 225 226 227 228 229 230 231 232 233 234 235 236 237 238 239 240 241 242 243 244 245 246 247 248 249 250 251 252 253 254 255 256 257 258 259 260 261 262 263 264 265 266 267 268 269 270 271 272 273 274 275 276 277 278 279 280 2 1
Knapsack Array = 1 0 0 0 0 0 0 0 0 0 0 0 0 0 0 0 0 0 0 0 0 0 0 0 0 0 0 0 0 0 0 0 0 0 0 0 0 0 0 0 0 0 0 0 0 0 0 0 0 0 0 0 0 0 0 0 0 0 0 0 0 0 0 0 0 0 0 0 0 0 0 0 0 0 0 0 0 0 0 0 0 0 0 0 0 0 0 0 0 0 0 0 0 0 0 0 0 0 0 0 0 0 0 0 0 0 0 0 0 0 0 0 0 0 0 0 1 0 0 0 0 0 0 0 1 0 0 0 0 0 0 0 0 0 0 0 0 0 0 1 0 0 0 0 0 0 0 0 0 0 0 1 1 0 0 0 0 0 0 1 1 0 0 1 0 1 0 1 0 0 1 0 1 0 0 0 0 0 0 0 0 1 0 0 0 1 0 0 0 0 0 1 0 0 0 0 0 1 1 0 0 0 0 0 1 1 0 1 1 0 0 0 0 0 0 0 0 1 0 0 0 0 0 1 0 0 1 0 0 0 0 1 0 0 0 0 0 0 0 0 1 0 0 0 0 1 0 0 0 1 0 1 0 0 1 0 0 0 0 0 1 1 0 0 0 0 0 0 0 0 0 0 1 0 1 1 0 0 1 
Picked Items (item,city) = (1 , 2) (117 , 118) (125 , 126) (140 , 141) (152 , 153) (153 , 154) (160 , 161) (161 , 162) (164 , 165) (166 , 167) (168 , 169) (171 , 172) (173 , 174) (182 , 183) (186 , 187) (192 , 193) (198 , 199) (199 , 200) (205 , 206) (206 , 207) (208 , 209) (209 , 210) (218 , 219) (224 , 225) (227 , 228) (232 , 233) (241 , 242) (246 , 247) (250 , 251) (252 , 253) (255 , 256) (261 , 262) (262 , 263) (273 , 274) (275 , 276) (276 , 277) (279 , 280) 

Travel Time: 4298.0345124720997774; Profit: 40241; TSP Distance : 2761.1714300000003277; Weight: 10285 / 12718; 0000000
TSP Tour = 1 2 280 3 279 278 277 276 275 274 273 272 271 270 269 268 267 266 265 264 263 262 261 260 259 258 257 256 255 254 253 252 251 250 249 248 247 246 245 244 243 242 241 240 239 238 237 236 235 234 233 232 231 230 229 228 227 226 225 224 223 222 221 220 219 218 217 216 215 214 213 212 211 210 209 208 207 206 205 204 203 202 201 200 199 198 197 196 195 194 193 192 191 190 189 188 187 186 185 184 183 182 181 180 179 150 149 148 147 146 145 144 143 142 141 140 139 138 137 136 135 134 133 132 131 130 129 128 127 126 125 124 123 122 121 154 155 153 156 152 151 178 177 176 175 161 162 163 164 165 166 167 168 169 170 171 172 173 174 160 159 158 157 119 120 118 117 116 115 114 113 112 111 110 109 108 107 106 105 104 103 102 101 100 99 98 97 96 95 94 93 92 91 90 89 88 87 86 85 84 83 82 81 80 79 78 77 76 75 74 73 72 71 70 69 68 67 66 65 64 63 62 61 60 59 58 57 56 55 54 53 52 51 50 49 48 47 46 45 44 43 42 41 40 39 38 37 36 35 34 33 32 31 30 29 28 27 26 22 25 23 24 21 20 19 18 17 16 15 14 13 12 11 10 9 8 7 6 5 4 1
Knapsack Array = 1 0 1 0 0 0 1 0 0 0 0 1 0 0 1 0 1 1 0 0 1 0 1 0 0 0 1 0 0 1 0 0 1 0 0 1 0 0 0 0 1 0 0 0 0 0 0 1 0 0 1 0 1 1 0 0 0 0 1 0 0 0 1 0 0 0 0 0 0 0 0 0 0 1 1 0 1 0 0 0 0 0 1 0 0 0 1 1 0 0 0 0 0 0 0 0 0 0 0 0 0 1 0 1 0 1 0 1 0 1 0 0 0 1 0 0 1 0 0 0 0 0 0 0 1 1 0 0 0 0 0 1 0 0 0 1 0 0 0 1 0 0 0 0 0 0 0 0 0 0 0 1 1 0 0 0 0 0 0 1 1 0 0 0 0 0 0 0 0 0 1 0 0 0 0 0 0 0 0 0 0 0 0 0 0 0 0 0 0 0 0 1 0 0 0 0 0 0 0 0 0 0 0 0 1 1 0 1 1 0 0 0 0 0 0 0 0 1 0 0 0 0 0 1 0 0 1 0 0 0 0 1 0 0 0 0 0 0 0 0 1 0 0 0 0 1 0 0 0 1 0 1 0 0 1 0 0 0 0 0 1 1 0 0 0 0 0 0 0 0 0 0 1 0 1 1 0 0 0 
Picked Items (item,city) = (1 , 2) (3 , 4) (7 , 8) (12 , 13) (15 , 16) (17 , 18) (18 , 19) (21 , 22) (23 , 24) (27 , 28) (30 , 31) (33 , 34) (36 , 37) (41 , 42) (48 , 49) (51 , 52) (53 , 54) (54 , 55) (59 , 60) (63 , 64) (74 , 75) (75 , 76) (77 , 78) (83 , 84) (87 , 88) (88 , 89) (102 , 103) (104 , 105) (106 , 107) (108 , 109) (110 , 111) (114 , 115) (117 , 118) (125 , 126) (126 , 127) (132 , 133) (136 , 137) (140 , 141) (152 , 153) (153 , 154) (160 , 161) (161 , 162) (171 , 172) (192 , 193) (205 , 206) (206 , 207) (208 , 209) (209 , 210) (218 , 219) (224 , 225) (227 , 228) (232 , 233) (241 , 242) (246 , 247) (250 , 251) (252 , 253) (255 , 256) (261 , 262) (262 , 263) (273 , 274) (275 , 276) (276 , 277) 

Travel Time: 4083.8659795930902874; Profit: 38524; TSP Distance : 2761.1714300000003277; Weight: 9865 / 12718; 0000000
TSP Tour = 1 2 280 3 279 278 277 276 275 274 273 272 271 270 269 268 267 266 265 264 263 262 261 260 259 258 257 256 255 254 253 252 251 250 249 248 247 246 245 244 243 242 241 240 239 238 237 236 235 234 233 232 231 230 229 228 227 226 225 224 223 222 221 220 219 218 217 216 215 214 213 212 211 210 209 208 207 206 205 204 203 202 201 200 199 198 197 196 195 194 193 192 191 190 189 188 187 186 185 184 183 182 181 180 179 150 149 148 147 146 145 144 143 142 141 140 139 138 137 136 135 134 133 132 131 130 129 128 127 126 125 124 123 122 121 154 155 153 156 152 151 178 177 176 175 161 162 163 164 165 166 167 168 169 170 171 172 173 174 160 159 158 157 119 120 118 117 116 115 114 113 112 111 110 109 108 107 106 105 104 103 102 101 100 99 98 97 96 95 94 93 92 91 90 89 88 87 86 85 84 83 82 81 80 79 78 77 76 75 74 73 72 71 70 69 68 67 66 65 64 63 62 61 60 59 58 57 56 55 54 53 52 51 50 49 48 47 46 45 44 43 42 41 40 39 38 37 36 35 34 33 32 31 30 29 28 27 26 22 25 23 24 21 20 19 18 17 16 15 14 13 12 11 10 9 8 7 6 5 4 1
Knapsack Array = 1 0 1 0 0 0 1 0 0 0 0 1 0 0 1 0 1 1 0 0 1 0 1 0 0 0 1 0 0 1 0 0 1 0 0 1 0 0 0 0 1 0 0 0 0 0 0 1 0 0 1 0 1 1 0 0 0 0 1 0 0 0 1 0 0 0 0 0 0 0 0 0 0 1 1 0 1 0 0 0 0 0 1 0 0 0 1 1 0 0 0 0 0 0 0 0 0 0 0 0 0 1 0 1 0 1 0 1 0 1 0 0 0 1 0 0 1 0 0 0 0 0 0 0 1 1 0 0 0 0 0 1 0 0 0 1 0 0 0 1 0 0 0 0 0 0 0 0 0 0 0 1 1 0 0 0 0 0 0 1 1 0 0 0 0 0 0 0 0 0 1 0 0 0 0 0 0 0 0 0 0 0 0 0 0 0 0 0 0 0 0 1 0 0 0 0 0 0 0 0 0 0 0 0 1 1 0 1 1 0 0 0 0 0 0 0 0 1 0 0 0 0 0 1 0 0 1 0 0 0 0 1 0 0 0 0 0 0 0 0 1 0 0 0 0 1 0 0 0 1 0 1 0 0 1 0 0 0 0 0 1 1 0 0 0 0 0 0 0 0 0 0 0 0 0 0 0 0 0 
Picked Items (item,city) = (1 , 2) (3 , 4) (7 , 8) (12 , 13) (15 , 16) (17 , 18) (18 , 19) (21 , 22) (23 , 24) (27 , 28) (30 , 31) (33 , 34) (36 , 37) (41 , 42) (48 , 49) (51 , 52) (53 , 54) (54 , 55) (59 , 60) (63 , 64) (74 , 75) (75 , 76) (77 , 78) (83 , 84) (87 , 88) (88 , 89) (102 , 103) (104 , 105) (106 , 107) (108 , 109) (110 , 111) (114 , 115) (117 , 118) (125 , 126) (126 , 127) (132 , 133) (136 , 137) (140 , 141) (152 , 153) (153 , 154) (160 , 161) (161 , 162) (171 , 172) (192 , 193) (205 , 206) (206 , 207) (208 , 209) (209 , 210) (218 , 219) (224 , 225) (227 , 228) (232 , 233) (241 , 242) (246 , 247) (250 , 251) (252 , 253) (255 , 256) (261 , 262) (262 , 263) 

Travel Time: 3492.0017270512362302; Profit: 32180; TSP Distance : 2761.1714300000003277; Weight: 7925 / 12718; 0000000
TSP Tour = 1 2 280 3 279 278 277 276 275 274 273 272 271 270 269 268 267 266 265 264 263 262 261 260 259 258 257 256 255 254 253 252 251 250 249 248 247 246 245 244 243 242 241 240 239 238 237 236 235 234 233 232 231 230 229 228 227 226 225 224 223 222 221 220 219 218 217 216 215 214 213 212 211 210 209 208 207 206 205 204 203 202 201 200 199 198 197 196 195 194 193 192 191 190 189 188 187 186 185 184 183 182 181 180 179 150 149 148 147 146 145 144 143 142 141 140 139 138 137 136 135 134 133 132 131 130 129 128 127 126 125 124 123 122 121 154 155 153 156 152 151 178 177 176 175 161 162 163 164 165 166 167 168 169 170 171 172 173 174 160 159 158 157 119 120 118 117 116 115 114 113 112 111 110 109 108 107 106 105 104 103 102 101 100 99 98 97 96 95 94 93 92 91 90 89 88 87 86 85 84 83 82 81 80 79 78 77 76 75 74 73 72 71 70 69 68 67 66 65 64 63 62 61 60 59 58 57 56 55 54 53 52 51 50 49 48 47 46 45 44 43 42 41 40 39 38 37 36 35 34 33 32 31 30 29 28 27 26 22 25 23 24 21 20 19 18 17 16 15 14 13 12 11 10 9 8 7 6 5 4 1
Knapsack Array = 1 0 1 0 0 0 1 0 0 0 0 1 0 0 1 0 1 1 0 0 1 0 1 0 0 0 1 0 0 1 0 0 1 0 0 1 0 0 0 0 1 0 0 0 0 0 0 1 0 0 1 0 1 1 0 0 0 0 1 0 0 0 1 0 0 0 0 0 0 0 0 0 0 1 1 0 1 0 0 0 0 0 1 0 0 0 1 1 0 0 0 0 0 0 0 0 0 0 0 0 0 1 0 1 0 1 0 0 0 0 0 0 0 1 0 0 1 0 0 0 0 0 0 0 1 1 0 0 0 0 0 0 0 0 0 0 0 0 0 0 0 0 0 0 0 0 0 0 0 0 0 1 1 0 0 0 0 0 0 1 1 0 0 0 0 0 0 0 0 0 1 0 0 0 0 0 0 0 0 0 0 0 0 0 0 0 0 0 0 0 0 1 0 0 0 0 0 0 0 0 0 0 0 0 0 0 0 0 0 0 0 0 0 0 0 0 0 0 0 0 0 0 0 1 0 0 1 0 0 0 0 1 0 0 0 0 0 0 0 0 1 0 0 0 0 1 0 0 0 1 0 1 0 0 1 0 0 0 0 0 1 1 0 0 0 0 0 0 0 0 0 0 0 0 0 0 0 0 0 
Picked Items (item,city) = (1 , 2) (3 , 4) (7 , 8) (12 , 13) (15 , 16) (17 , 18) (18 , 19) (21 , 22) (23 , 24) (27 , 28) (30 , 31) (33 , 34) (36 , 37) (41 , 42) (48 , 49) (51 , 52) (53 , 54) (54 , 55) (59 , 60) (63 , 64) (74 , 75) (75 , 76) (77 , 78) (83 , 84) (87 , 88) (88 , 89) (102 , 103) (104 , 105) (106 , 107) (114 , 115) (117 , 118) (125 , 126) (126 , 127) (152 , 153) (153 , 154) (160 , 161) (161 , 162) (171 , 172) (192 , 193) (224 , 225) (227 , 228) (232 , 233) (241 , 242) (246 , 247) (250 , 251) (252 , 253) (255 , 256) (261 , 262) (262 , 263) 

Travel Time: 2886.4986141814842995; Profit: 13189; TSP Distance : 2587.9299300000006951; Weight: 2934 / 12718; 0000000
TSP Tour = 1 2 242 243 241 240 239 238 237 236 235 234 233 232 231 246 245 244 247 250 251 230 229 228 227 226 225 224 223 222 221 220 219 218 217 216 215 214 213 212 211 210 207 206 205 204 203 202 201 198 197 196 195 194 193 192 191 190 189 188 187 186 185 184 183 182 181 176 180 179 150 178 177 151 152 156 153 155 154 129 128 127 126 30 125 124 123 122 121 120 119 157 158 159 160 175 161 162 163 164 165 166 167 168 169 170 172 171 173 174 107 106 105 104 103 102 101 100 99 98 97 96 95 94 93 92 91 90 89 109 108 110 111 114 113 112 88 87 84 83 82 81 80 79 78 77 75 76 74 73 72 71 70 67 69 68 58 57 56 55 54 53 52 51 50 49 48 47 46 45 44 59 63 64 65 66 85 86 116 115 117 118 62 61 60 43 42 41 40 39 38 37 36 35 34 33 32 31 29 28 27 26 22 25 23 24 14 15 13 12 11 10 9 8 7 6 5 4 277 276 275 274 273 272 271 16 17 18 19 20 21 130 131 132 133 134 270 269 135 136 268 267 137 138 139 149 148 147 146 145 199 200 144 143 142 141 140 266 265 264 263 262 261 260 259 258 257 254 253 208 209 252 255 256 249 248 278 279 3 280 1
Knapsack Array = 0 0 0 0 0 0 0 0 0 0 0 0 0 0 0 0 0 0 0 0 0 0 0 0 0 0 0 0 0 0 0 0 0 0 0 0 0 0 0 0 0 0 0 0 0 0 0 0 0 0 0 0 0 0 0 0 0 0 0 0 0 0 0 0 0 0 0 0 0 0 0 0 0 0 0 0 0 0 0 0 0 0 0 0 0 0 0 0 0 0 0 0 0 0 0 0 0 0 0 0 0 0 0 0 0 0 0 0 0 0 0 0 0 0 0 0 0 0 0 0 0 0 0 0 0 0 0 0 0 0 0 0 0 0 0 0 0 0 0 0 0 0 0 0 0 0 0 0 0 0 0 0 0 0 0 0 0 0 0 0 0 0 0 0 0 0 0 0 0 0 0 0 0 0 0 0 0 0 0 0 0 0 0 0 0 0 0 0 0 0 0 1 0 0 1 0 0 1 1 0 0 0 0 0 1 1 0 1 1 0 0 0 0 0 0 0 0 1 0 0 0 0 0 1 0 0 1 0 0 0 0 1 0 0 0 0 0 0 0 0 1 0 0 0 0 1 0 0 0 1 0 1 0 0 1 0 0 0 0 0 1 1 0 0 0 0 0 0 0 0 0 0 1 0 1 1 0 0 1 
Picked Items (item,city) = (192 , 193) (195 , 196) (198 , 199) (199 , 200) (205 , 206) (206 , 207) (208 , 209) (209 , 210) (218 , 219) (224 , 225) (227 , 228) (232 , 233) (241 , 242) (246 , 247) (250 , 251) (252 , 253) (255 , 256) (261 , 262) (262 , 263) (273 , 274) (275 , 276) (276 , 277) (279 , 280) 

Travel Time: 2915.9459655463351737; Profit: 15035; TSP Distance : 2587.9299300000006951; Weight: 3424 / 12718; 0000000
TSP Tour = 1 2 242 243 241 240 239 238 237 236 235 234 233 232 231 246 245 244 247 250 251 230 229 228 227 226 225 224 223 222 221 220 219 218 217 216 215 214 213 212 211 210 207 206 205 204 203 202 201 198 197 196 195 194 193 192 191 190 189 188 187 186 185 184 183 182 181 176 180 179 150 178 177 151 152 156 153 155 154 129 128 127 126 30 125 124 123 122 121 120 119 157 158 159 160 175 161 162 163 164 165 166 167 168 169 170 172 171 173 174 107 106 105 104 103 102 101 100 99 98 97 96 95 94 93 92 91 90 89 109 108 110 111 114 113 112 88 87 84 83 82 81 80 79 78 77 75 76 74 73 72 71 70 67 69 68 58 57 56 55 54 53 52 51 50 49 48 47 46 45 44 59 63 64 65 66 85 86 116 115 117 118 62 61 60 43 42 41 40 39 38 37 36 35 34 33 32 31 29 28 27 26 22 25 23 24 14 15 13 12 11 10 9 8 7 6 5 4 277 276 275 274 273 272 271 16 17 18 19 20 21 130 131 132 133 134 270 269 135 136 268 267 137 138 139 149 148 147 146 145 199 200 144 143 142 141 140 266 265 264 263 262 261 260 259 258 257 254 253 208 209 252 255 256 249 248 278 279 3 280 1
Knapsack Array = 1 0 1 0 0 0 1 0 0 0 0 0 0 0 0 0 0 0 0 0 0 0 0 0 0 0 0 0 0 0 0 0 0 0 0 0 0 0 0 0 0 0 0 0 0 0 0 0 0 0 0 0 0 0 0 0 0 0 0 0 0 0 0 0 0 0 0 0 0 0 0 0 0 0 0 0 0 0 0 0 0 0 0 0 0 0 0 0 0 0 0 0 0 0 0 0 0 0 0 0 0 0 0 0 0 0 0 0 0 0 0 0 0 0 0 0 0 0 0 0 0 0 0 0 0 0 0 0 0 0 0 0 0 0 0 0 0 0 0 0 0 0 0 0 0 0 0 0 0 0 0 0 0 0 0 0 0 0 0 0 0 0 0 0 0 0 0 0 0 0 0 0 0 0 0 0 0 0 0 0 0 0 0 0 0 0 0 0 0 0 0 1 0 0 1 0 0 1 1 0 0 0 0 0 1 1 0 1 1 0 0 0 0 0 0 0 0 1 0 0 0 0 0 1 0 0 1 0 0 0 0 1 0 0 0 0 0 0 0 0 1 0 0 0 0 1 0 0 0 1 0 1 0 0 1 0 0 0 0 0 1 1 0 0 0 0 0 0 0 0 0 0 1 0 1 1 0 0 1 
Picked Items (item,city) = (1 , 2) (3 , 4) (7 , 8) (192 , 193) (195 , 196) (198 , 199) (199 , 200) (205 , 206) (206 , 207) (208 , 209) (209 , 210) (218 , 219) (224 , 225) (227 , 228) (232 , 233) (241 , 242) (246 , 247) (250 , 251) (252 , 253) (255 , 256) (261 , 262) (262 , 263) (273 , 274) (275 , 276) (276 , 277) (279 , 280) 

Travel Time: 2605.2684467508956914; Profit: 2508; TSP Distance : 2587.9299300000006951; Weight: 660 / 12718; 0000000
TSP Tour = 1 2 242 243 241 240 239 238 237 236 235 234 233 232 231 246 245 244 247 250 251 230 229 228 227 226 225 224 223 222 221 220 219 218 217 216 215 214 213 212 211 210 207 206 205 204 203 202 201 198 197 196 195 194 193 192 191 190 189 188 187 186 185 184 183 182 181 176 180 179 150 178 177 151 152 156 153 155 154 129 128 127 126 30 125 124 123 122 121 120 119 157 158 159 160 175 161 162 163 164 165 166 167 168 169 170 172 171 173 174 107 106 105 104 103 102 101 100 99 98 97 96 95 94 93 92 91 90 89 109 108 110 111 114 113 112 88 87 84 83 82 81 80 79 78 77 75 76 74 73 72 71 70 67 69 68 58 57 56 55 54 53 52 51 50 49 48 47 46 45 44 59 63 64 65 66 85 86 116 115 117 118 62 61 60 43 42 41 40 39 38 37 36 35 34 33 32 31 29 28 27 26 22 25 23 24 14 15 13 12 11 10 9 8 7 6 5 4 277 276 275 274 273 272 271 16 17 18 19 20 21 130 131 132 133 134 270 269 135 136 268 267 137 138 139 149 148 147 146 145 199 200 144 143 142 141 140 266 265 264 263 262 261 260 259 258 257 254 253 208 209 252 255 256 249 248 278 279 3 280 1
Knapsack Array = 0 0 0 0 0 0 0 0 0 0 0 0 0 0 0 0 0 0 0 0 0 0 0 0 0 0 0 0 0 0 0 0 0 0 0 0 0 0 0 0 0 0 0 0 0 0 0 0 0 0 0 0 0 0 0 0 0 0 0 0 0 0 0 0 0 0 0 0 0 0 0 0 0 0 0 0 0 0 0 0 0 0 0 0 0 0 0 0 0 0 0 0 0 0 0 0 0 0 0 0 0 0 0 0 0 0 0 0 0 0 0 0 0 0 0 0 0 0 0 0 0 0 0 0 0 0 0 0 0 0 0 0 0 0 0 0 0 0 0 0 0 0 0 0 0 0 0 0 0 0 0 0 0 0 0 0 0 0 0 0 0 0 0 0 0 0 0 0 0 0 0 0 0 0 0 0 0 0 0 0 0 0 0 0 0 0 0 0 0 0 0 0 0 0 0 0 0 0 0 0 0 0 0 0 0 0 0 0 0 0 0 0 0 0 0 0 0 0 0 0 0 0 0 0 0 0 0 0 0 0 0 0 0 0 0 0 0 0 0 0 0 0 0 0 0 0 0 0 0 0 0 0 0 0 0 0 0 0 0 0 0 0 0 0 0 0 0 0 0 0 0 0 1 0 1 1 0 0 1 
Picked Items (item,city) = (273 , 274) (275 , 276) (276 , 277) (279 , 280) 

Travel Time: 3007.1400657564108769; Profit: 18488; TSP Distance : 2768.0201300000003357; Weight: 5551 / 12718; 0000000
TSP Tour = 1 2 280 279 278 277 276 275 274 273 272 271 270 269 268 267 266 265 264 263 262 261 260 259 258 257 256 255 254 253 252 251 250 249 248 247 246 245 244 243 242 241 240 239 238 237 236 235 234 233 232 231 230 229 228 227 226 225 224 223 222 221 220 219 218 217 216 215 214 213 212 211 210 209 208 207 206 205 204 203 202 201 200 199 198 197 196 195 194 193 192 191 190 189 188 187 186 185 184 183 182 181 180 179 150 149 148 147 146 145 144 143 142 141 140 139 138 137 136 135 134 133 132 131 130 129 128 127 126 125 124 123 122 121 154 155 153 156 152 151 178 177 176 175 161 162 163 164 165 166 167 168 169 170 171 172 173 174 160 159 158 157 119 120 118 117 116 115 114 113 112 111 110 109 108 107 106 105 104 103 102 101 100 99 98 97 96 95 94 93 92 91 90 89 88 87 86 85 84 83 82 81 80 79 78 77 76 75 74 73 72 71 70 69 68 67 66 65 64 63 62 61 60 59 58 57 56 55 54 53 52 51 50 49 48 47 46 45 44 43 42 41 40 39 38 37 36 35 34 33 32 31 30 29 28 27 26 22 25 23 24 21 20 19 18 17 16 15 14 13 12 11 10 9 8 7 6 5 4 3 1
Knapsack Array = 1 0 1 0 0 0 1 0 0 0 0 1 0 0 1 0 1 1 0 0 1 0 1 0 0 0 1 0 0 1 0 0 1 0 0 1 0 0 0 0 1 0 0 0 0 0 0 1 0 0 1 0 1 1 0 0 0 0 1 0 0 0 1 0 0 0 0 0 0 0 0 0 0 1 1 0 1 0 0 0 0 0 1 0 0 0 1 1 0 0 0 0 0 0 0 0 0 0 0 0 0 0 0 0 0 0 0 0 0 0 0 0 0 0 0 0 0 0 0 0 0 0 0 0 0 0 0 0 0 0 0 0 0 0 0 0 0 0 0 0 0 0 0 0 0 0 0 0 0 0 0 0 0 0 0 0 0 0 0 0 0 0 0 0 0 0 0 0 0 0 0 0 0 0 0 0 0 0 0 0 0 0 0 0 0 0 0 0 0 0 0 0 0 0 0 0 0 0 0 0 0 0 0 0 0 0 0 0 0 0 0 0 0 0 0 0 0 0 0 0 0 0 0 0 0 0 1 0 0 0 0 0 0 0 0 0 0 0 0 0 0 0 0 0 0 0 0 0 0 1 0 0 0 0 0 0 0 0 0 0 0 0 0 0 0 0 0 0 0 0 0 0 0 0 0 0 0 0 0 
Picked Items (item,city) = (1 , 2) (3 , 4) (7 , 8) (12 , 13) (15 , 16) (17 , 18) (18 , 19) (21 , 22) (23 , 24) (27 , 28) (30 , 31) (33 , 34) (36 , 37) (41 , 42) (48 , 49) (51 , 52) (53 , 54) (54 , 55) (59 , 60) (63 , 64) (74 , 75) (75 , 76) (77 , 78) (83 , 84) (87 , 88) (88 , 89) (227 , 228) (250 , 251) 

Travel Time: 3083.2753084879054768; Profit: 20201; TSP Distance : 2761.1714300000003277; Weight: 6275 / 12718; 0000000
TSP Tour = 1 2 280 3 279 278 277 276 275 274 273 272 271 270 269 268 267 266 265 264 263 262 261 260 259 258 257 256 255 254 253 252 251 250 249 248 247 246 245 244 243 242 241 240 239 238 237 236 235 234 233 232 231 230 229 228 227 226 225 224 223 222 221 220 219 218 217 216 215 214 213 212 211 210 209 208 207 206 205 204 203 202 201 200 199 198 197 196 195 194 193 192 191 190 189 188 187 186 185 184 183 182 181 180 179 150 149 148 147 146 145 144 143 142 141 140 139 138 137 136 135 134 133 132 131 130 129 128 127 126 125 124 123 122 121 154 155 153 156 152 151 178 177 176 175 161 162 163 164 165 166 167 168 169 170 171 172 173 174 160 159 158 157 119 120 118 117 116 115 114 113 112 111 110 109 108 107 106 105 104 103 102 101 100 99 98 97 96 95 94 93 92 91 90 89 88 87 86 85 84 83 82 81 80 79 78 77 76 75 74 73 72 71 70 69 68 67 66 65 64 63 62 61 60 59 58 57 56 55 54 53 52 51 50 49 48 47 46 45 44 43 42 41 40 39 38 37 36 35 34 33 32 31 30 29 28 27 26 22 25 23 24 21 20 19 18 17 16 15 14 13 12 11 10 9 8 7 6 5 4 1
Knapsack Array = 1 0 1 0 0 0 1 0 0 0 0 1 0 0 1 0 1 1 0 0 1 0 1 0 0 0 1 0 0 1 0 0 1 0 0 1 0 0 0 0 1 0 0 0 0 0 0 1 0 0 1 0 1 1 0 0 0 0 1 0 0 0 1 0 0 0 0 0 0 0 0 0 0 1 1 0 1 0 0 0 0 0 1 0 0 0 1 1 0 0 0 0 0 0 0 0 0 0 0 0 0 1 0 1 0 1 0 1 0 1 0 0 0 0 0 0 0 0 0 0 0 0 0 0 0 0 0 0 0 0 0 0 0 0 0 0 0 0 0 0 0 0 0 0 0 0 0 0 0 0 0 0 0 0 0 0 0 0 0 0 0 0 0 0 0 0 0 0 0 0 0 0 0 0 0 0 0 0 0 0 0 0 0 0 0 0 0 0 0 0 0 0 0 0 0 0 0 0 0 0 0 0 0 0 0 0 0 0 0 0 0 0 0 0 0 0 0 0 0 0 0 0 0 0 0 0 0 0 0 0 0 0 0 0 0 0 0 0 0 0 0 0 0 0 0 0 0 0 0 0 0 0 0 0 0 0 0 0 0 0 0 0 0 0 0 0 0 0 0 0 0 0 0 0 0 0 0 0 0 
Picked Items (item,city) = (1 , 2) (3 , 4) (7 , 8) (12 , 13) (15 , 16) (17 , 18) (18 , 19) (21 , 22) (23 , 24) (27 , 28) (30 , 31) (33 , 34) (36 , 37) (41 , 42) (48 , 49) (51 , 52) (53 , 54) (54 , 55) (59 , 60) (63 , 64) (74 , 75) (75 , 76) (77 , 78) (83 , 84) (87 , 88) (88 , 89) (102 , 103) (104 , 105) (106 , 107) (108 , 109) (110 , 111) 

Travel Time: 2994.6204347539737682; Profit: 18210; TSP Distance : 2761.1714300000003277; Weight: 5546 / 12718; 0000000
TSP Tour = 1 2 280 3 279 278 277 276 275 274 273 272 271 270 269 268 267 266 265 264 263 262 261 260 259 258 257 256 255 254 253 252 251 250 249 248 247 246 245 244 243 242 241 240 239 238 237 236 235 234 233 232 231 230 229 228 227 226 225 224 223 222 221 220 219 218 217 216 215 214 213 212 211 210 209 208 207 206 205 204 203 202 201 200 199 198 197 196 195 194 193 192 191 190 189 188 187 186 185 184 183 182 181 180 179 150 149 148 147 146 145 144 143 142 141 140 139 138 137 136 135 134 133 132 131 130 129 128 127 126 125 124 123 122 121 154 155 153 156 152 151 178 177 176 175 161 162 163 164 165 166 167 168 169 170 171 172 173 174 160 159 158 157 119 120 118 117 116 115 114 113 112 111 110 109 108 107 106 105 104 103 102 101 100 99 98 97 96 95 94 93 92 91 90 89 88 87 86 85 84 83 82 81 80 79 78 77 76 75 74 73 72 71 70 69 68 67 66 65 64 63 62 61 60 59 58 57 56 55 54 53 52 51 50 49 48 47 46 45 44 43 42 41 40 39 38 37 36 35 34 33 32 31 30 29 28 27 26 22 25 23 24 21 20 19 18 17 16 15 14 13 12 11 10 9 8 7 6 5 4 1
Knapsack Array = 1 0 1 0 0 0 1 0 0 0 0 1 0 0 1 0 1 1 0 0 1 0 1 0 0 0 1 0 0 1 0 0 1 0 0 1 0 0 0 0 1 0 0 0 0 0 0 1 0 0 1 0 1 1 0 0 0 0 1 0 0 0 1 0 0 0 0 0 0 0 0 0 0 1 1 0 1 0 0 0 0 0 1 0 0 0 1 1 0 0 0 0 0 0 0 0 0 0 0 0 0 0 0 0 0 0 0 0 0 0 0 0 0 0 0 0 0 0 0 0 0 0 0 0 0 0 0 0 0 0 0 0 0 0 0 0 0 0 0 0 0 0 0 0 0 0 0 0 0 0 0 0 0 0 0 0 0 0 0 0 0 0 0 0 0 0 0 0 0 0 0 0 0 0 0 0 0 0 0 0 0 0 0 0 0 0 0 0 0 0 0 0 0 0 0 0 0 0 0 0 0 0 0 0 0 0 0 0 0 0 0 0 0 0 0 0 0 0 0 0 0 0 0 0 0 0 0 0 0 0 0 0 0 0 0 0 0 0 0 0 0 0 0 0 0 0 0 0 0 0 0 0 0 0 0 0 0 0 0 0 0 0 0 0 0 0 0 0 0 0 0 0 0 0 0 0 0 0 0 
Picked Items (item,city) = (1 , 2) (3 , 4) (7 , 8) (12 , 13) (15 , 16) (17 , 18) (18 , 19) (21 , 22) (23 , 24) (27 , 28) (30 , 31) (33 , 34) (36 , 37) (41 , 42) (48 , 49) (51 , 52) (53 , 54) (54 , 55) (59 , 60) (63 , 64) (74 , 75) (75 , 76) (77 , 78) (83 , 84) (87 , 88) (88 , 89) 

Travel Time: 2821.4875875350780916; Profit: 10432; TSP Distance : 2761.1714300000003277; Weight: 2449 / 12718; 0000000
TSP Tour = 1 2 280 3 279 278 277 276 275 274 273 272 271 270 269 268 267 266 265 264 263 262 261 260 259 258 257 256 255 254 253 252 251 250 249 248 247 246 245 244 243 242 241 240 239 238 237 236 235 234 233 232 231 230 229 228 227 226 225 224 223 222 221 220 219 218 217 216 215 214 213 212 211 210 209 208 207 206 205 204 203 202 201 200 199 198 197 196 195 194 193 192 191 190 189 188 187 186 185 184 183 182 181 180 179 150 149 148 147 146 145 144 143 142 141 140 139 138 137 136 135 134 133 132 131 130 129 128 127 126 125 124 123 122 121 154 155 153 156 152 151 178 177 176 175 161 162 163 164 165 166 167 168 169 170 171 172 173 174 160 159 158 157 119 120 118 117 116 115 114 113 112 111 110 109 108 107 106 105 104 103 102 101 100 99 98 97 96 95 94 93 92 91 90 89 88 87 86 85 84 83 82 81 80 79 78 77 76 75 74 73 72 71 70 69 68 67 66 65 64 63 62 61 60 59 58 57 56 55 54 53 52 51 50 49 48 47 46 45 44 43 42 41 40 39 38 37 36 35 34 33 32 31 30 29 28 27 26 22 25 23 24 21 20 19 18 17 16 15 14 13 12 11 10 9 8 7 6 5 4 1
Knapsack Array = 1 0 1 0 0 0 1 0 0 0 0 1 0 0 1 0 1 1 0 0 1 0 1 0 0 0 1 0 0 0 0 0 0 0 0 0 0 0 0 0 0 0 0 0 0 0 0 0 0 0 0 0 0 0 0 0 0 0 0 0 0 0 0 0 0 0 0 0 0 0 0 0 0 1 1 0 1 0 0 0 0 0 0 0 0 0 0 0 0 0 0 0 0 0 0 0 0 0 0 0 0 0 0 0 0 0 0 0 0 0 0 0 0 0 0 0 0 0 0 0 0 0 0 0 0 0 0 0 0 0 0 0 0 0 0 0 0 0 0 0 0 0 0 0 0 0 0 0 0 0 0 0 0 0 0 0 0 0 0 0 0 0 0 0 0 0 0 0 0 0 0 0 0 0 0 0 0 0 0 0 0 0 0 0 0 0 0 0 0 0 0 0 0 0 0 0 0 0 0 0 0 0 0 0 0 0 0 0 0 0 0 0 0 0 0 0 0 0 0 0 0 0 0 0 0 0 1 0 0 0 0 0 0 0 0 0 0 0 0 0 0 0 0 0 0 0 0 0 0 1 0 0 0 0 0 0 0 0 0 0 1 1 0 0 0 0 0 0 0 0 0 0 0 0 0 0 0 0 0 
Picked Items (item,city) = (1 , 2) (3 , 4) (7 , 8) (12 , 13) (15 , 16) (17 , 18) (18 , 19) (21 , 22) (23 , 24) (27 , 28) (74 , 75) (75 , 76) (77 , 78) (227 , 228) (250 , 251) (261 , 262) (262 , 263) 

Travel Time: 2931.215204717146662; Profit: 17092; TSP Distance : 2761.1714300000003277; Weight: 4851 / 12718; 0000000
TSP Tour = 1 2 280 3 279 278 277 276 275 274 273 272 271 270 269 268 267 266 265 264 263 262 261 260 259 258 257 256 255 254 253 252 251 250 249 248 247 246 245 244 243 242 241 240 239 238 237 236 235 234 233 232 231 230 229 228 227 226 225 224 223 222 221 220 219 218 217 216 215 214 213 212 211 210 209 208 207 206 205 204 203 202 201 200 199 198 197 196 195 194 193 192 191 190 189 188 187 186 185 184 183 182 181 180 179 150 149 148 147 146 145 144 143 142 141 140 139 138 137 136 135 134 133 132 131 130 129 128 127 126 125 124 123 122 121 154 155 153 156 152 151 178 177 176 175 161 162 163 164 165 166 167 168 169 170 171 172 173 174 160 159 158 157 119 120 118 117 116 115 114 113 112 111 110 109 108 107 106 105 104 103 102 101 100 99 98 97 96 95 94 93 92 91 90 89 88 87 86 85 84 83 82 81 80 79 78 77 76 75 74 73 72 71 70 69 68 67 66 65 64 63 62 61 60 59 58 57 56 55 54 53 52 51 50 49 48 47 46 45 44 43 42 41 40 39 38 37 36 35 34 33 32 31 30 29 28 27 26 22 25 23 24 21 20 19 18 17 16 15 14 13 12 11 10 9 8 7 6 5 4 1
Knapsack Array = 1 0 1 0 0 0 1 0 0 0 0 1 0 0 1 0 1 1 0 0 1 0 1 0 0 0 1 0 0 1 0 0 1 0 0 1 0 0 0 0 1 0 0 0 0 0 0 1 0 0 1 0 1 1 0 0 0 0 1 0 0 0 1 0 0 0 0 0 0 0 0 0 0 1 1 0 1 0 0 0 0 0 0 0 0 0 0 0 0 0 0 0 0 0 0 0 0 0 0 0 0 0 0 0 0 0 0 0 0 0 0 0 0 0 0 0 0 0 0 0 0 0 0 0 0 0 0 0 0 0 0 0 0 0 0 0 0 0 0 0 0 0 0 0 0 0 0 0 0 0 0 0 0 0 0 0 0 0 0 0 0 0 0 0 0 0 0 0 0 0 1 0 0 0 0 0 0 0 0 0 0 0 0 0 0 0 0 0 0 0 0 0 0 0 0 0 0 0 0 0 0 0 0 0 0 0 0 0 0 0 0 0 0 0 0 0 0 0 0 0 0 0 0 0 0 0 1 0 0 0 0 0 0 0 0 0 0 0 0 0 0 0 0 0 0 0 0 0 0 0 0 0 0 0 0 0 0 0 0 0 0 0 0 0 0 0 0 0 0 0 0 0 0 0 0 0 0 0 0 
Picked Items (item,city) = (1 , 2) (3 , 4) (7 , 8) (12 , 13) (15 , 16) (17 , 18) (18 , 19) (21 , 22) (23 , 24) (27 , 28) (30 , 31) (33 , 34) (36 , 37) (41 , 42) (48 , 49) (51 , 52) (53 , 54) (54 , 55) (59 , 60) (63 , 64) (74 , 75) (75 , 76) (77 , 78) (171 , 172) (227 , 228) 

Travel Time: 5121.5031413973738381; Profit: 41927; TSP Distance : 2797.8470600000005106; Weight: 11624 / 12718; 0000000
TSP Tour = 1 2 280 279 278 277 276 275 274 273 272 271 270 269 268 267 266 265 264 263 262 261 260 259 258 257 256 255 254 253 252 251 250 249 248 247 246 245 244 243 242 241 240 239 238 237 236 235 234 233 232 231 230 229 228 227 226 225 224 223 222 221 220 219 218 217 216 215 214 213 212 211 210 209 208 207 206 205 204 203 202 201 200 199 198 197 196 195 194 193 192 191 190 189 188 187 186 185 184 183 182 181 180 179 178 177 176 175 161 162 163 164 165 166 167 168 169 170 171 172 173 174 160 159 158 157 155 154 153 156 152 151 150 149 148 147 146 145 144 143 142 141 140 139 138 137 136 135 134 133 132 131 130 129 128 127 126 125 124 123 122 121 120 119 118 117 116 115 114 113 112 111 110 109 108 107 106 105 104 103 102 101 100 99 98 97 96 95 94 93 92 91 90 89 88 87 86 85 84 83 82 81 80 79 78 77 76 75 74 73 72 71 70 69 68 67 66 65 64 63 62 61 60 59 58 57 56 55 54 53 52 51 50 49 48 47 46 45 44 43 42 41 40 39 38 37 36 35 34 33 32 31 30 29 28 27 26 22 25 23 24 21 20 19 18 17 16 15 14 13 12 11 10 9 8 7 6 5 4 3 1
Knapsack Array = 1 0 1 0 0 0 1 0 0 0 0 1 0 0 1 0 1 1 0 0 1 0 1 0 0 0 1 0 0 1 0 0 1 0 0 1 0 0 0 0 1 0 0 0 0 0 0 1 0 0 1 0 1 1 0 0 0 0 1 0 0 0 1 0 0 0 0 0 0 0 0 0 0 1 1 0 1 0 0 0 0 0 1 0 0 0 1 1 0 0 0 0 0 0 0 0 0 0 0 0 0 1 0 1 0 1 0 1 0 1 0 0 0 1 0 0 1 0 0 0 0 0 0 0 1 1 0 0 0 0 0 1 0 0 0 1 0 0 0 1 0 0 0 0 0 0 0 0 0 0 0 0 0 0 0 0 0 0 0 1 1 0 0 1 0 1 0 1 0 0 1 0 1 0 0 0 0 0 0 1 1 1 0 0 0 1 0 0 0 0 0 1 0 0 1 0 0 1 1 0 0 0 0 0 1 1 0 1 1 0 0 0 0 0 0 0 0 1 0 0 0 0 0 1 0 0 1 0 0 0 0 1 0 0 0 0 0 0 0 0 1 0 0 0 0 1 0 0 0 1 0 1 0 0 1 0 0 0 0 0 1 1 0 0 0 0 0 0 0 0 0 0 0 0 0 0 0 0 0 
Picked Items (item,city) = (1 , 2) (3 , 4) (7 , 8) (12 , 13) (15 , 16) (17 , 18) (18 , 19) (21 , 22) (23 , 24) (27 , 28) (30 , 31) (33 , 34) (36 , 37) (41 , 42) (48 , 49) (51 , 52) (53 , 54) (54 , 55) (59 , 60) (63 , 64) (74 , 75) (75 , 76) (77 , 78) (83 , 84) (87 , 88) (88 , 89) (102 , 103) (104 , 105) (106 , 107) (108 , 109) (110 , 111) (114 , 115) (117 , 118) (125 , 126) (126 , 127) (132 , 133) (136 , 137) (140 , 141) (160 , 161) (161 , 162) (164 , 165) (166 , 167) (168 , 169) (171 , 172) (173 , 174) (180 , 181) (181 , 182) (182 , 183) (186 , 187) (192 , 193) (195 , 196) (198 , 199) (199 , 200) (205 , 206) (206 , 207) (208 , 209) (209 , 210) (218 , 219) (224 , 225) (227 , 228) (232 , 233) (241 , 242) (246 , 247) (250 , 251) (252 , 253) (255 , 256) (261 , 262) (262 , 263) 

Travel Time: 5145.3229776940479496; Profit: 44448; TSP Distance : 2769.5091300000003685; Weight: 11866 / 12718; 0000000
TSP Tour = 1 3 279 278 277 276 275 274 273 272 271 270 269 268 267 266 265 264 263 262 261 260 259 258 257 256 255 254 253 252 251 250 249 248 247 246 245 244 243 242 241 240 239 238 237 236 235 234 233 232 231 230 229 228 227 226 225 224 223 222 221 220 219 218 217 216 215 214 213 212 211 210 209 208 207 206 205 204 203 202 201 200 199 198 197 196 195 194 193 192 191 190 189 188 187 186 185 184 183 182 181 180 179 150 149 148 147 146 145 144 143 142 141 140 139 138 137 136 135 134 133 132 131 130 129 128 21 127 126 125 124 123 122 121 154 155 153 156 152 151 178 177 176 175 161 162 163 164 165 166 167 168 169 170 171 172 173 174 160 159 158 157 119 120 118 117 116 115 114 113 112 111 110 109 108 107 106 105 104 103 102 101 100 99 98 97 96 95 94 93 92 91 90 89 88 87 86 85 84 83 82 81 80 79 78 77 76 75 74 73 72 71 70 69 68 67 66 65 64 63 62 61 60 59 58 57 56 55 54 53 52 51 50 49 48 47 46 45 44 43 42 41 40 39 38 37 36 35 34 33 32 31 30 29 28 27 26 22 25 23 24 20 19 18 17 16 15 14 13 12 11 10 9 8 7 6 5 4 280 2 1
Knapsack Array = 1 0 1 0 0 0 1 0 0 0 0 1 0 0 1 0 1 1 0 0 1 0 1 0 0 0 1 0 0 1 0 0 1 0 0 1 0 0 0 0 1 0 0 0 0 0 0 1 0 0 1 0 1 1 0 0 0 0 1 0 0 0 1 0 0 0 0 0 0 0 0 0 0 1 1 0 1 0 0 0 0 0 1 0 0 0 1 1 0 0 0 0 0 0 0 0 0 0 0 0 0 1 0 1 0 1 0 1 0 1 0 0 0 1 0 0 1 0 0 0 0 0 0 0 1 1 0 0 0 0 0 1 0 0 0 1 0 0 0 1 0 0 0 0 0 0 0 0 0 0 0 1 1 0 0 0 0 0 0 1 1 0 0 1 0 1 0 1 0 0 1 0 1 0 0 0 0 0 0 0 0 0 0 0 0 1 0 0 0 0 0 1 0 0 1 0 0 1 1 0 0 0 0 0 1 1 0 1 1 0 0 0 0 0 0 0 0 1 0 0 0 0 0 1 0 0 1 0 0 0 0 1 0 0 0 0 0 0 0 0 1 0 0 0 0 1 0 0 0 1 0 1 0 0 1 0 0 0 0 0 1 1 0 0 0 0 0 0 0 0 0 0 1 0 1 1 0 0 1 
Picked Items (item,city) = (1 , 2) (3 , 4) (7 , 8) (12 , 13) (15 , 16) (17 , 18) (18 , 19) (21 , 22) (23 , 24) (27 , 28) (30 , 31) (33 , 34) (36 , 37) (41 , 42) (48 , 49) (51 , 52) (53 , 54) (54 , 55) (59 , 60) (63 , 64) (74 , 75) (75 , 76) (77 , 78) (83 , 84) (87 , 88) (88 , 89) (102 , 103) (104 , 105) (106 , 107) (108 , 109) (110 , 111) (114 , 115) (117 , 118) (125 , 126) (126 , 127) (132 , 133) (136 , 137) (140 , 141) (152 , 153) (153 , 154) (160 , 161) (161 , 162) (164 , 165) (166 , 167) (168 , 169) (171 , 172) (173 , 174) (186 , 187) (192 , 193) (195 , 196) (198 , 199) (199 , 200) (205 , 206) (206 , 207) (208 , 209) (209 , 210) (218 , 219) (224 , 225) (227 , 228) (232 , 233) (241 , 242) (246 , 247) (250 , 251) (252 , 253) (255 , 256) (261 , 262) (262 , 263) (273 , 274) (275 , 276) (276 , 277) (279 , 280) 

Travel Time: 2738.8067220233097032; Profit: 7514; TSP Distance : 2587.9299300000006951; Weight: 1733 / 12718; 0000000
TSP Tour = 1 2 242 243 241 240 239 238 237 236 235 234 233 232 231 246 245 244 247 250 251 230 229 228 227 226 225 224 223 222 221 220 219 218 217 216 215 214 213 212 211 210 207 206 205 204 203 202 201 198 197 196 195 194 193 192 191 190 189 188 187 186 185 184 183 182 181 176 180 179 150 178 177 151 152 156 153 155 154 129 128 127 126 30 125 124 123 122 121 120 119 157 158 159 160 175 161 162 163 164 165 166 167 168 169 170 172 171 173 174 107 106 105 104 103 102 101 100 99 98 97 96 95 94 93 92 91 90 89 109 108 110 111 114 113 112 88 87 84 83 82 81 80 79 78 77 75 76 74 73 72 71 70 67 69 68 58 57 56 55 54 53 52 51 50 49 48 47 46 45 44 59 63 64 65 66 85 86 116 115 117 118 62 61 60 43 42 41 40 39 38 37 36 35 34 33 32 31 29 28 27 26 22 25 23 24 14 15 13 12 11 10 9 8 7 6 5 4 277 276 275 274 273 272 271 16 17 18 19 20 21 130 131 132 133 134 270 269 135 136 268 267 137 138 139 149 148 147 146 145 199 200 144 143 142 141 140 266 265 264 263 262 261 260 259 258 257 254 253 208 209 252 255 256 249 248 278 279 3 280 1
Knapsack Array = 0 0 0 0 0 0 0 0 0 0 0 0 0 0 0 0 0 0 0 0 0 0 0 0 0 0 0 0 0 0 0 0 0 0 0 0 0 0 0 0 0 0 0 0 0 0 0 0 0 0 0 0 0 0 0 0 0 0 0 0 0 0 0 0 0 0 0 0 0 0 0 0 0 0 0 0 0 0 0 0 0 0 0 0 0 0 0 0 0 0 0 0 0 0 0 0 0 0 0 0 0 0 0 0 0 0 0 0 0 0 0 0 0 0 0 0 0 0 0 0 0 0 0 0 0 0 0 0 0 0 0 0 0 0 0 0 0 0 0 0 0 0 0 0 0 0 0 0 0 0 0 0 0 0 0 0 0 0 0 0 0 0 0 0 0 0 0 0 0 0 0 0 0 0 0 0 0 0 0 0 0 0 0 0 0 0 0 0 0 0 0 0 0 0 0 0 0 0 0 0 0 0 0 0 0 0 0 0 0 0 0 0 0 0 0 0 0 0 0 0 0 0 0 0 0 0 0 0 0 0 0 1 0 0 0 0 0 0 0 0 1 0 0 0 0 1 0 0 0 1 0 1 0 0 1 0 0 0 0 0 1 1 0 0 0 0 0 0 0 0 0 0 1 0 1 1 0 0 1 
Picked Items (item,city) = (232 , 233) (241 , 242) (246 , 247) (250 , 251) (252 , 253) (255 , 256) (261 , 262) (262 , 263) (273 , 274) (275 , 276) (276 , 277) (279 , 280) 

Travel Time: 2619.4680541528496178; Profit: 6759; TSP Distance : 2587.9299300000006951; Weight: 974 / 12718; 0000000
TSP Tour = 1 2 242 243 241 240 239 238 237 236 235 234 233 232 231 246 245 244 247 250 251 230 229 228 227 226 225 224 223 222 221 220 219 218 217 216 215 214 213 212 211 210 207 206 205 204 203 202 201 198 197 196 195 194 193 192 191 190 189 188 187 186 185 184 183 182 181 176 180 179 150 178 177 151 152 156 153 155 154 129 128 127 126 30 125 124 123 122 121 120 119 157 158 159 160 175 161 162 163 164 165 166 167 168 169 170 172 171 173 174 107 106 105 104 103 102 101 100 99 98 97 96 95 94 93 92 91 90 89 109 108 110 111 114 113 112 88 87 84 83 82 81 80 79 78 77 75 76 74 73 72 71 70 67 69 68 58 57 56 55 54 53 52 51 50 49 48 47 46 45 44 59 63 64 65 66 85 86 116 115 117 118 62 61 60 43 42 41 40 39 38 37 36 35 34 33 32 31 29 28 27 26 22 25 23 24 14 15 13 12 11 10 9 8 7 6 5 4 277 276 275 274 273 272 271 16 17 18 19 20 21 130 131 132 133 134 270 269 135 136 268 267 137 138 139 149 148 147 146 145 199 200 144 143 142 141 140 266 265 264 263 262 261 260 259 258 257 254 253 208 209 252 255 256 249 248 278 279 3 280 1
Knapsack Array = 0 0 0 0 0 0 0 0 0 0 0 0 0 0 0 0 0 0 0 0 0 0 0 0 0 0 0 0 0 0 0 0 0 0 0 0 0 0 0 0 0 0 0 0 0 0 0 0 0 0 0 0 0 0 0 0 0 0 0 0 0 0 0 0 0 0 0 0 0 0 0 0 0 0 0 0 0 0 0 0 0 0 0 0 0 0 0 0 0 0 0 0 0 0 0 0 0 0 0 0 0 0 0 0 0 0 0 0 0 0 0 0 0 0 0 0 0 0 0 0 0 0 0 0 0 0 0 0 0 0 0 0 0 0 0 0 0 0 0 0 0 0 0 0 0 0 0 0 0 0 0 0 0 0 0 0 0 0 0 1 1 0 0 0 0 0 0 0 0 0 0 0 0 0 0 0 0 0 0 0 0 0 0 0 0 0 0 0 0 0 0 0 0 0 0 0 0 0 0 0 0 0 0 0 0 0 0 0 0 0 0 0 0 0 0 0 0 0 0 0 0 0 0 0 0 0 0 0 0 0 0 0 0 0 0 0 0 0 0 0 0 0 0 0 0 0 0 0 0 0 0 0 0 0 1 0 0 0 0 0 1 1 0 0 0 0 0 0 0 0 0 0 1 0 1 1 0 0 1 
Picked Items (item,city) = (160 , 161) (161 , 162) (255 , 256) (261 , 262) (262 , 263) (273 , 274) (275 , 276) (276 , 277) (279 , 280) 

Travel Time: 2607.3936185908282823; Profit: 4965; TSP Distance : 2587.9299300000006951; Weight: 876 / 12718; 0000000
TSP Tour = 1 2 242 243 241 240 239 238 237 236 235 234 233 232 231 246 245 244 247 250 251 230 229 228 227 226 225 224 223 222 221 220 219 218 217 216 215 214 213 212 211 210 207 206 205 204 203 202 201 198 197 196 195 194 193 192 191 190 189 188 187 186 185 184 183 182 181 176 180 179 150 178 177 151 152 156 153 155 154 129 128 127 126 30 125 124 123 122 121 120 119 157 158 159 160 175 161 162 163 164 165 166 167 168 169 170 172 171 173 174 107 106 105 104 103 102 101 100 99 98 97 96 95 94 93 92 91 90 89 109 108 110 111 114 113 112 88 87 84 83 82 81 80 79 78 77 75 76 74 73 72 71 70 67 69 68 58 57 56 55 54 53 52 51 50 49 48 47 46 45 44 59 63 64 65 66 85 86 116 115 117 118 62 61 60 43 42 41 40 39 38 37 36 35 34 33 32 31 29 28 27 26 22 25 23 24 14 15 13 12 11 10 9 8 7 6 5 4 277 276 275 274 273 272 271 16 17 18 19 20 21 130 131 132 133 134 270 269 135 136 268 267 137 138 139 149 148 147 146 145 199 200 144 143 142 141 140 266 265 264 263 262 261 260 259 258 257 254 253 208 209 252 255 256 249 248 278 279 3 280 1
Knapsack Array = 0 0 0 0 0 0 0 0 0 0 0 0 0 0 0 0 0 0 0 0 0 0 0 0 0 0 0 0 0 0 0 0 0 0 0 0 0 0 0 0 0 0 0 0 0 0 0 0 0 0 0 0 0 0 0 0 0 0 0 0 0 0 0 0 0 0 0 0 0 0 0 0 0 0 0 0 0 0 0 0 0 0 0 0 0 0 0 0 0 0 0 0 0 0 0 0 0 0 0 0 0 0 0 0 0 0 0 0 0 0 0 0 0 0 0 0 0 0 0 0 0 0 0 0 0 0 0 0 0 0 0 0 0 0 0 0 0 0 0 0 0 0 0 0 0 0 0 0 0 0 0 0 0 0 0 0 0 0 0 0 0 0 0 0 0 0 0 0 0 0 0 0 0 0 0 0 0 0 0 0 0 0 0 0 0 0 0 0 0 0 0 0 0 0 0 0 0 0 0 0 0 0 0 0 0 0 0 0 0 0 0 0 0 0 0 0 0 0 0 0 0 0 0 0 0 0 0 0 0 0 0 0 0 0 0 0 0 0 0 0 0 0 0 0 0 0 0 0 0 0 0 0 0 0 1 0 0 0 0 0 1 1 0 0 0 0 0 0 0 0 0 0 1 0 1 1 0 0 1 
Picked Items (item,city) = (255 , 256) (261 , 262) (262 , 263) (273 , 274) (275 , 276) (276 , 277) (279 , 280) 


Pareto (Travel Time; Profit; IsValid)

3029.1734178173842338 ; 18814; 0000000
2588.8460626965143092 ; 1489; 0000000
3219.6427243208422624 ; 25347; 0000000
3936.0193171228033862 ; 35138; 0000000
3281.2159958686834216 ; 25964; 0000000
2587.9299300000006951 ; 0; 0000000
3371.8507730728756542 ; 28893; 0000000
3664.4110899753100057 ; 34979; 0000000
3427.1012462255894206 ; 31025; 0000000
2986.0245654980135441 ; 17729; 0000000
3947.33796658201436 ; 37302; 0000000
3113.3837029883989089 ; 20958; 0000000
3135.1576335262911925 ; 22761; 0000000
3411.3587344602601661 ; 30325; 0000000
3587.8381076076670979 ; 33419; 0000000
6124.4498542129740599 ; 45761; 0000000
5640.1695073883647638 ; 45202; 0000000
5969.7544709693138429 ; 45511; 0000000
3148.1691316308147179 ; 22874; 0000000
4298.0345124720997774 ; 40241; 0000000
4083.8659795930902874 ; 38524; 0000000
3492.0017270512362302 ; 32180; 0000000
2886.4986141814842995 ; 13189; 0000000
2915.9459655463351737 ; 15035; 0000000
2605.2684467508956914 ; 2508; 0000000
3007.1400657564108769 ; 18488; 0000000
3083.2753084879054768 ; 20201; 0000000
2994.6204347539737682 ; 18210; 0000000
2821.4875875350780916 ; 10432; 0000000
2931.215204717146662 ; 17092; 0000000
5121.5031413973738381 ; 41927; 0000000
5145.3229776940479496 ; 44448; 0000000
2738.8067220233097032 ; 7514; 0000000
2619.4680541528496178 ; 6759; 0000000
2607.3936185908282823 ; 4965; 0000000
