Travel Time: 7544.3659000000006927; Profit: 0; TSP Distance : 7544.3659000000006927; Weight: 0 / 68614; 0000000
TSP Tour = 1 22 31 18 3 17 21 42 7 2 30 23 20 50 29 16 46 44 34 35 36 39 40 37 38 48 24 5 15 6 4 25 12 28 27 26 47 13 14 52 11 51 33 43 10 9 8 41 19 45 32 49 1
Knapsack Array = 0 0 0 0 0 0 0 0 0 0 0 0 0 0 0 0 0 0 0 0 0 0 0 0 0 0 0 0 0 0 0 0 0 0 0 0 0 0 0 0 0 0 0 0 0 0 0 0 0 0 0 0 0 0 0 0 0 0 0 0 0 0 0 0 0 0 0 0 0 0 0 0 0 0 0 0 0 0 0 0 0 0 0 0 0 0 0 0 0 0 0 0 0 0 0 0 0 0 0 0 0 0 0 0 0 0 0 0 0 0 0 0 0 0 0 0 0 0 0 0 0 0 0 0 0 0 0 0 0 0 0 0 0 0 0 0 0 0 0 0 0 0 0 0 0 0 0 0 0 0 0 0 0 0 0 0 0 0 0 0 0 0 0 0 0 0 0 0 0 0 0 0 0 0 0 0 0 0 0 0 0 0 0 0 0 0 0 0 0 0 0 0 0 0 0 0 0 0 0 0 0 0 0 0 0 0 0 0 0 0 0 0 0 0 0 0 0 0 0 0 0 0 0 0 0 0 0 0 0 0 0 0 0 0 0 0 0 0 0 0 0 0 0 0 0 0 0 0 0 0 0 0 0 0 0 0 0 0 0 0 0 0 0 0 0 0 0 0 0 0 0 0 0 0 0 0 0 0 0 0 0 0 0 0 0 0 0 0 0 0 0 0 0 0 0 0 0 0 0 0 0 0 0 0 0 0 0 0 0 0 0 0 0 0 0 0 0 0 0 0 0 0 0 0 0 0 0 0 0 0 0 0 0 0 0 0 0 0 0 0 0 0 0 0 0 0 0 0 0 0 0 0 0 0 0 0 0 0 0 0 0 0 0 0 0 0 0 0 0 0 0 0 0 0 0 0 0 0 0 0 0 0 0 0 0 0 0 0 0 0 0 0 0 0 0 0 0 0 0 0 0 0 0 0 0 0 0 0 0 0 0 0 0 0 0 0 0 0 0 0 0 0 0 0 0 0 0 0 0 0 0 0 0 0 0 0 0 0 0 0 0 0 0 0 0 0 0 0 0 0 0 0 0 0 0 0 0 0 0 0 0 0 0 0 0 0 0 0 0 0 0 0 0 0 0 0 0 0 0 0 0 0 0 0 0 0 0 0 0 0 0 0 0 0 0 0 0 0 0 0 0 0 0 0 0 0 0 0 0 0 
Picked Items (item,city) = 

Travel Time: 7745.0506397540721082; Profit: 9995; TSP Distance : 7544.3659000000006927; Weight: 4442 / 68614; 0000000
TSP Tour = 1 22 31 18 3 17 21 42 7 2 30 23 20 50 29 16 46 44 34 35 36 39 40 37 38 48 24 5 15 6 4 25 12 28 27 26 47 13 14 52 11 51 33 43 10 9 8 41 19 45 32 49 1
Knapsack Array = 0 0 0 0 0 0 0 0 0 0 0 0 0 0 0 0 0 0 0 0 0 0 0 0 0 0 0 0 0 0 0 0 0 0 0 0 0 0 0 0 0 0 0 0 0 0 0 0 0 0 0 0 0 0 0 0 0 0 0 0 0 0 0 0 0 0 0 0 0 0 0 0 0 0 0 0 0 0 0 0 0 0 0 0 0 0 0 0 0 0 0 0 0 0 0 0 0 0 0 0 0 0 0 0 0 0 0 0 0 0 0 0 0 0 0 0 0 0 0 0 0 0 0 0 0 0 0 0 0 0 0 0 0 0 0 0 0 0 0 0 0 0 0 0 0 0 0 0 0 0 0 0 0 0 0 0 0 0 0 0 0 0 0 0 0 0 0 0 0 0 0 0 0 0 0 0 0 0 0 0 0 0 0 0 0 0 0 0 0 0 0 0 0 0 0 0 0 0 0 0 0 0 0 0 0 0 0 0 0 0 0 0 0 0 0 0 0 0 0 0 0 0 0 0 0 0 0 0 0 0 0 0 0 0 0 0 0 0 0 0 0 0 0 0 0 0 0 0 0 0 0 0 0 0 0 0 0 0 0 0 0 0 0 0 0 0 0 0 0 0 0 0 0 0 0 0 0 0 0 0 0 0 0 0 0 0 0 0 0 0 0 0 0 0 0 0 0 0 0 0 0 0 0 0 0 0 0 0 0 0 0 0 0 0 0 0 0 0 0 0 0 0 0 0 0 0 0 0 0 0 0 0 0 0 0 0 0 0 0 0 0 0 0 0 0 0 0 0 0 0 0 0 0 0 0 0 0 0 0 0 0 0 0 0 0 0 0 0 0 0 0 0 0 0 0 0 0 0 0 0 0 0 0 0 0 0 0 0 0 0 0 0 0 0 0 0 0 0 0 0 0 0 0 0 0 0 0 0 0 0 0 0 0 0 0 0 0 0 0 0 0 0 0 0 0 0 0 0 0 0 0 0 0 0 0 0 0 0 0 0 0 0 0 0 0 0 0 0 0 0 0 0 0 0 0 0 0 0 0 0 0 0 0 0 0 0 0 0 0 0 0 0 0 0 0 0 0 0 0 0 0 0 0 0 0 1 0 1 1 1 1 1 0 0 1 0 1 1 0 1 1 0 1 1 0 1 0 0 1 0 
Picked Items (item,city) = (486 , 28) (488 , 30) (489 , 31) (490 , 32) (491 , 33) (492 , 34) (495 , 37) (497 , 39) (498 , 40) (500 , 42) (501 , 43) (503 , 45) (504 , 46) (506 , 48) (509 , 51) 

Travel Time: 8827.5858913812335231; Profit: 60516; TSP Distance : 7544.3659000000016022; Weight: 28693 / 68614; 0000000
TSP Tour = 1 49 32 45 19 41 8 9 10 43 33 51 11 52 14 13 47 26 27 28 12 25 4 6 15 5 24 48 38 37 40 39 36 35 34 44 46 16 29 50 20 23 30 2 7 42 21 17 3 18 31 22 1
Knapsack Array = 0 0 0 0 0 0 0 0 0 0 0 0 0 0 0 0 0 0 0 0 0 0 0 0 0 0 0 0 0 0 0 0 0 0 0 0 0 0 0 0 0 0 0 0 0 0 0 0 0 0 0 0 0 0 0 0 0 0 0 0 0 0 0 0 0 0 0 0 0 0 0 0 0 0 0 0 0 0 0 0 0 0 0 0 0 0 0 0 0 0 0 0 0 0 0 0 0 0 0 0 0 0 0 0 0 0 0 0 0 0 0 0 0 0 0 0 0 0 0 0 0 0 0 0 0 0 0 0 0 0 0 0 0 0 0 0 0 0 0 0 0 0 0 0 0 0 0 0 0 0 0 0 0 0 0 0 0 0 0 0 0 0 0 0 0 0 0 0 0 0 0 0 0 0 0 0 0 0 0 0 0 0 0 0 0 1 0 0 0 0 0 1 1 0 0 0 0 1 1 0 0 0 0 0 1 1 0 1 1 1 0 0 0 0 0 0 0 1 1 1 1 0 0 1 1 0 1 0 0 0 0 1 1 0 0 0 0 0 0 0 1 0 0 0 1 1 0 0 0 1 0 1 0 0 1 0 1 0 0 0 1 1 0 0 0 0 0 0 0 0 1 0 1 1 1 1 1 0 1 1 0 0 0 1 1 0 0 1 0 1 0 0 1 0 1 1 1 0 0 1 0 1 0 0 1 1 1 1 1 0 1 0 0 0 1 1 0 1 0 0 0 1 0 0 0 0 1 0 0 1 0 0 0 1 1 0 0 1 0 0 0 1 1 1 1 0 0 0 0 1 0 0 1 0 0 0 1 1 0 1 0 1 0 0 1 0 1 1 0 1 1 1 1 1 0 1 1 1 1 1 1 1 1 0 0 1 1 1 1 0 0 0 0 0 0 0 0 0 0 0 0 0 0 0 0 0 0 0 0 0 0 0 0 0 0 0 0 0 0 0 0 0 0 0 0 0 0 0 0 0 0 0 0 0 0 0 0 0 0 0 0 0 0 0 0 0 0 0 0 0 0 0 0 0 0 0 0 0 0 0 0 0 0 0 0 0 0 0 0 0 0 0 0 0 0 0 0 0 0 0 0 0 0 0 0 0 0 0 0 0 0 0 0 0 0 0 0 0 0 0 0 0 0 0 0 0 0 0 0 0 
Picked Items (item,city) = (186 , 34) (192 , 40) (193 , 41) (198 , 46) (199 , 47) (205 , 2) (206 , 3) (208 , 5) (209 , 6) (210 , 7) (218 , 15) (219 , 16) (220 , 17) (221 , 18) (224 , 21) (225 , 22) (227 , 24) (232 , 29) (233 , 30) (241 , 38) (245 , 42) (246 , 43) (250 , 47) (252 , 49) (255 , 52) (257 , 3) (261 , 7) (262 , 8) (271 , 17) (273 , 19) (274 , 20) (275 , 21) (276 , 22) (277 , 23) (279 , 25) (280 , 26) (284 , 30) (285 , 31) (288 , 34) (290 , 36) (293 , 39) (295 , 41) (296 , 42) (297 , 43) (300 , 46) (302 , 48) (305 , 51) (306 , 52) (307 , 2) (308 , 3) (309 , 4) (311 , 6) (315 , 10) (316 , 11) (318 , 13) (322 , 17) (327 , 22) (330 , 25) (334 , 29) (335 , 30) (338 , 33) (342 , 37) (343 , 38) (344 , 39) (345 , 40) (350 , 45) (353 , 48) (357 , 52) (358 , 2) (360 , 4) (362 , 6) (365 , 9) (367 , 11) (368 , 12) (370 , 14) (371 , 15) (372 , 16) (373 , 17) (374 , 18) (376 , 20) (377 , 21) (378 , 22) (379 , 23) (380 , 24) (381 , 25) (382 , 26) (383 , 27) (386 , 30) (387 , 31) (388 , 32) (389 , 33) 

Travel Time: 14793.591163169812717; Profit: 138235; TSP Distance : 7544.3659000000016022; Weight: 64248 / 68614; 0000000
TSP Tour = 1 49 32 45 19 41 8 9 10 43 33 51 11 52 14 13 47 26 27 28 12 25 4 6 15 5 24 48 38 37 40 39 36 35 34 44 46 16 29 50 20 23 30 2 7 42 21 17 3 18 31 22 1
Knapsack Array = 0 0 0 0 0 0 1 1 0 1 1 1 0 0 1 0 1 1 0 0 1 0 1 1 1 0 1 0 0 1 0 0 1 0 0 1 0 0 0 0 1 1 0 0 1 0 0 1 0 0 1 0 1 1 0 0 0 0 1 0 0 0 1 0 1 0 0 0 0 0 1 1 1 1 1 0 1 0 0 0 0 0 1 0 0 0 1 1 0 0 0 0 0 0 0 0 1 0 0 1 0 1 1 1 0 1 0 1 0 1 0 0 1 1 0 0 1 0 0 1 0 0 0 1 1 1 0 0 1 0 0 1 0 1 1 1 1 1 0 1 1 1 0 0 1 0 0 0 0 0 0 1 1 0 0 1 0 1 0 1 1 0 1 1 0 1 0 1 0 0 1 1 1 1 0 1 0 0 0 1 1 1 0 0 0 1 0 0 0 0 0 1 1 0 1 0 0 1 1 0 0 0 0 0 1 1 0 1 1 1 0 0 0 0 0 0 0 1 1 0 0 0 0 1 0 0 1 0 0 0 0 1 0 0 0 0 0 0 0 0 1 0 0 0 0 1 0 0 0 1 0 1 0 0 1 0 1 0 1 0 1 1 0 0 0 0 0 0 0 0 1 0 1 1 1 1 1 0 1 1 0 0 0 1 1 0 0 1 0 1 1 0 1 0 1 1 1 0 0 1 0 0 0 0 0 0 0 0 0 0 0 0 0 0 0 0 0 0 0 0 0 1 0 0 0 0 1 0 1 1 0 0 0 1 1 0 0 1 0 0 0 1 1 1 1 0 0 0 0 1 0 0 1 0 0 0 1 1 0 1 0 1 0 0 1 0 1 1 0 1 1 0 1 1 1 1 1 1 0 1 1 1 1 0 0 1 1 1 1 0 0 0 0 0 1 1 1 0 1 1 0 0 1 0 0 1 0 0 1 1 1 1 1 1 0 0 1 0 0 0 1 0 1 0 0 0 1 0 1 0 1 0 1 0 0 0 1 1 0 1 1 1 0 1 0 0 0 0 1 1 0 1 0 0 0 1 1 1 1 0 1 1 1 1 0 1 0 0 1 0 0 1 0 1 1 0 0 1 1 1 0 0 0 0 0 1 0 1 1 1 1 1 0 1 1 0 1 1 0 1 1 0 1 1 0 0 0 0 0 0 
Picked Items (item,city) = (7 , 8) (8 , 9) (10 , 11) (11 , 12) (12 , 13) (15 , 16) (17 , 18) (18 , 19) (21 , 22) (23 , 24) (24 , 25) (25 , 26) (27 , 28) (30 , 31) (33 , 34) (36 , 37) (41 , 42) (42 , 43) (45 , 46) (48 , 49) (51 , 52) (53 , 3) (54 , 4) (59 , 9) (63 , 13) (65 , 15) (71 , 21) (72 , 22) (73 , 23) (74 , 24) (75 , 25) (77 , 27) (83 , 33) (87 , 37) (88 , 38) (97 , 47) (100 , 50) (102 , 52) (103 , 2) (104 , 3) (106 , 5) (108 , 7) (110 , 9) (113 , 12) (114 , 13) (117 , 16) (120 , 19) (124 , 23) (125 , 24) (126 , 25) (129 , 28) (132 , 31) (134 , 33) (135 , 34) (136 , 35) (137 , 36) (138 , 37) (140 , 39) (141 , 40) (142 , 41) (145 , 44) (152 , 51) (153 , 52) (156 , 4) (158 , 6) (160 , 8) (161 , 9) (163 , 11) (164 , 12) (166 , 14) (168 , 16) (171 , 19) (172 , 20) (173 , 21) (174 , 22) (176 , 24) (180 , 28) (181 , 29) (182 , 30) (186 , 34) (192 , 40) (193 , 41) (195 , 43) (198 , 46) (199 , 47) (205 , 2) (206 , 3) (208 , 5) (209 , 6) (210 , 7) (218 , 15) (219 , 16) (224 , 21) (227 , 24) (232 , 29) (241 , 38) (246 , 43) (250 , 47) (252 , 49) (255 , 52) (257 , 3) (259 , 5) (261 , 7) (262 , 8) (271 , 17) (273 , 19) (274 , 20) (275 , 21) (276 , 22) (277 , 23) (279 , 25) (280 , 26) (284 , 30) (285 , 31) (288 , 34) (290 , 36) (291 , 37) (293 , 39) (295 , 41) (296 , 42) (297 , 43) (300 , 46) (322 , 17) (327 , 22) (329 , 24) (330 , 25) (334 , 29) (335 , 30) (338 , 33) (342 , 37) (343 , 38) (344 , 39) (345 , 40) (350 , 45) (353 , 48) (357 , 52) (358 , 2) (360 , 4) (362 , 6) (365 , 9) (367 , 11) (368 , 12) (370 , 14) (371 , 15) (373 , 17) (374 , 18) (375 , 19) (376 , 20) (377 , 21) (378 , 22) (380 , 24) (381 , 25) (382 , 26) (383 , 27) (386 , 30) (387 , 31) (388 , 32) (389 , 33) (395 , 39) (396 , 40) (397 , 41) (399 , 43) (400 , 44) (403 , 47) (406 , 50) (409 , 2) (410 , 3) (411 , 4) (412 , 5) (413 , 6) (414 , 7) (417 , 10) (421 , 14) (423 , 16) (427 , 20) (429 , 22) (431 , 24) (433 , 26) (437 , 30) (438 , 31) (440 , 33) (441 , 34) (442 , 35) (444 , 37) (449 , 42) (450 , 43) (452 , 45) (456 , 49) (457 , 50) (458 , 51) (459 , 52) (461 , 3) (462 , 4) (463 , 5) (464 , 6) (466 , 8) (469 , 11) (472 , 14) (474 , 16) (475 , 17) (478 , 20) (479 , 21) (480 , 22) (486 , 28) (488 , 30) (489 , 31) (490 , 32) (491 , 33) (492 , 34) (494 , 36) (495 , 37) (497 , 39) (498 , 40) (500 , 42) (501 , 43) (503 , 45) (504 , 46) 

Travel Time: 7733.388996212613165; Profit: 9355; TSP Distance : 7544.3659000000006927; Weight: 4556 / 68614; 0000000
TSP Tour = 1 22 31 18 3 17 21 42 7 2 30 23 20 50 29 16 46 44 34 35 36 39 40 37 38 48 24 5 15 6 4 25 12 28 27 26 47 13 14 52 11 51 33 43 10 9 8 41 19 45 32 49 1
Knapsack Array = 0 0 0 0 0 0 0 0 0 0 0 0 0 0 0 0 0 0 0 0 0 0 0 0 0 0 1 0 0 1 1 0 1 0 0 1 0 0 0 1 1 1 0 0 1 0 0 1 0 0 1 0 1 1 0 0 0 0 0 0 0 0 0 0 0 0 0 0 0 0 0 0 0 0 0 0 0 0 0 0 0 0 0 0 0 0 0 0 0 0 0 0 0 0 0 0 0 0 0 0 0 0 0 0 0 0 0 0 0 0 0 0 0 0 0 0 0 0 0 0 0 0 0 0 0 0 0 0 0 0 0 0 0 0 0 0 0 0 0 0 0 0 0 0 0 0 0 0 0 0 0 0 0 0 0 0 0 0 0 0 0 0 0 0 0 0 0 0 0 0 0 0 0 0 0 0 0 0 0 0 0 0 0 0 0 0 0 0 0 0 0 0 0 0 0 0 0 0 0 0 0 0 0 0 0 0 0 0 0 0 0 0 0 0 0 0 0 0 0 0 0 0 0 0 0 0 0 0 0 0 0 0 0 0 0 0 0 0 0 0 0 0 0 0 0 0 0 0 0 0 0 0 0 0 0 0 0 0 0 0 0 0 0 0 0 0 0 0 0 0 0 0 0 0 0 0 0 0 0 0 0 0 0 0 0 0 0 0 0 0 0 0 0 0 0 0 0 0 0 0 0 0 0 0 0 0 0 0 0 0 0 0 0 0 0 0 0 0 0 0 0 0 0 0 0 0 0 0 0 0 0 0 0 0 0 0 0 0 0 0 0 0 0 0 0 0 0 0 0 0 0 0 0 0 0 0 0 0 0 0 0 0 0 0 0 0 0 0 0 0 0 0 0 0 0 0 0 0 0 0 0 0 0 0 0 0 0 0 0 0 0 0 0 0 0 0 0 0 0 0 0 0 0 0 0 0 0 0 0 0 0 0 0 0 0 0 0 0 0 0 0 0 0 0 0 0 0 0 0 0 0 0 0 0 0 0 0 0 0 0 0 0 0 0 0 0 0 0 0 0 0 0 0 0 0 0 0 0 0 0 0 0 0 0 0 0 0 0 0 0 0 0 0 0 0 0 0 0 0 0 0 0 0 0 0 0 0 0 0 0 0 0 0 0 0 0 0 0 0 0 0 0 0 0 0 0 0 0 0 0 
Picked Items (item,city) = (27 , 28) (30 , 31) (31 , 32) (33 , 34) (36 , 37) (40 , 41) (41 , 42) (42 , 43) (45 , 46) (48 , 49) (51 , 52) (53 , 3) (54 , 4) 

Travel Time: 10911.042854241066379; Profit: 103477; TSP Distance : 7544.3659000000016022; Weight: 48185 / 68614; 0000000
TSP Tour = 1 49 32 45 19 41 8 9 10 43 33 51 11 52 14 13 47 26 27 28 12 25 4 6 15 5 24 48 38 37 40 39 36 35 34 44 46 16 29 50 20 23 30 2 7 42 21 17 3 18 31 22 1
Knapsack Array = 0 0 0 0 0 0 0 0 0 0 0 0 0 0 0 0 0 0 0 0 0 0 0 0 0 0 0 0 0 0 0 0 0 0 0 0 0 0 0 0 0 0 0 0 0 0 0 0 0 0 0 0 0 0 0 0 0 0 0 0 0 0 0 0 0 0 0 0 0 0 0 1 1 1 1 0 1 0 0 0 0 0 1 0 0 0 1 1 1 0 0 0 0 0 0 0 1 0 0 1 0 1 1 1 1 1 0 1 0 1 0 0 1 1 0 1 1 0 0 1 0 0 0 0 1 1 0 0 1 0 0 1 0 0 0 1 0 1 0 1 1 0 0 0 1 0 0 0 0 0 1 1 1 0 0 1 0 1 0 1 1 0 0 1 0 1 1 1 0 0 1 1 1 1 0 1 0 0 0 1 1 1 0 0 0 1 0 0 1 0 0 1 0 0 1 0 0 1 1 0 0 1 0 0 1 1 0 1 1 1 0 0 0 0 0 0 0 1 1 0 0 0 0 1 0 0 1 0 0 0 0 1 0 0 0 0 0 0 0 0 1 0 0 0 0 1 0 0 0 1 0 1 0 0 1 0 1 0 1 0 1 1 0 0 0 0 0 0 0 0 1 0 1 1 1 1 1 0 1 1 0 0 0 1 1 0 0 1 0 1 1 0 1 0 1 1 1 0 0 1 0 1 0 0 1 1 1 0 1 0 1 0 0 0 1 1 0 1 0 0 0 1 0 0 0 0 1 0 1 1 0 0 0 1 1 0 0 1 0 0 0 1 1 1 1 0 0 0 0 1 0 0 1 0 0 0 1 1 0 1 0 1 0 0 1 0 1 1 0 1 1 0 1 1 1 1 1 1 0 1 1 1 1 0 0 1 1 1 1 0 0 0 0 0 1 1 1 0 1 1 0 0 1 0 0 1 0 0 1 1 1 1 1 1 0 0 1 0 0 0 1 0 1 0 0 0 1 0 1 0 1 0 1 0 0 0 1 1 0 0 0 0 0 0 0 0 0 0 0 0 0 0 0 0 0 0 0 0 0 0 0 0 0 0 0 0 0 0 0 0 0 0 0 0 0 0 0 0 0 0 0 0 0 0 0 0 0 0 0 0 0 0 0 0 0 0 0 0 0 0 0 0 0 0 0 0 0 0 0 0 
Picked Items (item,city) = (72 , 22) (73 , 23) (74 , 24) (75 , 25) (77 , 27) (83 , 33) (87 , 37) (88 , 38) (89 , 39) (97 , 47) (100 , 50) (102 , 52) (103 , 2) (104 , 3) (105 , 4) (106 , 5) (108 , 7) (110 , 9) (113 , 12) (114 , 13) (116 , 15) (117 , 16) (120 , 19) (125 , 24) (126 , 25) (129 , 28) (132 , 31) (136 , 35) (138 , 37) (140 , 39) (141 , 40) (145 , 44) (151 , 50) (152 , 51) (153 , 52) (156 , 4) (158 , 6) (160 , 8) (161 , 9) (164 , 12) (166 , 14) (167 , 15) (168 , 16) (171 , 19) (172 , 20) (173 , 21) (174 , 22) (176 , 24) (180 , 28) (181 , 29) (182 , 30) (186 , 34) (189 , 37) (192 , 40) (195 , 43) (198 , 46) (199 , 47) (202 , 50) (205 , 2) (206 , 3) (208 , 5) (209 , 6) (210 , 7) (218 , 15) (219 , 16) (224 , 21) (227 , 24) (232 , 29) (241 , 38) (246 , 43) (250 , 47) (252 , 49) (255 , 52) (257 , 3) (259 , 5) (261 , 7) (262 , 8) (271 , 17) (273 , 19) (274 , 20) (275 , 21) (276 , 22) (277 , 23) (279 , 25) (280 , 26) (284 , 30) (285 , 31) (288 , 34) (290 , 36) (291 , 37) (293 , 39) (295 , 41) (296 , 42) (297 , 43) (300 , 46) (302 , 48) (305 , 51) (306 , 52) (307 , 2) (309 , 4) (311 , 6) (315 , 10) (316 , 11) (318 , 13) (322 , 17) (327 , 22) (329 , 24) (330 , 25) (334 , 29) (335 , 30) (338 , 33) (342 , 37) (343 , 38) (344 , 39) (345 , 40) (350 , 45) (353 , 48) (357 , 52) (358 , 2) (360 , 4) (362 , 6) (365 , 9) (367 , 11) (368 , 12) (370 , 14) (371 , 15) (373 , 17) (374 , 18) (375 , 19) (376 , 20) (377 , 21) (378 , 22) (380 , 24) (381 , 25) (382 , 26) (383 , 27) (386 , 30) (387 , 31) (388 , 32) (389 , 33) (395 , 39) (396 , 40) (397 , 41) (399 , 43) (400 , 44) (403 , 47) (406 , 50) (409 , 2) (410 , 3) (411 , 4) (412 , 5) (413 , 6) (414 , 7) (417 , 10) (421 , 14) (423 , 16) (427 , 20) (429 , 22) (431 , 24) (433 , 26) (437 , 30) (438 , 31) 

Travel Time: 7858.0849118753521907; Profit: 21980; TSP Distance : 7544.3659000000016022; Weight: 9455 / 68614; 0000000
TSP Tour = 1 49 32 45 19 41 8 9 10 43 33 51 11 52 14 13 47 26 27 28 12 25 4 6 15 5 24 48 38 37 40 39 36 35 34 44 46 16 29 50 20 23 30 2 7 42 21 17 3 18 31 22 1
Knapsack Array = 0 0 0 0 0 0 0 0 0 0 0 0 0 0 0 0 0 0 0 0 0 0 0 0 0 0 0 0 0 0 0 0 0 0 0 0 0 0 0 0 0 0 0 0 0 0 0 0 0 0 0 0 0 0 0 0 0 0 0 0 0 0 0 0 0 0 0 0 0 0 0 1 1 1 1 0 0 0 0 0 0 0 0 0 0 0 0 0 0 0 0 0 0 0 0 0 0 0 0 0 0 0 0 0 0 0 0 0 0 0 0 0 0 0 0 0 0 0 0 0 0 0 0 0 0 0 0 0 0 0 0 0 0 0 0 0 0 0 0 0 0 0 0 0 0 0 0 0 0 0 0 0 0 0 0 0 0 0 0 1 1 0 0 1 0 1 1 1 0 0 1 1 1 1 0 1 0 0 0 1 1 1 0 0 0 1 0 0 1 0 0 1 0 0 1 0 0 1 1 0 0 1 0 0 1 1 0 1 1 1 0 0 0 0 0 0 0 1 1 0 0 0 0 1 0 0 1 0 0 0 0 1 0 0 0 0 0 0 0 0 1 0 0 0 0 1 0 0 0 1 0 0 0 0 0 0 0 0 0 0 0 0 0 0 0 0 0 0 0 0 0 0 0 0 0 0 0 0 0 0 0 0 0 0 0 0 0 0 0 0 0 0 0 0 0 0 0 0 0 0 0 0 0 0 0 0 0 0 0 0 0 0 0 0 0 0 0 0 0 0 0 0 0 0 0 0 0 0 0 0 0 0 0 0 0 0 0 0 0 0 0 0 0 0 0 0 0 0 0 0 0 0 0 0 0 0 0 0 0 0 0 0 0 0 0 0 0 0 0 0 0 0 0 0 0 0 0 0 0 0 0 0 0 0 0 0 0 0 0 0 0 0 0 0 0 0 0 0 0 0 0 0 0 0 0 0 0 0 0 0 0 0 0 0 0 0 0 0 0 0 0 0 0 0 0 0 0 0 0 0 0 0 0 0 0 0 0 0 0 0 0 0 0 0 0 0 0 0 0 0 0 0 0 0 0 0 0 0 0 0 0 0 0 0 0 0 0 0 0 0 0 0 0 0 0 0 0 0 0 0 0 0 0 0 0 0 0 0 0 0 0 0 0 0 0 0 0 0 0 0 0 0 0 0 0 0 0 0 0 0 
Picked Items (item,city) = (72 , 22) (73 , 23) (74 , 24) (75 , 25) (160 , 8) (161 , 9) (164 , 12) (166 , 14) (167 , 15) (168 , 16) (171 , 19) (172 , 20) (173 , 21) (174 , 22) (176 , 24) (180 , 28) (181 , 29) (182 , 30) (186 , 34) (189 , 37) (192 , 40) (195 , 43) (198 , 46) (199 , 47) (202 , 50) (205 , 2) (206 , 3) (208 , 5) (209 , 6) (210 , 7) (218 , 15) (219 , 16) (224 , 21) (227 , 24) (232 , 29) (241 , 38) (246 , 43) (250 , 47) 

Travel Time: 7626.8459763014179771; Profit: 5650; TSP Distance : 7544.3659000000006927; Weight: 3436 / 68614; 0000000
TSP Tour = 1 22 31 18 3 17 21 42 7 2 30 23 20 50 29 16 46 44 34 35 36 39 40 37 38 48 24 5 15 6 4 25 12 28 27 26 47 13 14 52 11 51 33 43 10 9 8 41 19 45 32 49 1
Knapsack Array = 0 0 0 0 0 0 0 0 0 0 0 0 0 0 0 0 0 0 0 0 0 0 0 0 0 0 0 0 0 0 0 0 0 0 0 0 0 0 0 0 0 0 0 0 0 0 0 0 0 0 0 0 0 0 0 0 0 0 0 0 0 0 0 0 0 0 0 0 0 0 0 0 0 0 0 0 0 0 0 0 0 0 0 0 0 0 0 0 0 0 0 0 0 0 0 0 0 0 0 0 0 0 0 0 0 0 0 0 0 0 0 0 0 0 0 0 0 0 0 0 0 0 0 0 0 0 0 0 0 0 0 0 0 0 0 0 0 0 0 0 0 0 0 0 0 0 0 0 0 0 0 0 0 0 0 0 0 0 0 0 0 0 0 0 0 0 0 0 0 0 0 0 0 0 0 0 0 0 0 0 0 0 0 0 0 0 0 0 0 0 0 0 0 0 0 0 0 0 0 0 0 0 0 0 0 0 0 0 0 0 0 0 0 0 0 0 0 0 0 0 0 0 0 0 0 0 0 0 0 0 0 0 0 0 0 0 0 0 0 0 0 0 0 0 0 0 0 0 0 0 0 0 0 0 0 0 0 0 0 0 0 0 0 0 0 0 0 0 0 0 0 0 0 0 0 0 0 0 0 0 0 0 0 0 0 0 0 0 0 0 0 0 0 0 0 0 0 0 0 0 0 0 0 0 0 0 0 0 0 0 0 0 0 0 0 0 0 0 0 0 0 0 0 0 0 0 0 0 0 0 0 0 0 0 0 0 0 0 0 0 0 0 0 0 0 0 0 0 0 0 0 0 0 0 0 0 0 0 0 0 0 0 0 0 0 0 0 0 0 0 0 0 0 0 0 0 0 0 0 0 0 0 0 0 0 0 0 0 0 0 0 0 0 0 0 0 0 0 0 0 0 0 0 0 0 0 0 0 0 0 0 0 0 0 0 0 0 0 0 0 0 0 0 0 0 0 0 0 0 0 0 0 0 0 0 0 0 0 0 0 0 0 0 1 0 0 0 1 1 1 0 1 0 0 0 1 1 1 1 0 1 0 0 0 0 0 0 0 0 0 0 0 0 0 0 0 0 0 0 0 0 0 0 0 0 0 0 0 0 0 0 0 0 0 0 0 0 0 0 0 0 0 0 0 0 0 0 0 0 0 
Picked Items (item,city) = (444 , 37) (448 , 41) (449 , 42) (450 , 43) (452 , 45) (456 , 49) (457 , 50) (458 , 51) (459 , 52) (461 , 3) 

Travel Time: 7773.2841329374050474; Profit: 13109; TSP Distance : 7544.3659000000016022; Weight: 5333 / 68614; 0000000
TSP Tour = 1 49 32 45 19 41 8 9 10 43 33 51 11 52 14 13 47 26 27 28 12 25 4 6 15 5 24 48 38 37 40 39 36 35 34 44 46 16 29 50 20 23 30 2 7 42 21 17 3 18 31 22 1
Knapsack Array = 0 0 0 0 0 0 0 0 0 0 0 0 0 0 0 0 0 0 0 0 0 0 0 0 0 0 0 0 0 0 0 0 0 0 0 0 0 0 0 0 0 0 0 0 0 0 0 0 0 0 0 0 0 0 0 0 0 0 0 0 0 0 0 0 0 0 0 0 0 0 0 0 0 0 0 0 0 0 0 0 0 0 0 0 0 0 0 0 0 0 0 0 0 0 0 0 0 0 0 0 0 0 0 0 0 0 0 0 0 0 0 0 0 0 0 0 0 0 0 0 0 0 0 0 0 0 0 0 0 0 0 0 0 0 0 0 0 0 0 0 0 0 0 0 0 0 0 0 0 0 0 1 1 0 0 1 0 0 0 1 1 0 1 1 0 1 0 1 0 0 1 1 1 1 0 1 0 0 0 1 1 1 0 0 1 1 0 0 0 0 0 1 0 0 0 0 0 0 0 0 0 0 0 0 0 0 0 0 0 0 0 0 0 0 0 0 0 0 0 0 0 0 0 0 0 0 0 0 0 0 0 0 0 0 0 0 0 0 0 0 0 0 0 0 0 0 0 0 0 0 0 0 0 0 0 0 0 0 0 0 0 0 0 0 0 0 0 0 0 0 0 0 0 0 0 0 0 0 0 0 0 0 0 0 0 0 0 0 0 0 0 0 0 0 0 0 0 0 0 0 0 0 0 0 0 0 0 0 0 0 0 0 0 0 0 0 0 0 0 0 0 0 0 0 0 0 0 0 0 0 0 0 0 0 0 0 0 0 0 0 0 0 0 0 0 0 0 0 0 0 0 0 0 0 0 0 0 0 0 0 0 0 0 0 0 0 0 0 0 0 0 0 0 0 0 0 0 0 0 0 0 0 0 0 0 0 0 0 0 0 0 0 0 0 0 0 0 0 0 0 0 0 0 0 0 0 0 0 0 0 0 0 0 0 0 0 0 0 0 0 0 0 0 0 0 0 0 0 0 0 0 0 0 0 0 0 0 0 0 0 0 0 0 0 0 0 0 0 0 0 0 0 0 0 0 0 0 0 0 0 0 0 0 0 0 0 0 0 0 0 0 0 0 0 0 0 0 0 0 0 0 0 0 0 0 0 0 0 0 0 0 0 0 0 0 0 0 0 0 0 0 0 0 0 0 0 0 0 0 0 
Picked Items (item,city) = (152 , 51) (153 , 52) (156 , 4) (160 , 8) (161 , 9) (163 , 11) (164 , 12) (166 , 14) (168 , 16) (171 , 19) (172 , 20) (173 , 21) (174 , 22) (176 , 24) (180 , 28) (181 , 29) (182 , 30) (185 , 33) (186 , 34) (192 , 40) 

Travel Time: 7553.9865656523634243; Profit: 514; TSP Distance : 7544.3659000000006927; Weight: 382 / 68614; 0000000
TSP Tour = 1 22 31 18 3 17 21 42 7 2 30 23 20 50 29 16 46 44 34 35 36 39 40 37 38 48 24 5 15 6 4 25 12 28 27 26 47 13 14 52 11 51 33 43 10 9 8 41 19 45 32 49 1
Knapsack Array = 0 0 0 0 0 0 0 0 0 0 0 0 0 0 0 0 0 0 0 0 0 0 0 0 0 0 0 0 0 0 0 0 0 0 0 0 0 0 0 0 0 0 0 0 0 0 0 0 0 0 0 0 0 0 0 0 0 0 0 0 0 0 0 0 0 0 0 0 0 0 0 0 0 0 0 0 0 0 0 0 0 0 0 0 0 0 0 0 0 0 0 0 0 0 0 0 0 0 0 0 0 0 0 0 0 0 0 0 0 0 0 0 0 0 0 0 0 0 0 0 0 0 0 0 0 0 0 0 0 0 0 0 0 0 0 0 0 0 0 0 0 0 0 0 0 0 0 0 0 0 0 0 0 0 0 0 0 0 0 0 0 0 0 0 0 0 0 0 0 0 0 0 0 0 0 0 0 0 0 0 0 0 0 0 0 0 0 0 0 0 0 0 0 0 0 0 0 0 0 0 0 0 0 0 0 0 0 0 0 0 0 0 0 0 0 0 0 0 0 0 0 0 0 0 0 0 0 0 0 0 0 0 0 0 0 0 0 0 0 0 0 0 0 0 0 0 0 0 0 0 0 0 0 0 0 0 0 0 0 0 0 0 0 0 0 0 0 0 0 0 0 0 0 0 0 0 0 0 0 0 0 0 0 0 0 0 0 0 0 0 0 0 0 0 0 0 0 0 0 0 0 0 0 0 0 0 0 0 0 0 0 0 0 0 0 0 0 0 0 0 0 0 0 0 0 0 0 0 0 0 0 0 0 0 0 0 0 0 0 0 0 0 0 0 0 0 0 0 0 0 0 0 0 0 0 0 0 0 0 0 0 0 0 0 0 0 0 0 0 0 0 0 0 0 0 0 0 0 0 0 0 0 0 0 0 0 0 0 0 0 0 0 0 0 0 0 0 0 0 0 0 0 0 0 0 0 0 0 0 0 0 0 0 0 0 0 0 0 0 0 0 0 0 0 0 0 0 0 0 0 0 0 0 0 0 0 0 0 0 0 0 0 0 0 0 0 0 0 0 0 0 0 0 0 0 0 0 0 0 0 0 0 0 0 0 0 0 0 0 0 0 0 0 0 0 0 0 0 0 0 0 0 0 0 0 0 0 0 0 0 0 0 0 0 0 0 0 0 0 0 0 0 0 0 0 0 0 0 1 0 
Picked Items (item,city) = (509 , 51) 

Travel Time: 11605.74413767394617; Profit: 113901; TSP Distance : 7544.3659000000016022; Weight: 51147 / 68614; 0000000
TSP Tour = 1 49 32 45 19 41 8 9 10 43 33 51 11 52 14 13 47 26 27 28 12 25 4 6 15 5 24 48 38 37 40 39 36 35 34 44 46 16 29 50 20 23 30 2 7 42 21 17 3 18 31 22 1
Knapsack Array = 1 0 1 0 0 0 1 1 0 1 1 1 0 0 1 0 1 1 0 0 1 0 1 1 1 0 1 0 0 1 0 0 1 0 0 1 0 0 0 0 1 1 0 0 1 0 0 1 0 0 1 0 1 1 0 0 0 0 1 0 0 0 1 0 1 0 0 0 0 0 1 1 1 1 1 0 1 0 0 0 0 0 1 0 0 0 1 1 0 0 0 0 0 0 0 0 1 0 0 1 0 1 1 0 0 1 0 1 0 1 0 0 1 1 0 0 1 0 0 1 0 0 0 1 1 1 0 0 1 0 0 1 0 1 1 1 0 1 0 1 1 1 0 0 1 0 0 0 0 0 0 1 1 0 0 1 0 1 0 1 1 0 0 1 0 1 0 1 0 0 1 1 1 1 0 1 0 0 0 1 1 1 0 0 0 1 0 0 1 0 0 1 1 0 0 1 0 1 1 0 0 0 0 0 1 1 0 1 1 1 0 0 0 0 0 0 0 1 1 0 0 0 0 1 0 0 1 0 0 0 0 1 0 0 0 0 0 0 0 0 1 0 0 0 0 1 0 0 1 1 0 1 0 0 1 0 1 0 1 0 1 1 0 0 0 0 0 0 0 0 0 0 1 1 1 1 1 0 1 1 0 0 0 1 1 0 0 1 0 1 1 0 1 0 1 0 1 0 0 1 0 1 0 0 1 1 1 1 0 0 1 0 0 0 1 1 0 1 0 0 0 1 0 0 0 0 1 0 1 1 0 0 0 1 1 0 0 1 0 0 0 1 0 1 1 0 0 0 0 1 0 0 1 0 0 0 1 1 0 1 0 1 0 0 1 0 1 0 0 0 0 0 0 0 0 0 0 0 0 0 0 0 0 0 0 0 0 0 0 0 0 0 0 0 0 0 0 0 0 0 0 0 0 0 0 1 0 0 0 0 0 0 0 0 0 0 0 0 0 0 0 0 0 0 0 0 0 0 0 0 0 0 0 0 0 0 0 0 0 0 0 0 0 0 0 0 0 0 0 0 0 0 0 0 0 0 0 0 0 0 1 1 1 1 0 1 0 0 1 0 0 1 0 1 0 1 0 1 1 1 0 0 0 0 0 1 0 1 1 0 1 1 0 0 1 0 1 1 0 1 1 0 1 1 0 0 0 0 0 0 
Picked Items (item,city) = (1 , 2) (3 , 4) (7 , 8) (8 , 9) (10 , 11) (11 , 12) (12 , 13) (15 , 16) (17 , 18) (18 , 19) (21 , 22) (23 , 24) (24 , 25) (25 , 26) (27 , 28) (30 , 31) (33 , 34) (36 , 37) (41 , 42) (42 , 43) (45 , 46) (48 , 49) (51 , 52) (53 , 3) (54 , 4) (59 , 9) (63 , 13) (65 , 15) (71 , 21) (72 , 22) (73 , 23) (74 , 24) (75 , 25) (77 , 27) (83 , 33) (87 , 37) (88 , 38) (97 , 47) (100 , 50) (102 , 52) (103 , 2) (106 , 5) (108 , 7) (110 , 9) (113 , 12) (114 , 13) (117 , 16) (120 , 19) (124 , 23) (125 , 24) (126 , 25) (129 , 28) (132 , 31) (134 , 33) (135 , 34) (136 , 35) (138 , 37) (140 , 39) (141 , 40) (142 , 41) (145 , 44) (152 , 51) (153 , 52) (156 , 4) (158 , 6) (160 , 8) (161 , 9) (164 , 12) (166 , 14) (168 , 16) (171 , 19) (172 , 20) (173 , 21) (174 , 22) (176 , 24) (180 , 28) (181 , 29) (182 , 30) (186 , 34) (189 , 37) (192 , 40) (193 , 41) (196 , 44) (198 , 46) (199 , 47) (205 , 2) (206 , 3) (208 , 5) (209 , 6) (210 , 7) (218 , 15) (219 , 16) (224 , 21) (227 , 24) (232 , 29) (241 , 38) (246 , 43) (249 , 46) (250 , 47) (252 , 49) (255 , 52) (257 , 3) (259 , 5) (261 , 7) (262 , 8) (273 , 19) (274 , 20) (275 , 21) (276 , 22) (277 , 23) (279 , 25) (280 , 26) (284 , 30) (285 , 31) (288 , 34) (290 , 36) (291 , 37) (293 , 39) (295 , 41) (297 , 43) (300 , 46) (302 , 48) (305 , 51) (306 , 52) (307 , 2) (308 , 3) (311 , 6) (315 , 10) (316 , 11) (318 , 13) (322 , 17) (327 , 22) (329 , 24) (330 , 25) (334 , 29) (335 , 30) (338 , 33) (342 , 37) (344 , 39) (345 , 40) (350 , 45) (353 , 48) (357 , 52) (358 , 2) (360 , 4) (362 , 6) (365 , 9) (367 , 11) (406 , 50) (461 , 3) (462 , 4) (463 , 5) (464 , 6) (466 , 8) (469 , 11) (472 , 14) (474 , 16) (476 , 18) (478 , 20) (479 , 21) (480 , 22) (486 , 28) (488 , 30) (489 , 31) (491 , 33) (492 , 34) (495 , 37) (497 , 39) (498 , 40) (500 , 42) (501 , 43) (503 , 45) (504 , 46) 

Travel Time: 10453.443111883223537; Profit: 94076; TSP Distance : 7544.3659000000016022; Weight: 42043 / 68614; 0000000
TSP Tour = 1 49 32 45 19 41 8 9 10 43 33 51 11 52 14 13 47 26 27 28 12 25 4 6 15 5 24 48 38 37 40 39 36 35 34 44 46 16 29 50 20 23 30 2 7 42 21 17 3 18 31 22 1
Knapsack Array = 1 0 1 0 0 0 1 1 0 1 1 1 0 0 1 0 1 1 0 0 1 0 1 1 1 0 1 0 0 1 0 0 1 0 0 1 0 0 0 0 1 1 0 0 1 0 0 1 0 0 1 0 1 1 0 0 0 0 1 0 0 0 1 0 1 0 0 0 0 0 1 1 1 1 1 0 1 0 0 0 0 0 1 0 0 0 1 1 0 0 0 0 0 0 0 0 1 0 0 1 0 1 1 0 0 1 0 1 0 1 0 0 1 1 0 0 1 0 0 1 0 0 0 1 1 1 0 0 1 0 0 1 0 1 1 1 0 1 0 1 1 1 0 0 1 0 0 0 0 0 0 1 1 0 0 1 0 1 0 1 1 0 0 1 0 1 0 1 0 0 1 1 1 1 0 1 0 0 0 1 1 1 0 0 0 1 0 0 1 0 0 1 1 0 0 1 0 1 1 0 0 0 0 0 1 1 0 1 1 1 0 0 0 0 0 0 0 1 1 0 0 0 0 1 0 0 1 0 0 0 0 1 0 0 0 0 0 0 0 0 1 0 0 0 0 1 0 0 1 1 0 1 0 0 1 0 1 0 1 0 1 1 0 0 0 0 0 0 0 0 0 0 1 1 1 1 1 0 1 1 0 0 0 1 1 0 0 1 0 1 1 0 1 0 1 0 1 0 0 1 0 1 0 0 1 1 1 1 0 0 1 0 0 0 1 1 0 1 0 0 0 1 0 0 0 0 1 0 1 1 0 0 0 1 1 0 0 1 0 0 0 1 0 1 1 0 0 0 0 1 0 0 1 0 0 0 1 0 0 0 0 0 0 0 0 0 0 0 0 0 0 0 0 0 0 0 0 0 0 0 0 0 0 0 0 0 0 0 0 0 0 0 0 0 0 0 0 0 0 0 0 0 0 0 0 0 0 0 0 0 0 0 0 0 0 0 0 0 0 0 0 0 0 0 0 0 0 0 0 0 0 0 0 0 0 0 0 0 0 0 0 0 0 0 0 0 0 0 0 0 0 0 0 0 0 0 0 0 0 0 0 0 0 0 0 0 0 0 0 0 0 0 0 0 0 0 0 0 0 0 0 0 0 0 0 0 0 0 0 0 0 0 0 0 0 0 0 0 0 0 0 0 0 0 0 0 0 0 0 0 
Picked Items (item,city) = (1 , 2) (3 , 4) (7 , 8) (8 , 9) (10 , 11) (11 , 12) (12 , 13) (15 , 16) (17 , 18) (18 , 19) (21 , 22) (23 , 24) (24 , 25) (25 , 26) (27 , 28) (30 , 31) (33 , 34) (36 , 37) (41 , 42) (42 , 43) (45 , 46) (48 , 49) (51 , 52) (53 , 3) (54 , 4) (59 , 9) (63 , 13) (65 , 15) (71 , 21) (72 , 22) (73 , 23) (74 , 24) (75 , 25) (77 , 27) (83 , 33) (87 , 37) (88 , 38) (97 , 47) (100 , 50) (102 , 52) (103 , 2) (106 , 5) (108 , 7) (110 , 9) (113 , 12) (114 , 13) (117 , 16) (120 , 19) (124 , 23) (125 , 24) (126 , 25) (129 , 28) (132 , 31) (134 , 33) (135 , 34) (136 , 35) (138 , 37) (140 , 39) (141 , 40) (142 , 41) (145 , 44) (152 , 51) (153 , 52) (156 , 4) (158 , 6) (160 , 8) (161 , 9) (164 , 12) (166 , 14) (168 , 16) (171 , 19) (172 , 20) (173 , 21) (174 , 22) (176 , 24) (180 , 28) (181 , 29) (182 , 30) (186 , 34) (189 , 37) (192 , 40) (193 , 41) (196 , 44) (198 , 46) (199 , 47) (205 , 2) (206 , 3) (208 , 5) (209 , 6) (210 , 7) (218 , 15) (219 , 16) (224 , 21) (227 , 24) (232 , 29) (241 , 38) (246 , 43) (249 , 46) (250 , 47) (252 , 49) (255 , 52) (257 , 3) (259 , 5) (261 , 7) (262 , 8) (273 , 19) (274 , 20) (275 , 21) (276 , 22) (277 , 23) (279 , 25) (280 , 26) (284 , 30) (285 , 31) (288 , 34) (290 , 36) (291 , 37) (293 , 39) (295 , 41) (297 , 43) (300 , 46) (302 , 48) (305 , 51) (306 , 52) (307 , 2) (308 , 3) (311 , 6) (315 , 10) (316 , 11) (318 , 13) (322 , 17) (327 , 22) (329 , 24) (330 , 25) (334 , 29) (335 , 30) (338 , 33) (342 , 37) (344 , 39) (345 , 40) (350 , 45) (353 , 48) (357 , 52) 

Travel Time: 9999.4429296974831232; Profit: 92641; TSP Distance : 7544.3659000000016022; Weight: 41493 / 68614; 0000000
TSP Tour = 1 49 32 45 19 41 8 9 10 43 33 51 11 52 14 13 47 26 27 28 12 25 4 6 15 5 24 48 38 37 40 39 36 35 34 44 46 16 29 50 20 23 30 2 7 42 21 17 3 18 31 22 1
Knapsack Array = 1 0 1 0 0 0 1 1 0 1 0 1 0 0 1 0 1 1 0 0 1 0 1 1 1 0 1 0 1 1 0 0 1 1 0 1 0 0 0 0 1 1 0 0 0 0 0 1 0 0 1 0 1 1 0 0 0 0 1 0 0 0 1 0 1 0 0 0 0 0 0 1 1 1 0 0 0 0 0 0 0 0 0 0 0 0 0 0 0 0 0 0 0 0 0 0 0 0 0 0 0 0 0 0 0 0 0 0 0 0 0 0 0 0 0 0 0 0 0 0 0 0 0 0 0 0 0 0 0 0 0 0 0 0 0 0 0 0 0 0 0 0 0 0 0 0 0 0 0 0 0 0 0 0 0 0 0 0 0 0 0 0 0 0 0 0 0 0 0 0 1 1 1 1 0 1 0 0 0 1 1 1 0 0 1 1 1 0 0 0 0 1 0 1 0 0 0 1 1 0 0 0 0 0 1 1 0 1 1 1 0 0 0 0 0 0 0 1 1 1 0 0 0 1 0 0 1 0 0 0 0 1 0 0 0 0 0 0 0 0 1 0 0 0 0 1 0 0 1 1 0 1 0 0 1 0 1 0 0 0 1 1 0 0 0 0 0 0 0 0 1 0 1 1 1 1 1 0 1 1 0 1 0 1 1 0 0 1 0 1 0 0 1 0 1 1 1 0 0 1 0 1 0 0 1 1 1 0 0 0 1 0 0 0 1 1 0 1 0 0 0 1 0 0 0 0 1 0 1 1 0 0 0 1 1 0 0 1 0 0 0 1 1 1 1 0 0 0 0 1 0 0 1 0 1 0 1 1 0 0 0 1 0 0 1 0 1 1 0 1 1 0 1 1 0 1 1 1 0 1 1 1 1 0 0 1 1 1 1 0 0 0 0 0 1 1 1 0 1 1 0 0 1 0 0 1 0 0 1 1 1 1 1 1 0 0 1 0 0 0 1 0 1 0 0 0 1 1 0 0 0 0 0 0 0 0 0 0 0 0 0 0 0 0 0 0 0 0 0 0 0 0 0 0 0 0 0 0 0 0 0 0 0 0 0 0 0 0 0 0 0 0 0 0 0 0 0 0 0 0 0 0 0 0 0 0 0 0 0 0 0 0 0 0 0 0 0 0 0 0 0 0 0 0 0 0 0 0 0 0 
Picked Items (item,city) = (1 , 2) (3 , 4) (7 , 8) (8 , 9) (10 , 11) (12 , 13) (15 , 16) (17 , 18) (18 , 19) (21 , 22) (23 , 24) (24 , 25) (25 , 26) (27 , 28) (29 , 30) (30 , 31) (33 , 34) (34 , 35) (36 , 37) (41 , 42) (42 , 43) (48 , 49) (51 , 52) (53 , 3) (54 , 4) (59 , 9) (63 , 13) (65 , 15) (72 , 22) (73 , 23) (74 , 24) (171 , 19) (172 , 20) (173 , 21) (174 , 22) (176 , 24) (180 , 28) (181 , 29) (182 , 30) (185 , 33) (186 , 34) (187 , 35) (192 , 40) (194 , 42) (198 , 46) (199 , 47) (205 , 2) (206 , 3) (208 , 5) (209 , 6) (210 , 7) (218 , 15) (219 , 16) (220 , 17) (224 , 21) (227 , 24) (232 , 29) (241 , 38) (246 , 43) (249 , 46) (250 , 47) (252 , 49) (255 , 52) (257 , 3) (261 , 7) (262 , 8) (271 , 17) (273 , 19) (274 , 20) (275 , 21) (276 , 22) (277 , 23) (279 , 25) (280 , 26) (282 , 28) (284 , 30) (285 , 31) (288 , 34) (290 , 36) (293 , 39) (295 , 41) (296 , 42) (297 , 43) (300 , 46) (302 , 48) (305 , 51) (306 , 52) (307 , 2) (311 , 6) (315 , 10) (316 , 11) (318 , 13) (322 , 17) (327 , 22) (329 , 24) (330 , 25) (334 , 29) (335 , 30) (338 , 33) (342 , 37) (343 , 38) (344 , 39) (345 , 40) (350 , 45) (353 , 48) (355 , 50) (357 , 52) (358 , 2) (362 , 6) (365 , 9) (367 , 11) (368 , 12) (370 , 14) (371 , 15) (373 , 17) (374 , 18) (376 , 20) (377 , 21) (378 , 22) (380 , 24) (381 , 25) (382 , 26) (383 , 27) (386 , 30) (387 , 31) (388 , 32) (389 , 33) (395 , 39) (396 , 40) (397 , 41) (399 , 43) (400 , 44) (403 , 47) (406 , 50) (409 , 2) (410 , 3) (411 , 4) (412 , 5) (413 , 6) (414 , 7) (417 , 10) (421 , 14) (423 , 16) (427 , 20) (428 , 21) 

Travel Time: 11920.426093110911097; Profit: 118921; TSP Distance : 7544.3659000000016022; Weight: 55160 / 68614; 0000000
TSP Tour = 1 49 32 45 19 41 8 9 10 43 33 51 11 52 14 13 47 26 27 28 12 25 4 6 15 5 24 48 38 37 40 39 36 35 34 44 46 16 29 50 20 23 30 2 7 42 21 17 3 18 31 22 1
Knapsack Array = 1 0 1 0 0 0 1 1 0 1 0 1 0 0 1 0 1 1 0 0 1 0 1 1 1 0 1 0 1 1 0 0 1 1 0 1 0 0 0 0 1 1 0 0 0 0 0 1 0 0 1 0 1 1 0 0 0 0 1 0 0 0 1 0 1 0 0 0 0 0 1 1 1 1 1 0 1 0 0 1 0 0 1 0 0 0 1 1 0 0 0 0 0 0 0 0 1 0 1 1 0 1 1 0 0 1 0 1 0 1 0 0 1 1 0 0 1 1 0 1 0 1 0 1 1 1 0 0 1 0 0 1 0 0 1 1 0 1 0 1 1 0 0 0 1 0 0 0 0 1 0 1 1 0 0 1 0 1 0 1 1 0 0 1 0 1 0 1 0 0 1 1 1 1 0 1 0 0 0 1 1 1 0 0 1 1 1 0 0 0 0 1 0 1 0 0 0 1 1 0 0 0 0 0 1 1 0 1 1 1 0 0 0 0 0 0 0 1 1 1 0 0 0 1 0 0 1 0 0 0 0 1 0 0 0 0 0 0 0 0 1 0 0 0 0 1 0 0 1 1 0 1 0 0 1 0 1 0 0 0 1 1 0 0 0 0 0 0 0 0 1 0 1 1 1 1 1 0 1 1 0 1 0 1 1 0 0 1 0 1 0 0 1 0 1 1 1 0 0 1 0 1 0 0 1 1 1 0 0 0 1 0 0 0 1 1 0 1 0 0 0 1 0 0 0 0 1 0 1 1 0 0 0 1 1 0 0 1 0 0 0 1 1 1 1 0 0 0 0 1 0 0 1 0 1 0 1 1 0 0 0 1 0 0 1 0 1 1 0 1 1 0 1 1 0 1 1 1 0 1 1 1 1 0 0 1 1 1 1 0 0 0 0 0 1 1 1 0 1 1 0 0 1 0 0 1 0 0 1 1 1 1 1 1 0 0 1 0 0 0 1 0 1 0 0 0 1 1 0 0 0 0 0 0 0 0 0 0 0 0 0 0 0 0 0 0 0 0 0 0 0 0 0 0 0 0 0 0 0 0 0 0 0 0 0 0 0 0 0 0 0 0 0 0 0 0 0 0 0 0 0 0 0 0 0 0 0 0 0 0 0 0 0 0 0 0 0 0 0 0 0 0 0 0 0 0 0 0 0 0 
Picked Items (item,city) = (1 , 2) (3 , 4) (7 , 8) (8 , 9) (10 , 11) (12 , 13) (15 , 16) (17 , 18) (18 , 19) (21 , 22) (23 , 24) (24 , 25) (25 , 26) (27 , 28) (29 , 30) (30 , 31) (33 , 34) (34 , 35) (36 , 37) (41 , 42) (42 , 43) (48 , 49) (51 , 52) (53 , 3) (54 , 4) (59 , 9) (63 , 13) (65 , 15) (71 , 21) (72 , 22) (73 , 23) (74 , 24) (75 , 25) (77 , 27) (80 , 30) (83 , 33) (87 , 37) (88 , 38) (97 , 47) (99 , 49) (100 , 50) (102 , 52) (103 , 2) (106 , 5) (108 , 7) (110 , 9) (113 , 12) (114 , 13) (117 , 16) (118 , 17) (120 , 19) (122 , 21) (124 , 23) (125 , 24) (126 , 25) (129 , 28) (132 , 31) (135 , 34) (136 , 35) (138 , 37) (140 , 39) (141 , 40) (145 , 44) (150 , 49) (152 , 51) (153 , 52) (156 , 4) (158 , 6) (160 , 8) (161 , 9) (164 , 12) (166 , 14) (168 , 16) (171 , 19) (172 , 20) (173 , 21) (174 , 22) (176 , 24) (180 , 28) (181 , 29) (182 , 30) (185 , 33) (186 , 34) (187 , 35) (192 , 40) (194 , 42) (198 , 46) (199 , 47) (205 , 2) (206 , 3) (208 , 5) (209 , 6) (210 , 7) (218 , 15) (219 , 16) (220 , 17) (224 , 21) (227 , 24) (232 , 29) (241 , 38) (246 , 43) (249 , 46) (250 , 47) (252 , 49) (255 , 52) (257 , 3) (261 , 7) (262 , 8) (271 , 17) (273 , 19) (274 , 20) (275 , 21) (276 , 22) (277 , 23) (279 , 25) (280 , 26) (282 , 28) (284 , 30) (285 , 31) (288 , 34) (290 , 36) (293 , 39) (295 , 41) (296 , 42) (297 , 43) (300 , 46) (302 , 48) (305 , 51) (306 , 52) (307 , 2) (311 , 6) (315 , 10) (316 , 11) (318 , 13) (322 , 17) (327 , 22) (329 , 24) (330 , 25) (334 , 29) (335 , 30) (338 , 33) (342 , 37) (343 , 38) (344 , 39) (345 , 40) (350 , 45) (353 , 48) (355 , 50) (357 , 52) (358 , 2) (362 , 6) (365 , 9) (367 , 11) (368 , 12) (370 , 14) (371 , 15) (373 , 17) (374 , 18) (376 , 20) (377 , 21) (378 , 22) (380 , 24) (381 , 25) (382 , 26) (383 , 27) (386 , 30) (387 , 31) (388 , 32) (389 , 33) (395 , 39) (396 , 40) (397 , 41) (399 , 43) (400 , 44) (403 , 47) (406 , 50) (409 , 2) (410 , 3) (411 , 4) (412 , 5) (413 , 6) (414 , 7) (417 , 10) (421 , 14) (423 , 16) (427 , 20) (428 , 21) 

Travel Time: 13747.324969433711885; Profit: 132554; TSP Distance : 7707.6134000000010928; Weight: 62207 / 68614; 0000000
TSP Tour = 1 45 19 41 8 9 10 43 33 51 11 52 14 13 47 26 27 28 12 25 4 6 15 5 24 48 38 37 40 39 36 35 34 44 46 16 29 50 20 23 30 2 7 42 21 17 3 18 31 22 49 32 1
Knapsack Array = 0 0 0 0 0 0 0 0 0 0 0 0 0 0 0 0 0 0 0 0 0 0 0 0 0 0 0 0 0 0 0 0 0 0 0 0 0 0 0 0 0 0 0 0 1 0 0 1 0 0 1 0 1 1 0 0 0 0 1 0 0 0 1 0 1 1 0 0 0 0 1 0 1 1 1 0 1 0 0 1 0 0 1 0 0 1 1 1 0 0 0 0 0 0 0 0 1 0 0 0 0 1 1 0 0 1 0 1 0 1 0 0 1 1 0 0 1 1 0 1 0 1 0 0 1 1 0 0 1 0 1 1 0 0 0 1 0 1 0 1 1 0 0 0 1 0 0 0 0 0 0 1 1 0 0 1 0 1 0 1 1 0 1 1 0 1 0 1 0 0 1 1 1 1 0 1 0 0 0 1 1 1 0 0 0 1 0 0 0 0 0 1 1 0 0 0 0 1 1 0 0 0 0 0 1 1 0 1 1 1 0 0 0 0 0 0 0 1 1 0 0 0 0 1 0 0 1 0 0 0 0 1 0 0 0 0 0 0 0 0 1 0 0 0 0 1 0 0 0 1 0 1 0 0 1 0 1 0 1 0 1 1 0 0 0 0 0 0 0 0 1 0 1 1 1 1 1 0 1 1 0 0 0 1 1 0 0 1 0 1 1 0 1 0 1 1 1 0 0 1 0 1 0 0 1 1 1 0 1 0 1 0 0 0 1 1 0 1 0 0 0 1 0 0 0 0 1 0 1 1 0 0 0 1 1 0 0 1 0 0 0 1 1 1 1 0 0 0 0 1 0 0 1 0 0 0 1 1 0 1 0 1 0 0 1 0 1 1 0 1 1 0 1 1 1 1 1 1 0 1 1 1 1 0 0 1 1 1 1 0 0 0 0 0 1 1 1 0 1 1 0 0 1 0 0 1 0 0 1 1 1 1 1 1 0 0 1 0 0 0 1 0 1 0 0 0 1 0 1 0 1 0 1 0 0 0 1 1 0 1 1 1 0 1 0 0 0 0 1 1 0 1 0 0 0 1 1 1 1 0 1 1 1 1 0 1 0 0 1 0 0 1 0 1 1 0 0 1 1 1 0 0 0 0 0 1 0 1 1 1 1 1 0 1 1 0 1 1 0 1 1 0 0 0 0 0 0 0 0 0 
Picked Items (item,city) = (45 , 46) (48 , 49) (51 , 52) (53 , 3) (54 , 4) (59 , 9) (63 , 13) (65 , 15) (66 , 16) (71 , 21) (73 , 23) (74 , 24) (75 , 25) (77 , 27) (80 , 30) (83 , 33) (86 , 36) (87 , 37) (88 , 38) (97 , 47) (102 , 52) (103 , 2) (106 , 5) (108 , 7) (110 , 9) (113 , 12) (114 , 13) (117 , 16) (118 , 17) (120 , 19) (122 , 21) (125 , 24) (126 , 25) (129 , 28) (131 , 30) (132 , 31) (136 , 35) (138 , 37) (140 , 39) (141 , 40) (145 , 44) (152 , 51) (153 , 52) (156 , 4) (158 , 6) (160 , 8) (161 , 9) (163 , 11) (164 , 12) (166 , 14) (168 , 16) (171 , 19) (172 , 20) (173 , 21) (174 , 22) (176 , 24) (180 , 28) (181 , 29) (182 , 30) (186 , 34) (192 , 40) (193 , 41) (198 , 46) (199 , 47) (205 , 2) (206 , 3) (208 , 5) (209 , 6) (210 , 7) (218 , 15) (219 , 16) (224 , 21) (227 , 24) (232 , 29) (241 , 38) (246 , 43) (250 , 47) (252 , 49) (255 , 52) (257 , 3) (259 , 5) (261 , 7) (262 , 8) (271 , 17) (273 , 19) (274 , 20) (275 , 21) (276 , 22) (277 , 23) (279 , 25) (280 , 26) (284 , 30) (285 , 31) (288 , 34) (290 , 36) (291 , 37) (293 , 39) (295 , 41) (296 , 42) (297 , 43) (300 , 46) (302 , 48) (305 , 51) (306 , 52) (307 , 2) (309 , 4) (311 , 6) (315 , 10) (316 , 11) (318 , 13) (322 , 17) (327 , 22) (329 , 24) (330 , 25) (334 , 29) (335 , 30) (338 , 33) (342 , 37) (343 , 38) (344 , 39) (345 , 40) (350 , 45) (353 , 48) (357 , 52) (358 , 2) (360 , 4) (362 , 6) (365 , 9) (367 , 11) (368 , 12) (370 , 14) (371 , 15) (373 , 17) (374 , 18) (375 , 19) (376 , 20) (377 , 21) (378 , 22) (380 , 24) (381 , 25) (382 , 26) (383 , 27) (386 , 30) (387 , 31) (388 , 32) (389 , 33) (395 , 39) (396 , 40) (397 , 41) (399 , 43) (400 , 44) (403 , 47) (406 , 50) (409 , 2) (410 , 3) (411 , 4) (412 , 5) (413 , 6) (414 , 7) (417 , 10) (421 , 14) (423 , 16) (427 , 20) (429 , 22) (431 , 24) (433 , 26) (437 , 30) (438 , 31) (440 , 33) (441 , 34) (442 , 35) (444 , 37) (449 , 42) (450 , 43) (452 , 45) (456 , 49) (457 , 50) (458 , 51) (459 , 52) (461 , 3) (462 , 4) (463 , 5) (464 , 6) (466 , 8) (469 , 11) (472 , 14) (474 , 16) (475 , 17) (478 , 20) (479 , 21) (480 , 22) (486 , 28) (488 , 30) (489 , 31) (490 , 32) (491 , 33) (492 , 34) (494 , 36) (495 , 37) (497 , 39) (498 , 40) (500 , 42) (501 , 43) 

Travel Time: 7559.5852900253457847; Profit: 1116; TSP Distance : 7544.3659000000016022; Weight: 368 / 68614; 0000000
TSP Tour = 1 49 32 45 19 41 8 9 10 43 33 51 11 52 14 13 47 26 27 28 12 25 4 6 15 5 24 48 38 37 40 39 36 35 34 44 46 16 29 50 20 23 30 2 7 42 21 17 3 18 31 22 1
Knapsack Array = 1 0 1 0 0 0 0 0 0 0 0 0 0 0 0 0 0 0 0 0 0 0 0 0 0 0 0 0 0 0 0 0 0 0 0 0 0 0 0 0 0 0 0 0 0 0 0 0 0 0 0 0 0 0 0 0 0 0 0 0 0 0 0 0 0 0 0 0 0 0 0 0 0 0 0 0 0 0 0 0 0 0 0 0 0 0 0 0 0 0 0 0 0 0 0 0 0 0 0 0 0 0 0 0 0 0 0 0 0 0 0 0 0 0 0 0 0 0 0 0 0 0 0 0 0 0 0 0 0 0 0 0 0 0 0 0 0 0 0 0 0 0 0 0 0 0 0 0 0 0 0 0 0 0 0 0 0 0 0 0 0 0 0 0 0 0 0 0 0 0 0 0 0 0 0 0 0 0 0 0 0 0 0 0 0 0 0 0 0 0 0 0 0 0 0 0 0 0 0 0 0 0 0 0 0 0 0 0 0 0 0 0 0 0 0 0 0 0 0 0 0 0 0 0 0 0 0 0 0 0 0 0 0 0 0 0 0 0 0 0 0 0 0 0 0 0 0 0 0 0 0 0 0 0 0 0 0 0 0 0 0 0 0 0 0 0 0 0 0 0 0 0 0 0 0 0 0 0 0 0 0 0 0 0 0 0 0 0 0 0 0 0 0 0 0 0 0 0 0 0 0 0 0 0 0 0 0 0 0 0 0 0 0 0 0 0 0 0 0 0 0 0 0 0 0 0 0 0 0 0 0 0 0 0 0 0 0 0 0 0 0 0 0 0 0 0 0 0 0 0 0 0 0 0 0 0 0 0 0 0 0 0 0 0 0 0 0 0 0 0 0 0 0 0 0 0 0 0 0 0 0 0 0 0 0 0 0 0 0 0 0 0 0 0 0 0 0 0 0 0 0 0 0 0 0 0 0 0 0 0 0 0 0 0 0 0 0 0 0 0 0 0 0 0 0 0 0 0 0 0 0 0 0 0 0 0 0 0 0 0 0 0 0 0 0 0 0 0 0 0 0 0 0 0 0 0 0 0 0 0 0 0 0 0 0 0 0 0 0 0 0 0 0 0 0 0 0 0 0 0 0 0 0 0 0 0 0 0 0 0 0 0 0 0 0 0 0 0 0 0 0 0 0 0 0 0 0 0 0 0 
Picked Items (item,city) = (1 , 2) (3 , 4) 

Travel Time: 7544.3822530324414402; Profit: 119; TSP Distance : 7544.3659000000016022; Weight: 1 / 68614; 0000000
TSP Tour = 1 49 32 45 19 41 8 9 10 43 33 51 11 52 14 13 47 26 27 28 12 25 4 6 15 5 24 48 38 37 40 39 36 35 34 44 46 16 29 50 20 23 30 2 7 42 21 17 3 18 31 22 1
Knapsack Array = 1 0 0 0 0 0 0 0 0 0 0 0 0 0 0 0 0 0 0 0 0 0 0 0 0 0 0 0 0 0 0 0 0 0 0 0 0 0 0 0 0 0 0 0 0 0 0 0 0 0 0 0 0 0 0 0 0 0 0 0 0 0 0 0 0 0 0 0 0 0 0 0 0 0 0 0 0 0 0 0 0 0 0 0 0 0 0 0 0 0 0 0 0 0 0 0 0 0 0 0 0 0 0 0 0 0 0 0 0 0 0 0 0 0 0 0 0 0 0 0 0 0 0 0 0 0 0 0 0 0 0 0 0 0 0 0 0 0 0 0 0 0 0 0 0 0 0 0 0 0 0 0 0 0 0 0 0 0 0 0 0 0 0 0 0 0 0 0 0 0 0 0 0 0 0 0 0 0 0 0 0 0 0 0 0 0 0 0 0 0 0 0 0 0 0 0 0 0 0 0 0 0 0 0 0 0 0 0 0 0 0 0 0 0 0 0 0 0 0 0 0 0 0 0 0 0 0 0 0 0 0 0 0 0 0 0 0 0 0 0 0 0 0 0 0 0 0 0 0 0 0 0 0 0 0 0 0 0 0 0 0 0 0 0 0 0 0 0 0 0 0 0 0 0 0 0 0 0 0 0 0 0 0 0 0 0 0 0 0 0 0 0 0 0 0 0 0 0 0 0 0 0 0 0 0 0 0 0 0 0 0 0 0 0 0 0 0 0 0 0 0 0 0 0 0 0 0 0 0 0 0 0 0 0 0 0 0 0 0 0 0 0 0 0 0 0 0 0 0 0 0 0 0 0 0 0 0 0 0 0 0 0 0 0 0 0 0 0 0 0 0 0 0 0 0 0 0 0 0 0 0 0 0 0 0 0 0 0 0 0 0 0 0 0 0 0 0 0 0 0 0 0 0 0 0 0 0 0 0 0 0 0 0 0 0 0 0 0 0 0 0 0 0 0 0 0 0 0 0 0 0 0 0 0 0 0 0 0 0 0 0 0 0 0 0 0 0 0 0 0 0 0 0 0 0 0 0 0 0 0 0 0 0 0 0 0 0 0 0 0 0 0 0 0 0 0 0 0 0 0 0 0 0 0 0 0 0 0 0 0 0 0 0 0 0 0 0 0 0 0 0 0 0 0 0 0 0 0 0 0 
Picked Items (item,city) = (1 , 2) 

Travel Time: 9929.59074967502238; Profit: 89717; TSP Distance : 7544.6619000000018787; Weight: 40304 / 68614; 0000000
TSP Tour = 1 49 32 45 19 41 8 9 10 43 33 51 11 52 13 14 47 26 27 28 12 25 4 6 15 5 24 48 38 37 40 39 36 35 34 44 46 16 29 50 20 23 30 2 7 42 21 17 3 18 31 22 1
Knapsack Array = 0 0 0 0 0 0 0 0 0 0 0 0 0 0 0 0 0 0 0 0 0 0 0 0 0 0 0 0 0 0 0 0 0 0 0 0 0 0 0 0 0 0 0 0 0 0 0 0 0 0 0 0 0 0 0 0 0 0 0 0 0 0 0 0 0 0 0 0 0 0 0 0 0 0 0 0 0 0 0 0 0 0 0 0 0 0 0 0 0 0 0 0 0 0 0 0 0 0 0 0 0 0 0 0 0 0 0 0 0 0 0 0 0 0 0 0 0 0 0 0 0 0 0 0 0 0 0 0 0 0 0 0 0 0 0 0 0 0 0 0 0 0 0 0 0 0 0 0 0 0 0 0 0 0 0 0 0 0 0 0 0 0 0 0 0 0 0 0 0 0 0 0 0 0 0 0 0 0 0 0 1 1 0 0 1 1 0 0 0 0 0 1 0 0 1 0 0 1 1 0 0 0 0 0 1 1 0 1 1 1 0 0 0 0 0 0 0 1 1 0 0 0 0 1 1 0 1 0 0 0 0 1 1 0 0 0 0 0 0 0 1 0 0 0 0 1 0 0 1 1 0 1 0 0 1 0 1 0 1 0 1 1 0 0 0 0 0 0 0 0 1 0 1 0 1 1 1 0 1 1 0 0 0 1 1 0 0 1 0 1 0 0 1 0 1 0 1 0 0 1 0 1 0 0 1 1 1 0 1 0 1 0 0 0 1 1 0 1 0 0 0 1 0 0 0 0 1 0 0 1 0 0 0 1 1 0 0 1 0 0 0 1 1 1 1 0 0 0 1 1 0 0 1 0 1 0 1 1 0 0 0 1 1 0 1 0 1 1 0 1 1 0 1 1 0 1 1 1 0 1 1 1 1 0 0 1 1 0 1 0 0 0 0 0 1 1 1 0 1 1 0 0 1 0 0 0 0 1 1 1 1 1 1 1 0 0 1 0 0 0 1 0 1 0 0 0 1 0 1 0 1 1 1 0 0 0 1 1 0 1 1 1 0 1 0 0 0 0 1 1 0 1 0 0 0 1 1 0 1 0 1 1 1 1 0 1 0 0 1 0 0 1 0 1 1 0 0 1 1 1 0 1 0 0 0 1 0 1 1 1 1 1 0 1 1 0 1 0 0 0 0 0 0 0 0 0 0 0 0 0 
Picked Items (item,city) = (181 , 29) (182 , 30) (185 , 33) (186 , 34) (192 , 40) (195 , 43) (198 , 46) (199 , 47) (205 , 2) (206 , 3) (208 , 5) (209 , 6) (210 , 7) (218 , 15) (219 , 16) (224 , 21) (225 , 22) (227 , 24) (232 , 29) (233 , 30) (241 , 38) (246 , 43) (249 , 46) (250 , 47) (252 , 49) (255 , 52) (257 , 3) (259 , 5) (261 , 7) (262 , 8) (271 , 17) (273 , 19) (275 , 21) (276 , 22) (277 , 23) (279 , 25) (280 , 26) (284 , 30) (285 , 31) (288 , 34) (290 , 36) (293 , 39) (295 , 41) (297 , 43) (300 , 46) (302 , 48) (305 , 51) (306 , 52) (307 , 2) (309 , 4) (311 , 6) (315 , 10) (316 , 11) (318 , 13) (322 , 17) (327 , 22) (330 , 25) (334 , 29) (335 , 30) (338 , 33) (342 , 37) (343 , 38) (344 , 39) (345 , 40) (349 , 44) (350 , 45) (353 , 48) (355 , 50) (357 , 52) (358 , 2) (362 , 6) (363 , 7) (365 , 9) (367 , 11) (368 , 12) (370 , 14) (371 , 15) (373 , 17) (374 , 18) (376 , 20) (377 , 21) (378 , 22) (380 , 24) (381 , 25) (382 , 26) (383 , 27) (386 , 30) (387 , 31) (389 , 33) (395 , 39) (396 , 40) (397 , 41) (399 , 43) (400 , 44) (403 , 47) (408 , 52) (409 , 2) (410 , 3) (411 , 4) (412 , 5) (413 , 6) (414 , 7) (417 , 10) (421 , 14) (423 , 16) (427 , 20) (429 , 22) (431 , 24) (432 , 25) (433 , 26) (437 , 30) (438 , 31) (440 , 33) (441 , 34) (442 , 35) (444 , 37) (449 , 42) (450 , 43) (452 , 45) (456 , 49) (457 , 50) (459 , 52) (461 , 3) (462 , 4) (463 , 5) (464 , 6) (466 , 8) (469 , 11) (472 , 14) (474 , 16) (475 , 17) (478 , 20) (479 , 21) (480 , 22) (482 , 24) (486 , 28) (488 , 30) (489 , 31) (490 , 32) (491 , 33) (492 , 34) (494 , 36) (495 , 37) (497 , 39) 

Travel Time: 10661.020840982890149; Profit: 100590; TSP Distance : 7544.3659000000016022; Weight: 45071 / 68614; 0000000
TSP Tour = 1 49 32 45 19 41 8 9 10 43 33 51 11 52 14 13 47 26 27 28 12 25 4 6 15 5 24 48 38 37 40 39 36 35 34 44 46 16 29 50 20 23 30 2 7 42 21 17 3 18 31 22 1
Knapsack Array = 1 0 1 0 0 0 1 1 0 1 1 1 0 0 1 0 1 1 0 0 1 0 1 0 0 0 1 0 1 1 0 0 1 0 0 1 0 0 0 0 1 1 0 0 1 0 0 1 0 0 1 0 1 1 0 0 0 0 1 0 1 0 0 0 0 0 0 0 0 0 0 0 0 0 0 0 0 0 0 0 0 0 0 0 0 0 0 0 0 0 0 0 0 0 0 0 0 0 0 0 0 0 0 0 0 1 0 1 0 1 0 0 0 0 0 0 0 0 0 0 0 0 0 0 0 0 0 0 0 0 0 0 0 0 0 0 0 0 0 0 0 0 0 0 0 0 0 0 0 0 0 0 0 0 0 0 0 0 0 0 0 0 0 0 0 0 0 1 0 0 1 1 1 1 0 1 0 0 0 1 1 1 0 0 0 1 0 0 0 0 0 1 1 0 1 0 0 1 1 0 0 0 0 0 1 1 0 1 1 1 0 0 0 0 0 0 0 1 1 0 0 0 0 1 0 0 1 0 0 0 0 1 0 0 0 0 0 0 0 0 1 0 0 0 0 1 0 0 0 1 0 1 0 0 1 0 1 0 1 0 1 1 0 0 0 0 0 0 0 0 1 0 1 1 1 1 1 0 1 1 0 0 0 1 1 0 0 1 0 1 1 0 1 0 1 1 1 0 0 1 0 1 0 0 1 1 1 0 1 0 1 0 0 0 1 1 0 1 0 0 0 1 0 0 0 0 1 0 1 1 0 0 0 1 1 0 0 1 0 0 0 1 1 1 1 0 0 0 0 1 0 0 1 0 0 0 1 1 0 1 0 1 0 0 1 0 1 1 0 1 1 0 1 1 1 1 1 1 0 1 1 1 1 0 0 1 1 1 1 0 0 0 0 0 1 1 1 0 1 1 0 0 1 0 0 1 0 0 1 1 1 1 1 1 0 0 1 0 0 0 1 0 1 0 0 0 1 0 1 0 1 0 1 0 0 0 1 1 0 1 1 1 0 1 0 0 0 0 1 1 0 1 0 0 0 0 0 0 0 0 0 0 0 0 0 0 0 0 0 0 0 0 0 0 0 0 0 0 0 0 0 0 0 0 0 0 0 0 0 0 0 0 0 0 0 0 0 0 0 0 0 0 0 0 0 0 0 0 0 0 
Picked Items (item,city) = (1 , 2) (3 , 4) (7 , 8) (8 , 9) (10 , 11) (11 , 12) (12 , 13) (15 , 16) (17 , 18) (18 , 19) (21 , 22) (23 , 24) (27 , 28) (29 , 30) (30 , 31) (33 , 34) (36 , 37) (41 , 42) (42 , 43) (45 , 46) (48 , 49) (51 , 52) (53 , 3) (54 , 4) (59 , 9) (61 , 11) (106 , 5) (108 , 7) (110 , 9) (168 , 16) (171 , 19) (172 , 20) (173 , 21) (174 , 22) (176 , 24) (180 , 28) (181 , 29) (182 , 30) (186 , 34) (192 , 40) (193 , 41) (195 , 43) (198 , 46) (199 , 47) (205 , 2) (206 , 3) (208 , 5) (209 , 6) (210 , 7) (218 , 15) (219 , 16) (224 , 21) (227 , 24) (232 , 29) (241 , 38) (246 , 43) (250 , 47) (252 , 49) (255 , 52) (257 , 3) (259 , 5) (261 , 7) (262 , 8) (271 , 17) (273 , 19) (274 , 20) (275 , 21) (276 , 22) (277 , 23) (279 , 25) (280 , 26) (284 , 30) (285 , 31) (288 , 34) (290 , 36) (291 , 37) (293 , 39) (295 , 41) (296 , 42) (297 , 43) (300 , 46) (302 , 48) (305 , 51) (306 , 52) (307 , 2) (309 , 4) (311 , 6) (315 , 10) (316 , 11) (318 , 13) (322 , 17) (327 , 22) (329 , 24) (330 , 25) (334 , 29) (335 , 30) (338 , 33) (342 , 37) (343 , 38) (344 , 39) (345 , 40) (350 , 45) (353 , 48) (357 , 52) (358 , 2) (360 , 4) (362 , 6) (365 , 9) (367 , 11) (368 , 12) (370 , 14) (371 , 15) (373 , 17) (374 , 18) (375 , 19) (376 , 20) (377 , 21) (378 , 22) (380 , 24) (381 , 25) (382 , 26) (383 , 27) (386 , 30) (387 , 31) (388 , 32) (389 , 33) (395 , 39) (396 , 40) (397 , 41) (399 , 43) (400 , 44) (403 , 47) (406 , 50) (409 , 2) (410 , 3) (411 , 4) (412 , 5) (413 , 6) (414 , 7) (417 , 10) (421 , 14) (423 , 16) (427 , 20) (429 , 22) (431 , 24) (433 , 26) (437 , 30) (438 , 31) (440 , 33) (441 , 34) (442 , 35) (444 , 37) (449 , 42) (450 , 43) (452 , 45) 

Travel Time: 7988.9767186009830766; Profit: 22356; TSP Distance : 7544.3659000000016022; Weight: 10194 / 68614; 0000000
TSP Tour = 1 49 32 45 19 41 8 9 10 43 33 51 11 52 14 13 47 26 27 28 12 25 4 6 15 5 24 48 38 37 40 39 36 35 34 44 46 16 29 50 20 23 30 2 7 42 21 17 3 18 31 22 1
Knapsack Array = 0 0 0 0 0 0 0 0 0 0 0 0 0 0 0 0 0 0 0 0 0 0 0 0 0 0 0 0 0 0 0 0 0 0 0 0 0 0 0 0 0 0 0 0 0 0 0 0 0 0 0 0 0 0 0 0 0 0 0 0 0 0 0 0 0 0 0 0 0 0 0 0 0 0 0 0 0 0 0 0 0 0 0 0 0 0 0 0 0 0 0 0 0 0 0 0 0 0 0 0 0 0 0 0 0 0 0 0 0 0 0 0 0 0 0 0 0 0 0 0 0 0 0 0 0 0 0 0 0 0 0 0 0 0 0 0 0 0 0 0 0 0 0 0 0 0 0 0 0 0 0 0 0 0 0 1 0 1 0 1 1 0 1 1 0 1 1 1 0 0 1 1 1 1 0 1 0 0 0 1 1 1 0 0 0 1 0 0 0 0 0 1 1 0 0 1 0 1 1 0 0 0 0 0 1 1 0 1 1 1 0 0 0 0 0 0 0 1 1 0 0 0 0 1 0 0 1 0 0 0 0 1 0 0 0 0 0 0 0 0 1 0 0 0 0 1 0 0 0 0 0 0 0 0 0 0 0 0 0 0 0 0 0 0 0 0 0 0 0 0 0 0 0 0 0 0 0 0 0 0 0 0 0 0 0 0 0 0 0 0 0 0 0 0 0 0 0 0 0 0 0 0 0 0 0 0 0 0 0 0 0 0 0 0 0 0 0 0 0 0 0 0 0 0 0 0 0 0 0 0 0 0 0 0 0 0 0 0 0 0 0 0 0 0 0 0 0 0 0 0 0 0 0 0 0 0 0 0 0 0 0 0 0 0 0 0 0 0 0 0 0 0 0 0 0 0 0 0 0 0 0 0 0 0 0 0 0 0 0 0 0 0 0 0 0 0 0 0 0 0 0 0 0 0 0 0 0 0 0 0 0 0 0 0 0 0 0 0 0 0 0 0 0 0 0 0 0 0 0 0 0 0 0 0 0 0 0 0 0 0 0 0 0 0 0 0 0 0 0 0 0 0 0 0 0 0 0 0 0 0 0 0 0 0 0 0 0 0 0 0 0 0 0 0 0 0 0 0 0 0 0 0 0 0 0 0 0 0 0 0 0 0 0 0 0 0 0 0 0 0 0 0 0 0 0 0 0 0 0 0 
Picked Items (item,city) = (156 , 4) (158 , 6) (160 , 8) (161 , 9) (163 , 11) (164 , 12) (166 , 14) (167 , 15) (168 , 16) (171 , 19) (172 , 20) (173 , 21) (174 , 22) (176 , 24) (180 , 28) (181 , 29) (182 , 30) (186 , 34) (192 , 40) (193 , 41) (196 , 44) (198 , 46) (199 , 47) (205 , 2) (206 , 3) (208 , 5) (209 , 6) (210 , 7) (218 , 15) (219 , 16) (224 , 21) (227 , 24) (232 , 29) (241 , 38) (246 , 43) 

Travel Time: 8813.4528553858726809; Profit: 53435; TSP Distance : 7544.3659000000016022; Weight: 24603 / 68614; 0000000
TSP Tour = 1 49 32 45 19 41 8 9 10 43 33 51 11 52 14 13 47 26 27 28 12 25 4 6 15 5 24 48 38 37 40 39 36 35 34 44 46 16 29 50 20 23 30 2 7 42 21 17 3 18 31 22 1
Knapsack Array = 0 0 0 0 0 0 0 0 0 0 0 0 0 0 0 0 0 0 0 0 0 0 0 0 0 0 0 0 0 0 0 0 0 0 0 0 0 0 0 0 0 0 0 0 0 0 0 0 0 0 0 0 0 0 0 0 0 0 0 0 0 0 0 0 0 0 0 0 0 0 0 0 0 0 0 0 0 0 0 0 0 0 0 0 0 0 0 0 0 0 0 0 0 0 0 0 0 0 0 0 0 0 0 0 0 0 0 0 0 0 0 0 0 0 0 0 0 0 0 0 0 0 0 0 0 0 0 0 0 0 0 0 0 0 0 0 0 0 0 0 0 0 0 0 0 0 0 0 0 0 0 0 0 0 0 1 0 1 0 1 1 0 1 1 0 1 1 1 0 0 1 1 1 1 0 1 0 0 0 1 1 1 0 0 0 1 0 0 0 0 0 1 1 0 0 1 0 1 1 0 0 0 0 0 1 1 0 1 1 1 0 0 0 0 0 0 0 1 1 0 0 0 0 1 0 0 1 0 0 0 0 1 0 0 0 0 0 0 0 0 1 0 0 0 0 1 0 0 0 0 0 0 0 0 0 0 0 0 0 0 0 0 0 0 0 0 0 0 0 0 0 0 0 0 0 0 0 0 0 0 0 0 0 0 0 0 0 0 0 0 0 0 1 0 1 1 1 0 0 1 0 1 0 0 1 1 1 1 0 0 1 0 0 0 1 1 0 1 0 0 0 1 0 0 0 0 1 0 1 1 0 0 0 1 1 0 0 1 0 0 0 1 1 1 1 0 0 0 0 1 0 0 1 1 0 0 1 0 0 0 0 1 0 0 1 0 1 1 0 1 1 0 1 1 0 1 1 1 0 1 1 1 0 0 0 0 0 0 0 0 0 0 0 0 0 0 0 0 0 0 0 0 0 0 0 0 0 0 0 0 0 0 0 0 0 0 0 0 0 0 0 0 0 0 0 0 0 0 0 0 0 0 0 0 0 0 0 0 0 0 0 0 0 0 0 0 0 0 0 0 0 0 0 0 0 0 0 0 0 0 0 0 0 0 0 0 0 0 0 0 0 0 0 0 0 0 0 0 0 0 0 0 0 0 0 0 0 0 0 0 0 0 0 0 0 0 0 0 0 0 0 0 0 0 0 0 0 0 0 0 
Picked Items (item,city) = (156 , 4) (158 , 6) (160 , 8) (161 , 9) (163 , 11) (164 , 12) (166 , 14) (167 , 15) (168 , 16) (171 , 19) (172 , 20) (173 , 21) (174 , 22) (176 , 24) (180 , 28) (181 , 29) (182 , 30) (186 , 34) (192 , 40) (193 , 41) (196 , 44) (198 , 46) (199 , 47) (205 , 2) (206 , 3) (208 , 5) (209 , 6) (210 , 7) (218 , 15) (219 , 16) (224 , 21) (227 , 24) (232 , 29) (241 , 38) (246 , 43) (293 , 39) (295 , 41) (296 , 42) (297 , 43) (300 , 46) (302 , 48) (305 , 51) (306 , 52) (307 , 2) (308 , 3) (311 , 6) (315 , 10) (316 , 11) (318 , 13) (322 , 17) (327 , 22) (329 , 24) (330 , 25) (334 , 29) (335 , 30) (338 , 33) (342 , 37) (343 , 38) (344 , 39) (345 , 40) (350 , 45) (353 , 48) (354 , 49) (357 , 52) (362 , 6) (365 , 9) (367 , 11) (368 , 12) (370 , 14) (371 , 15) (373 , 17) (374 , 18) (376 , 20) (377 , 21) (378 , 22) (380 , 24) (381 , 25) (382 , 26) 

Travel Time: 8242.1007128858618671; Profit: 38352; TSP Distance : 7544.3659000000016022; Weight: 16006 / 68614; 0000000
TSP Tour = 1 49 32 45 19 41 8 9 10 43 33 51 11 52 14 13 47 26 27 28 12 25 4 6 15 5 24 48 38 37 40 39 36 35 34 44 46 16 29 50 20 23 30 2 7 42 21 17 3 18 31 22 1
Knapsack Array = 1 0 1 0 0 0 1 1 0 0 1 1 0 0 1 0 1 1 0 0 1 0 1 0 0 0 1 0 1 1 0 0 1 0 0 1 0 0 0 0 0 0 0 0 0 0 0 0 0 0 0 0 0 0 0 0 0 0 0 0 0 0 0 0 0 0 0 0 0 0 0 0 0 0 0 0 0 0 0 0 0 0 0 0 0 0 0 0 0 0 0 0 0 0 0 0 0 0 0 0 0 0 0 0 0 0 0 0 0 0 0 0 0 0 0 0 0 0 0 0 0 0 0 0 0 0 0 0 0 0 0 0 0 0 0 0 0 0 0 0 0 0 0 0 0 0 0 0 0 0 0 0 0 0 0 0 0 0 0 0 0 0 0 1 0 1 0 1 0 0 1 0 1 1 0 1 0 0 0 0 0 0 0 0 0 0 0 0 0 0 0 0 0 0 0 0 0 0 0 0 0 0 0 0 0 0 0 0 0 0 0 0 0 0 0 0 0 0 0 0 0 0 0 0 0 0 0 0 0 0 0 0 0 0 0 0 0 0 0 0 0 0 0 0 0 0 0 0 0 1 0 1 0 0 1 0 1 0 1 0 1 1 0 0 0 0 0 0 0 0 1 0 1 1 1 1 1 0 1 1 0 0 0 1 1 0 0 1 0 1 1 0 1 0 1 1 1 0 0 1 0 1 0 0 1 1 1 0 1 0 1 0 0 0 1 1 0 1 0 0 0 1 0 0 0 0 1 0 0 0 0 0 0 0 0 0 0 0 0 0 0 0 0 0 0 0 0 0 0 0 0 0 0 0 0 0 0 0 0 0 0 0 0 0 0 0 0 0 0 0 0 0 0 0 0 0 0 0 0 0 0 0 0 0 0 0 0 0 0 0 0 0 0 0 0 0 0 0 0 0 0 0 0 0 0 0 0 0 0 0 0 0 0 0 0 0 0 0 0 0 0 0 0 0 0 0 0 0 0 0 0 0 0 0 0 0 0 0 0 0 0 0 0 0 0 0 0 0 0 0 0 0 0 0 0 0 0 0 0 0 0 0 0 0 0 0 0 0 0 0 0 0 0 0 0 0 0 0 0 0 0 0 0 0 0 0 0 0 0 0 0 0 0 0 0 0 0 0 0 0 0 0 0 0 0 0 0 0 0 0 
Picked Items (item,city) = (1 , 2) (3 , 4) (7 , 8) (8 , 9) (11 , 12) (12 , 13) (15 , 16) (17 , 18) (18 , 19) (21 , 22) (23 , 24) (27 , 28) (29 , 30) (30 , 31) (33 , 34) (36 , 37) (164 , 12) (166 , 14) (168 , 16) (171 , 19) (173 , 21) (174 , 22) (176 , 24) (250 , 47) (252 , 49) (255 , 52) (257 , 3) (259 , 5) (261 , 7) (262 , 8) (271 , 17) (273 , 19) (274 , 20) (275 , 21) (276 , 22) (277 , 23) (279 , 25) (280 , 26) (284 , 30) (285 , 31) (288 , 34) (290 , 36) (291 , 37) (293 , 39) (295 , 41) (296 , 42) (297 , 43) (300 , 46) (302 , 48) (305 , 51) (306 , 52) (307 , 2) (309 , 4) (311 , 6) (315 , 10) (316 , 11) (318 , 13) (322 , 17) (327 , 22) 

Travel Time: 11523.781463648896533; Profit: 109803; TSP Distance : 7544.3659000000016022; Weight: 51293 / 68614; 0000000
TSP Tour = 1 49 32 45 19 41 8 9 10 43 33 51 11 52 14 13 47 26 27 28 12 25 4 6 15 5 24 48 38 37 40 39 36 35 34 44 46 16 29 50 20 23 30 2 7 42 21 17 3 18 31 22 1
Knapsack Array = 1 0 1 0 0 0 1 1 0 0 1 1 0 0 1 0 1 1 0 0 1 0 1 0 0 0 1 0 1 1 0 0 1 0 0 1 0 0 0 0 1 1 0 0 1 0 0 1 0 0 1 0 1 1 0 0 0 0 1 0 0 0 1 0 1 0 0 0 0 0 0 1 1 1 1 0 0 0 0 0 0 0 0 0 0 0 0 0 0 0 0 0 0 0 0 0 1 0 1 0 0 1 1 1 1 1 0 1 0 1 0 0 1 1 0 0 1 0 0 1 0 0 0 1 1 1 0 0 1 0 0 1 0 1 1 1 0 1 0 1 1 1 0 0 1 0 0 0 0 0 0 1 1 0 0 1 0 1 0 1 1 0 0 1 0 1 0 1 0 0 1 1 1 1 0 1 0 0 0 1 1 1 0 0 0 1 0 0 0 0 0 1 1 1 1 0 0 0 0 0 0 0 0 0 0 0 0 0 0 0 0 0 0 0 0 0 0 0 0 0 0 0 0 0 0 0 0 0 0 0 0 0 0 0 0 0 0 0 0 0 0 0 0 0 0 0 0 0 0 1 0 1 0 0 1 0 1 0 1 0 1 1 0 0 0 0 0 0 0 0 1 0 1 1 1 1 1 0 1 1 0 0 0 1 1 0 0 1 0 1 1 0 1 0 1 1 1 0 0 1 0 1 0 0 1 1 1 0 1 0 1 0 0 0 1 1 0 1 0 0 0 1 0 0 0 0 1 0 0 0 0 0 0 0 0 0 0 0 0 0 0 0 0 0 0 0 0 0 0 0 0 0 0 0 0 0 0 0 0 0 0 0 0 0 0 0 0 0 0 0 0 0 0 0 0 0 0 0 0 0 0 0 0 0 0 0 0 0 0 0 0 0 0 0 1 1 1 0 1 1 0 0 1 0 0 1 0 0 1 1 1 1 1 1 0 0 1 0 0 0 1 0 1 0 0 0 1 0 1 0 1 0 1 0 0 0 1 1 0 1 1 1 0 1 0 0 0 0 1 1 0 1 0 0 0 0 1 0 1 0 1 1 1 1 1 1 0 0 1 0 0 1 0 1 1 1 0 1 1 1 0 0 0 0 0 1 0 1 1 1 1 1 0 0 1 0 1 1 0 1 1 0 1 1 0 1 0 0 1 0 
Picked Items (item,city) = (1 , 2) (3 , 4) (7 , 8) (8 , 9) (11 , 12) (12 , 13) (15 , 16) (17 , 18) (18 , 19) (21 , 22) (23 , 24) (27 , 28) (29 , 30) (30 , 31) (33 , 34) (36 , 37) (41 , 42) (42 , 43) (45 , 46) (48 , 49) (51 , 52) (53 , 3) (54 , 4) (59 , 9) (63 , 13) (65 , 15) (72 , 22) (73 , 23) (74 , 24) (75 , 25) (97 , 47) (99 , 49) (102 , 52) (103 , 2) (104 , 3) (105 , 4) (106 , 5) (108 , 7) (110 , 9) (113 , 12) (114 , 13) (117 , 16) (120 , 19) (124 , 23) (125 , 24) (126 , 25) (129 , 28) (132 , 31) (134 , 33) (135 , 34) (136 , 35) (138 , 37) (140 , 39) (141 , 40) (142 , 41) (145 , 44) (152 , 51) (153 , 52) (156 , 4) (158 , 6) (160 , 8) (161 , 9) (164 , 12) (166 , 14) (168 , 16) (171 , 19) (172 , 20) (173 , 21) (174 , 22) (176 , 24) (180 , 28) (181 , 29) (182 , 30) (186 , 34) (192 , 40) (193 , 41) (194 , 42) (195 , 43) (250 , 47) (252 , 49) (255 , 52) (257 , 3) (259 , 5) (261 , 7) (262 , 8) (271 , 17) (273 , 19) (274 , 20) (275 , 21) (276 , 22) (277 , 23) (279 , 25) (280 , 26) (284 , 30) (285 , 31) (288 , 34) (290 , 36) (291 , 37) (293 , 39) (295 , 41) (296 , 42) (297 , 43) (300 , 46) (302 , 48) (305 , 51) (306 , 52) (307 , 2) (309 , 4) (311 , 6) (315 , 10) (316 , 11) (318 , 13) (322 , 17) (327 , 22) (395 , 39) (396 , 40) (397 , 41) (399 , 43) (400 , 44) (403 , 47) (406 , 50) (409 , 2) (410 , 3) (411 , 4) (412 , 5) (413 , 6) (414 , 7) (417 , 10) (421 , 14) (423 , 16) (427 , 20) (429 , 22) (431 , 24) (433 , 26) (437 , 30) (438 , 31) (440 , 33) (441 , 34) (442 , 35) (444 , 37) (449 , 42) (450 , 43) (452 , 45) (457 , 50) (459 , 52) (461 , 3) (462 , 4) (463 , 5) (464 , 6) (465 , 7) (466 , 8) (469 , 11) (472 , 14) (474 , 16) (475 , 17) (476 , 18) (478 , 20) (479 , 21) (480 , 22) (486 , 28) (488 , 30) (489 , 31) (490 , 32) (491 , 33) (492 , 34) (495 , 37) (497 , 39) (498 , 40) (500 , 42) (501 , 43) (503 , 45) (504 , 46) (506 , 48) (509 , 51) 

Travel Time: 7841.3983379359942774; Profit: 16549; TSP Distance : 7544.3659000000016022; Weight: 7474 / 68614; 0000000
TSP Tour = 1 49 32 45 19 41 8 9 10 43 33 51 11 52 14 13 47 26 27 28 12 25 4 6 15 5 24 48 38 37 40 39 36 35 34 44 46 16 29 50 20 23 30 2 7 42 21 17 3 18 31 22 1
Knapsack Array = 1 0 1 0 0 0 0 0 0 0 0 0 0 0 0 0 1 1 0 0 1 0 1 1 1 0 1 0 0 1 0 0 1 0 0 1 0 0 0 0 1 1 0 0 1 0 0 1 0 0 1 0 1 1 0 0 0 0 1 0 0 0 1 0 1 0 0 0 0 0 1 1 0 0 0 0 0 0 0 0 0 0 0 0 0 0 0 0 0 0 0 0 0 0 0 0 0 0 0 0 0 0 0 0 0 0 0 0 0 0 0 0 0 0 0 0 0 0 0 0 0 0 0 0 0 0 0 0 0 0 0 0 0 0 0 0 0 0 0 0 0 0 0 0 0 0 0 0 0 0 0 0 0 0 0 0 0 0 0 0 0 0 0 0 0 0 0 0 0 0 0 0 0 0 0 0 0 0 0 0 0 0 0 0 0 0 0 0 0 0 0 0 0 0 0 0 0 0 0 0 0 0 0 0 0 0 0 0 0 0 0 0 0 0 0 0 0 0 0 0 0 0 0 0 0 0 0 0 0 0 0 0 0 0 0 0 0 0 0 0 0 0 0 0 0 0 0 0 0 0 0 0 0 0 0 0 0 0 0 0 0 0 0 0 0 0 0 0 0 0 0 0 0 0 0 0 0 0 0 0 0 0 0 0 0 0 0 0 0 0 0 0 0 0 0 0 0 0 0 0 0 0 0 0 0 0 0 0 0 0 0 0 0 0 0 0 0 0 0 0 0 0 0 0 0 0 0 0 0 0 0 0 0 0 0 0 0 0 0 0 0 0 0 0 0 0 0 0 0 0 0 0 0 0 0 0 0 0 0 0 0 0 0 0 0 0 0 0 0 0 0 0 0 0 0 0 0 0 0 0 0 0 0 0 0 0 0 0 0 0 0 0 0 0 0 0 0 0 0 0 0 0 0 0 0 0 0 0 0 0 0 0 0 0 0 0 0 0 0 0 0 0 0 0 0 0 0 0 0 0 0 0 0 0 0 0 0 0 0 0 0 0 0 0 0 0 0 0 0 0 0 0 0 0 0 0 0 0 0 0 0 0 0 0 0 0 0 0 0 0 0 0 0 0 0 0 0 0 0 0 0 0 0 0 0 0 0 0 0 0 0 0 0 0 0 0 0 0 0 0 0 0 0 0 0 0 0 0 0 0 
Picked Items (item,city) = (1 , 2) (3 , 4) (17 , 18) (18 , 19) (21 , 22) (23 , 24) (24 , 25) (25 , 26) (27 , 28) (30 , 31) (33 , 34) (36 , 37) (41 , 42) (42 , 43) (45 , 46) (48 , 49) (51 , 52) (53 , 3) (54 , 4) (59 , 9) (63 , 13) (65 , 15) (71 , 21) (72 , 22) 

Travel Time: 7669.6147075462549765; Profit: 6306; TSP Distance : 7544.3659000000006927; Weight: 2828 / 68614; 0000000
TSP Tour = 1 22 31 18 3 17 21 42 7 2 30 23 20 50 29 16 46 44 34 35 36 39 40 37 38 48 24 5 15 6 4 25 12 28 27 26 47 13 14 52 11 51 33 43 10 9 8 41 19 45 32 49 1
Knapsack Array = 1 0 1 0 0 0 1 1 0 1 1 1 0 0 1 0 1 1 0 0 0 0 0 0 0 0 0 0 0 0 0 0 0 0 0 0 0 0 0 0 0 0 0 0 0 0 0 0 0 0 0 0 0 0 0 0 0 0 0 0 0 0 0 0 0 0 0 0 0 0 0 0 0 0 0 0 0 0 0 0 0 0 0 0 0 0 0 0 0 0 0 0 0 0 0 0 0 0 0 0 0 0 0 0 0 0 0 0 0 0 0 0 0 0 0 0 0 0 0 0 0 0 0 0 0 0 0 0 0 0 0 0 0 0 0 0 0 0 0 0 0 0 0 0 0 0 0 0 0 0 0 0 0 0 0 0 0 0 0 0 0 0 0 0 0 0 0 0 0 0 0 0 0 0 0 0 0 0 0 0 0 0 0 0 0 0 0 0 0 0 0 0 0 0 0 0 0 0 0 0 0 0 0 0 0 0 0 0 0 0 0 0 0 0 0 0 0 0 0 0 0 0 0 0 0 0 0 0 0 0 0 0 0 0 0 0 0 0 0 0 0 0 0 0 0 0 0 0 0 0 0 0 0 0 0 0 0 0 0 0 0 0 0 0 0 0 0 0 0 0 0 0 0 0 0 0 0 0 0 0 0 0 0 0 0 0 0 0 0 0 0 0 0 0 0 0 0 0 0 0 0 0 0 0 0 0 0 0 0 0 0 0 0 0 0 0 0 0 0 0 0 0 0 0 0 0 0 0 0 0 0 0 0 0 0 0 0 0 0 0 0 0 0 0 0 0 0 0 0 0 0 0 0 0 0 0 0 0 0 0 0 0 0 0 0 0 0 0 0 0 0 0 0 0 0 0 0 0 0 0 0 0 0 0 0 0 0 0 0 0 0 0 0 0 0 0 0 0 0 0 0 0 0 0 0 0 0 0 0 0 0 0 0 0 0 0 0 0 0 0 0 0 0 0 0 0 0 0 0 0 0 0 0 0 0 0 0 0 0 0 0 0 0 0 0 0 0 0 0 0 0 0 0 0 0 0 0 0 0 0 0 0 0 0 0 0 0 0 0 0 0 0 0 0 0 0 0 0 0 0 0 0 0 0 0 0 0 0 0 0 0 0 0 0 0 0 0 0 0 0 0 0 0 0 0 0 0 0 0 0 
Picked Items (item,city) = (1 , 2) (3 , 4) (7 , 8) (8 , 9) (10 , 11) (11 , 12) (12 , 13) (15 , 16) (17 , 18) (18 , 19) 

Travel Time: 12731.925618696006495; Profit: 130937; TSP Distance : 7544.3659000000016022; Weight: 60776 / 68614; 0000000
TSP Tour = 1 49 32 45 19 41 8 9 10 43 33 51 11 52 14 13 47 26 27 28 12 25 4 6 15 5 24 48 38 37 40 39 36 35 34 44 46 16 29 50 20 23 30 2 7 42 21 17 3 18 31 22 1
Knapsack Array = 0 0 0 0 0 0 0 0 0 0 0 0 0 0 0 0 0 0 0 0 0 0 0 0 0 0 0 0 0 0 0 0 0 0 0 0 0 0 0 0 0 0 0 0 1 0 0 1 0 0 1 0 1 1 0 0 0 0 1 0 0 0 1 0 1 0 0 0 0 0 0 1 1 1 1 0 1 0 0 0 0 0 1 0 0 0 1 1 0 0 0 0 0 0 0 0 1 0 0 1 0 1 1 1 0 1 0 1 0 1 0 0 1 1 0 0 1 1 0 0 0 0 0 1 1 1 0 0 1 0 0 1 0 0 1 1 0 1 0 1 1 0 0 0 1 0 0 0 0 0 0 1 1 0 0 1 0 1 0 1 1 0 1 1 0 1 0 1 0 0 1 0 1 1 0 1 0 0 0 1 1 1 0 0 0 1 0 0 0 0 0 1 0 1 1 0 0 1 1 0 0 0 0 0 1 1 0 1 1 1 0 0 0 1 0 0 0 1 1 0 1 0 0 1 1 0 1 0 0 0 0 1 0 0 0 0 0 0 0 0 1 0 0 0 0 1 0 0 1 1 0 1 0 0 1 0 1 0 0 1 1 1 0 0 0 0 0 0 0 0 1 0 1 0 1 1 1 0 1 1 0 0 0 1 1 0 0 1 0 1 1 0 1 0 1 1 1 0 0 1 0 1 0 0 1 1 1 1 1 0 1 0 0 0 1 1 0 1 0 0 0 1 0 0 0 0 1 0 1 1 0 0 0 1 1 0 0 1 0 0 0 1 0 1 1 0 0 0 0 1 0 0 1 0 0 0 1 1 0 1 0 1 0 0 1 0 1 1 0 1 1 0 1 1 0 1 1 1 0 1 1 1 1 0 0 1 1 0 1 0 0 0 0 0 1 1 1 0 1 1 0 0 1 0 0 1 0 0 1 1 1 1 1 1 0 0 1 0 0 0 1 0 1 0 0 0 1 1 1 0 1 1 1 0 0 0 1 1 0 1 1 1 0 1 0 0 0 0 1 1 0 1 0 0 0 0 1 1 1 0 1 1 1 1 0 1 0 0 1 0 0 1 0 1 1 0 0 1 1 1 0 0 0 0 0 1 0 1 1 1 1 1 0 0 1 0 1 1 0 1 1 0 1 1 0 1 0 0 0 0 
Picked Items (item,city) = (45 , 46) (48 , 49) (51 , 52) (53 , 3) (54 , 4) (59 , 9) (63 , 13) (65 , 15) (72 , 22) (73 , 23) (74 , 24) (75 , 25) (77 , 27) (83 , 33) (87 , 37) (88 , 38) (97 , 47) (100 , 50) (102 , 52) (103 , 2) (104 , 3) (106 , 5) (108 , 7) (110 , 9) (113 , 12) (114 , 13) (117 , 16) (118 , 17) (124 , 23) (125 , 24) (126 , 25) (129 , 28) (132 , 31) (135 , 34) (136 , 35) (138 , 37) (140 , 39) (141 , 40) (145 , 44) (152 , 51) (153 , 52) (156 , 4) (158 , 6) (160 , 8) (161 , 9) (163 , 11) (164 , 12) (166 , 14) (168 , 16) (171 , 19) (173 , 21) (174 , 22) (176 , 24) (180 , 28) (181 , 29) (182 , 30) (186 , 34) (192 , 40) (194 , 42) (195 , 43) (198 , 46) (199 , 47) (205 , 2) (206 , 3) (208 , 5) (209 , 6) (210 , 7) (214 , 11) (218 , 15) (219 , 16) (221 , 18) (224 , 21) (225 , 22) (227 , 24) (232 , 29) (241 , 38) (246 , 43) (249 , 46) (250 , 47) (252 , 49) (255 , 52) (257 , 3) (260 , 6) (261 , 7) (262 , 8) (271 , 17) (273 , 19) (275 , 21) (276 , 22) (277 , 23) (279 , 25) (280 , 26) (284 , 30) (285 , 31) (288 , 34) (290 , 36) (291 , 37) (293 , 39) (295 , 41) (296 , 42) (297 , 43) (300 , 46) (302 , 48) (305 , 51) (306 , 52) (307 , 2) (308 , 3) (309 , 4) (311 , 6) (315 , 10) (316 , 11) (318 , 13) (322 , 17) (327 , 22) (329 , 24) (330 , 25) (334 , 29) (335 , 30) (338 , 33) (342 , 37) (344 , 39) (345 , 40) (350 , 45) (353 , 48) (357 , 52) (358 , 2) (360 , 4) (362 , 6) (365 , 9) (367 , 11) (368 , 12) (370 , 14) (371 , 15) (373 , 17) (374 , 18) (376 , 20) (377 , 21) (378 , 22) (380 , 24) (381 , 25) (382 , 26) (383 , 27) (386 , 30) (387 , 31) (389 , 33) (395 , 39) (396 , 40) (397 , 41) (399 , 43) (400 , 44) (403 , 47) (406 , 50) (409 , 2) (410 , 3) (411 , 4) (412 , 5) (413 , 6) (414 , 7) (417 , 10) (421 , 14) (423 , 16) (427 , 20) (428 , 21) (429 , 22) (431 , 24) (432 , 25) (433 , 26) (437 , 30) (438 , 31) (440 , 33) (441 , 34) (442 , 35) (444 , 37) (449 , 42) (450 , 43) (452 , 45) (457 , 50) (458 , 51) (459 , 52) (461 , 3) (462 , 4) (463 , 5) (464 , 6) (466 , 8) (469 , 11) (472 , 14) (474 , 16) (475 , 17) (478 , 20) (479 , 21) (480 , 22) (486 , 28) (488 , 30) (489 , 31) (490 , 32) (491 , 33) (492 , 34) (495 , 37) (497 , 39) (498 , 40) (500 , 42) (501 , 43) (503 , 45) (504 , 46) (506 , 48) 

Travel Time: 9306.0716602310476446; Profit: 75707; TSP Distance : 7544.3659000000016022; Weight: 34122 / 68614; 0000000
TSP Tour = 1 49 32 45 19 41 8 9 10 43 33 51 11 52 14 13 47 26 27 28 12 25 4 6 15 5 24 48 38 37 40 39 36 35 34 44 46 16 29 50 20 23 30 2 7 42 21 17 3 18 31 22 1
Knapsack Array = 0 0 0 0 0 0 0 0 0 0 0 0 0 0 0 0 0 0 0 0 0 0 0 0 0 0 0 0 0 0 0 0 0 0 0 0 0 0 0 0 0 0 0 0 0 0 0 0 0 0 0 0 0 0 0 0 0 0 0 0 0 0 0 0 0 0 0 0 0 0 0 0 0 0 0 0 0 0 0 0 0 0 0 0 0 0 0 0 0 0 0 0 0 0 0 0 0 0 0 0 0 0 0 0 0 0 0 0 0 0 0 0 0 0 0 0 0 0 0 0 0 0 0 0 0 0 0 0 0 0 0 0 0 0 0 1 0 1 0 1 1 0 0 0 1 0 0 0 0 0 0 1 1 0 0 1 0 1 0 1 1 0 1 1 0 1 0 1 0 0 1 0 1 1 0 1 0 0 0 1 1 1 0 0 0 1 0 0 0 0 0 1 0 1 1 0 0 1 1 0 0 0 0 0 1 1 0 1 1 1 0 0 0 1 0 0 0 1 1 0 1 0 0 1 1 0 1 0 0 0 0 1 0 0 0 0 0 0 0 0 1 0 0 0 0 1 0 0 1 1 0 1 0 0 1 0 1 0 0 1 1 1 0 0 0 0 0 0 0 0 1 0 1 0 1 1 1 0 1 1 0 0 0 1 1 0 0 1 0 1 1 0 1 0 1 1 1 0 0 1 0 1 0 0 1 1 1 1 1 0 1 0 0 0 1 1 0 1 0 0 0 1 0 0 0 0 1 0 1 1 0 0 0 1 1 0 0 1 0 0 0 1 0 1 1 0 0 0 0 1 0 0 1 0 0 0 1 1 0 1 0 1 0 0 1 0 1 1 0 1 1 0 1 1 0 1 1 1 0 1 1 1 1 0 0 1 1 0 1 0 0 0 0 0 1 1 1 0 1 1 0 0 1 0 0 0 0 0 0 0 0 0 0 0 0 0 0 0 0 0 0 0 0 0 0 0 0 0 0 0 0 0 0 0 0 0 0 0 0 0 0 0 0 0 0 0 0 0 0 0 0 0 0 0 0 0 0 0 0 0 0 0 0 0 0 0 0 0 0 0 0 0 0 0 0 0 0 0 0 0 0 0 0 0 0 0 0 0 0 0 0 0 0 0 0 0 0 0 0 0 0 0 0 0 0 0 0 0 0 0 
Picked Items (item,city) = (136 , 35) (138 , 37) (140 , 39) (141 , 40) (145 , 44) (152 , 51) (153 , 52) (156 , 4) (158 , 6) (160 , 8) (161 , 9) (163 , 11) (164 , 12) (166 , 14) (168 , 16) (171 , 19) (173 , 21) (174 , 22) (176 , 24) (180 , 28) (181 , 29) (182 , 30) (186 , 34) (192 , 40) (194 , 42) (195 , 43) (198 , 46) (199 , 47) (205 , 2) (206 , 3) (208 , 5) (209 , 6) (210 , 7) (214 , 11) (218 , 15) (219 , 16) (221 , 18) (224 , 21) (225 , 22) (227 , 24) (232 , 29) (241 , 38) (246 , 43) (249 , 46) (250 , 47) (252 , 49) (255 , 52) (257 , 3) (260 , 6) (261 , 7) (262 , 8) (271 , 17) (273 , 19) (275 , 21) (276 , 22) (277 , 23) (279 , 25) (280 , 26) (284 , 30) (285 , 31) (288 , 34) (290 , 36) (291 , 37) (293 , 39) (295 , 41) (296 , 42) (297 , 43) (300 , 46) (302 , 48) (305 , 51) (306 , 52) (307 , 2) (308 , 3) (309 , 4) (311 , 6) (315 , 10) (316 , 11) (318 , 13) (322 , 17) (327 , 22) (329 , 24) (330 , 25) (334 , 29) (335 , 30) (338 , 33) (342 , 37) (344 , 39) (345 , 40) (350 , 45) (353 , 48) (357 , 52) (358 , 2) (360 , 4) (362 , 6) (365 , 9) (367 , 11) (368 , 12) (370 , 14) (371 , 15) (373 , 17) (374 , 18) (376 , 20) (377 , 21) (378 , 22) (380 , 24) (381 , 25) (382 , 26) (383 , 27) (386 , 30) (387 , 31) (389 , 33) (395 , 39) (396 , 40) (397 , 41) (399 , 43) (400 , 44) (403 , 47) 


Pareto (Travel Time; Profit; IsValid)

7544.3659000000006927 ; 0; 0000000
7745.0506397540721082 ; 9995; 0000000
8827.5858913812335231 ; 60516; 0000000
14793.591163169812717 ; 138235; 0000000
7733.388996212613165 ; 9355; 0000000
10911.042854241066379 ; 103477; 0000000
7858.0849118753521907 ; 21980; 0000000
7626.8459763014179771 ; 5650; 0000000
7773.2841329374050474 ; 13109; 0000000
7553.9865656523634243 ; 514; 0000000
11605.74413767394617 ; 113901; 0000000
10453.443111883223537 ; 94076; 0000000
9999.4429296974831232 ; 92641; 0000000
11920.426093110911097 ; 118921; 0000000
13747.324969433711885 ; 132554; 0000000
7559.5852900253457847 ; 1116; 0000000
7544.3822530324414402 ; 119; 0000000
9929.59074967502238 ; 89717; 0000000
10661.020840982890149 ; 100590; 0000000
7988.9767186009830766 ; 22356; 0000000
8813.4528553858726809 ; 53435; 0000000
8242.1007128858618671 ; 38352; 0000000
11523.781463648896533 ; 109803; 0000000
7841.3983379359942774 ; 16549; 0000000
7669.6147075462549765 ; 6306; 0000000
12731.925618696006495 ; 130937; 0000000
9306.0716602310476446 ; 75707; 0000000
