Travel Time: 9037.8191810854623327; Profit: 10599; TSP Distance : 7684.2316000000018903; Weight: 3845 / 6735; 0000000
TSP Tour = 1 45 19 41 8 9 10 43 33 51 11 52 14 13 47 26 27 28 12 25 4 6 15 5 24 48 38 37 40 39 36 35 34 44 46 16 29 50 20 23 30 2 7 42 21 17 3 18 31 22 32 49 1
Knapsack Array = 0 0 1 0 0 0 0 0 0 0 0 1 0 0 0 0 1 1 0 0 1 0 1 0 0 0 1 0 1 1 1 0 1 0 0 1 0 0 0 0 0 0 0 0 0 0 0 1 0 0 1 
Picked Items (item,city) = (3 , 4) (12 , 13) (17 , 18) (18 , 19) (21 , 22) (23 , 24) (27 , 28) (29 , 30) (30 , 31) (31 , 32) (33 , 34) (36 , 37) (48 , 49) (51 , 52) 

Travel Time: 8756.9138281749437738; Profit: 9721; TSP Distance : 7684.2316000000018903; Weight: 3479 / 6735; 0000000
TSP Tour = 1 45 19 41 8 9 10 43 33 51 11 52 14 13 47 26 27 28 12 25 4 6 15 5 24 48 38 37 40 39 36 35 34 44 46 16 29 50 20 23 30 2 7 42 21 17 3 18 31 22 32 49 1
Knapsack Array = 1 0 0 0 0 0 0 0 0 0 0 1 0 0 0 0 1 1 0 0 1 0 1 0 0 0 1 0 1 1 1 0 1 0 0 1 0 0 0 0 0 0 0 0 0 0 0 1 0 0 1 
Picked Items (item,city) = (1 , 2) (12 , 13) (17 , 18) (18 , 19) (21 , 22) (23 , 24) (27 , 28) (29 , 30) (30 , 31) (31 , 32) (33 , 34) (36 , 37) (48 , 49) (51 , 52) 

Travel Time: 8756.5768966811156133; Profit: 9602; TSP Distance : 7684.2316000000018903; Weight: 3478 / 6735; 0000000
TSP Tour = 1 45 19 41 8 9 10 43 33 51 11 52 14 13 47 26 27 28 12 25 4 6 15 5 24 48 38 37 40 39 36 35 34 44 46 16 29 50 20 23 30 2 7 42 21 17 3 18 31 22 32 49 1
Knapsack Array = 0 0 0 0 0 0 0 0 0 0 0 1 0 0 0 0 1 1 0 0 1 0 1 0 0 0 1 0 1 1 1 0 1 0 0 1 0 0 0 0 0 0 0 0 0 0 0 1 0 0 1 
Picked Items (item,city) = (12 , 13) (17 , 18) (18 , 19) (21 , 22) (23 , 24) (27 , 28) (29 , 30) (30 , 31) (31 , 32) (33 , 34) (36 , 37) (48 , 49) (51 , 52) 

Travel Time: 7699.9474410587845341; Profit: 2595; TSP Distance : 7544.3659000000006927; Weight: 599 / 6735; 0000000
TSP Tour = 1 49 32 45 19 41 8 9 10 43 33 51 11 52 14 13 47 26 27 28 12 25 4 6 15 5 24 48 38 37 40 39 36 35 34 44 46 16 29 50 20 23 30 2 7 42 21 17 3 18 31 22 1
Knapsack Array = 0 0 0 0 0 0 0 0 0 0 0 0 0 0 0 0 0 1 0 0 0 0 0 0 0 0 0 0 0 1 0 0 1 0 0 1 0 0 0 0 0 0 0 0 0 0 0 0 0 0 0 
Picked Items (item,city) = (18 , 19) (30 , 31) (33 , 34) (36 , 37) 

Travel Time: 7544.3659000000006927; Profit: 0; TSP Distance : 7544.3659000000006927; Weight: 0 / 6735; 0000000
TSP Tour = 1 22 31 18 3 17 21 42 7 2 30 23 20 50 29 16 46 44 34 35 36 39 40 37 38 48 24 5 15 6 4 25 12 28 27 26 47 13 14 52 11 51 33 43 10 9 8 41 19 45 32 49 1
Knapsack Array = 0 0 0 0 0 0 0 0 0 0 0 0 0 0 0 0 0 0 0 0 0 0 0 0 0 0 0 0 0 0 0 0 0 0 0 0 0 0 0 0 0 0 0 0 0 0 0 0 0 0 0 
Picked Items (item,city) = 

Travel Time: 7556.296250069330199; Profit: 584; TSP Distance : 7544.3659000000016022; Weight: 31 / 6735; 0000000
TSP Tour = 1 49 32 45 19 41 8 9 10 43 33 51 11 52 14 13 47 26 27 28 12 25 4 6 15 5 24 48 38 37 40 39 36 35 34 44 46 16 29 50 20 23 30 2 7 42 21 17 3 18 31 22 1
Knapsack Array = 0 0 0 0 0 0 0 0 0 0 0 0 0 0 0 0 0 0 0 0 0 0 0 0 0 0 0 0 0 0 0 0 0 0 0 1 0 0 0 0 0 0 0 0 0 0 0 0 0 0 0 
Picked Items (item,city) = (36 , 37) 

Travel Time: 12084.290244416801215; Profit: 13116; TSP Distance : 8319.6084000000028027; Weight: 5630 / 6735; 0000000
TSP Tour = 1 21 17 3 19 41 8 45 9 10 43 33 51 11 52 14 13 47 26 27 28 12 25 4 6 15 5 24 48 38 37 40 39 36 35 34 44 46 16 29 50 20 23 30 2 7 42 18 31 22 49 32 1
Knapsack Array = 0 0 1 0 0 0 1 1 0 1 0 1 0 0 1 0 1 1 0 0 0 0 0 0 0 0 1 0 0 1 1 0 1 0 0 1 0 0 0 0 1 1 0 0 1 0 0 1 0 0 1 
Picked Items (item,city) = (3 , 4) (7 , 8) (8 , 9) (10 , 11) (12 , 13) (15 , 16) (17 , 18) (18 , 19) (27 , 28) (30 , 31) (31 , 32) (33 , 34) (36 , 37) (41 , 42) (42 , 43) (45 , 46) (48 , 49) (51 , 52) 

Travel Time: 7620.5974855973536251; Profit: 1856; TSP Distance : 7544.3659000000006927; Weight: 575 / 6735; 0000000
TSP Tour = 1 22 31 18 3 17 21 42 7 2 30 23 20 50 29 16 46 44 34 35 36 39 40 37 38 48 24 5 15 6 4 25 12 28 27 26 47 13 14 52 11 51 33 43 10 9 8 41 19 45 32 49 1
Knapsack Array = 0 0 0 0 0 0 0 0 0 0 0 0 0 0 0 0 0 0 0 0 0 0 0 0 0 0 0 0 0 0 0 0 0 0 0 0 0 0 0 0 0 0 0 0 0 0 0 1 0 0 1 
Picked Items (item,city) = (48 , 49) (51 , 52) 

Travel Time: 7621.4598593679174883; Profit: 1975; TSP Distance : 7544.3659000000006927; Weight: 576 / 6735; 0000000
TSP Tour = 1 22 31 18 3 17 21 42 7 2 30 23 20 50 29 16 46 44 34 35 36 39 40 37 38 48 24 5 15 6 4 25 12 28 27 26 47 13 14 52 11 51 33 43 10 9 8 41 19 45 32 49 1
Knapsack Array = 1 0 0 0 0 0 0 0 0 0 0 0 0 0 0 0 0 0 0 0 0 0 0 0 0 0 0 0 0 0 0 0 0 0 0 0 0 0 0 0 0 0 0 0 0 0 0 1 0 0 1 
Picked Items (item,city) = (1 , 2) (48 , 49) (51 , 52) 

Travel Time: 15122.489469508069305; Profit: 15547; TSP Distance : 7616.2462000000014086; Weight: 6706 / 6735; 0000000
TSP Tour = 1 31 18 3 17 21 42 7 2 30 23 20 50 29 16 46 44 34 35 36 39 40 37 38 48 24 5 15 6 4 25 12 28 27 26 47 13 14 52 11 51 33 43 10 9 8 41 19 45 32 49 22 1
Knapsack Array = 1 0 1 0 0 0 1 1 0 1 0 1 0 0 1 0 1 1 0 0 1 0 1 1 0 0 1 0 1 1 1 0 1 0 0 1 0 0 0 0 1 1 0 0 1 0 0 1 0 0 1 
Picked Items (item,city) = (1 , 2) (3 , 4) (7 , 8) (8 , 9) (10 , 11) (12 , 13) (15 , 16) (17 , 18) (18 , 19) (21 , 22) (23 , 24) (24 , 25) (27 , 28) (29 , 30) (30 , 31) (31 , 32) (33 , 34) (36 , 37) (41 , 42) (42 , 43) (45 , 46) (48 , 49) (51 , 52) 

Travel Time: 7600.9966768132653669; Profit: 1435; TSP Distance : 7544.3659000000006927; Weight: 608 / 6735; 0000000
TSP Tour = 1 22 31 18 3 17 21 42 7 2 30 23 20 50 29 16 46 44 34 35 36 39 40 37 38 48 24 5 15 6 4 25 12 28 27 26 47 13 14 52 11 51 33 43 10 9 8 41 19 45 32 49 1
Knapsack Array = 0 0 0 0 0 0 1 1 0 0 0 0 0 0 0 0 0 0 0 0 0 0 0 0 0 0 0 0 0 0 0 0 0 0 0 0 0 0 0 0 0 0 0 0 0 0 0 0 0 0 0 
Picked Items (item,city) = (7 , 8) (8 , 9) 

Travel Time: 7584.6776516930012804; Profit: 838; TSP Distance : 7544.3659000000016022; Weight: 100 / 6735; 0000000
TSP Tour = 1 49 32 45 19 41 8 9 10 43 33 51 11 52 14 13 47 26 27 28 12 25 4 6 15 5 24 48 38 37 40 39 36 35 34 44 46 16 29 50 20 23 30 2 7 42 21 17 3 18 31 22 1
Knapsack Array = 0 0 0 0 0 0 0 0 0 0 0 0 0 0 0 0 0 0 0 0 0 0 1 0 0 0 0 0 0 0 0 0 0 0 0 0 0 0 0 0 0 0 0 0 0 0 0 0 0 0 0 
Picked Items (item,city) = (23 , 24) 

Travel Time: 7830.053634594290088; Profit: 4964; TSP Distance : 7544.3659000000016022; Weight: 1449 / 6735; 0000000
TSP Tour = 1 49 32 45 19 41 8 9 10 43 33 51 11 52 14 13 47 26 27 28 12 25 4 6 15 5 24 48 38 37 40 39 36 35 34 44 46 16 29 50 20 23 30 2 7 42 21 17 3 18 31 22 1
Knapsack Array = 0 0 0 0 0 0 0 0 0 0 0 0 0 0 1 1 1 1 0 0 1 0 1 0 0 0 0 0 0 0 0 0 1 0 0 1 0 0 0 0 0 0 0 0 0 0 0 0 0 0 0 
Picked Items (item,city) = (15 , 16) (16 , 17) (17 , 18) (18 , 19) (21 , 22) (23 , 24) (33 , 34) (36 , 37) 

Travel Time: 9289.1458645026359591; Profit: 11108; TSP Distance : 7684.2316000000018903; Weight: 4671 / 6735; 0000000
TSP Tour = 1 45 19 41 8 9 10 43 33 51 11 52 14 13 47 26 27 28 12 25 4 6 15 5 24 48 38 37 40 39 36 35 34 44 46 16 29 50 20 23 30 2 7 42 21 17 3 18 31 22 32 49 1
Knapsack Array = 0 0 0 0 0 0 0 0 0 0 0 0 0 0 1 1 1 1 0 0 1 0 1 0 0 0 1 0 1 1 1 0 1 0 0 1 0 0 0 0 1 1 0 0 1 0 0 1 0 0 1 
Picked Items (item,city) = (15 , 16) (16 , 17) (17 , 18) (18 , 19) (21 , 22) (23 , 24) (27 , 28) (29 , 30) (30 , 31) (31 , 32) (33 , 34) (36 , 37) (41 , 42) (42 , 43) (45 , 46) (48 , 49) (51 , 52) 

Travel Time: 7544.5325194814440692; Profit: 119; TSP Distance : 7544.3659000000016022; Weight: 1 / 6735; 0000000
TSP Tour = 1 49 32 45 19 41 8 9 10 43 33 51 11 52 14 13 47 26 27 28 12 25 4 6 15 5 24 48 38 37 40 39 36 35 34 44 46 16 29 50 20 23 30 2 7 42 21 17 3 18 31 22 1
Knapsack Array = 1 0 0 0 0 0 0 0 0 0 0 0 0 0 0 0 0 0 0 0 0 0 0 0 0 0 0 0 0 0 0 0 0 0 0 0 0 0 0 0 0 0 0 0 0 0 0 0 0 0 0 
Picked Items (item,city) = (1 , 2) 

Travel Time: 8237.3062915951250034; Profit: 6206; TSP Distance : 7544.3659000000016022; Weight: 2403 / 6735; 0000000
TSP Tour = 1 49 32 45 19 41 8 9 10 43 33 51 11 52 14 13 47 26 27 28 12 25 4 6 15 5 24 48 38 37 40 39 36 35 34 44 46 16 29 50 20 23 30 2 7 42 21 17 3 18 31 22 1
Knapsack Array = 1 0 1 0 0 0 0 0 0 0 0 0 0 0 1 1 1 1 0 0 1 0 1 0 0 0 1 0 1 1 0 0 0 0 0 0 0 0 0 0 0 0 0 0 0 0 0 0 0 0 0 
Picked Items (item,city) = (1 , 2) (3 , 4) (15 , 16) (16 , 17) (17 , 18) (18 , 19) (21 , 22) (23 , 24) (27 , 28) (29 , 30) (30 , 31) 

Travel Time: 7640.6956974890726997; Profit: 2440; TSP Distance : 7544.3659000000006927; Weight: 606 / 6735; 0000000
TSP Tour = 1 22 31 18 3 17 21 42 7 2 30 23 20 50 29 16 46 44 34 35 36 39 40 37 38 48 24 5 15 6 4 25 12 28 27 26 47 13 14 52 11 51 33 43 10 9 8 41 19 45 32 49 1
Knapsack Array = 0 0 0 0 0 0 0 0 0 0 0 0 0 0 0 0 0 0 0 0 0 0 0 0 0 0 0 0 0 0 0 0 0 0 0 1 0 0 0 0 0 0 0 0 0 0 0 1 0 0 1 
Picked Items (item,city) = (36 , 37) (48 , 49) (51 , 52) 


Pareto (Travel Time; Profit; IsValid)

9037.8191810854623327 ; 10599; 0000000
8756.9138281749437738 ; 9721; 0000000
8756.5768966811156133 ; 9602; 0000000
7699.9474410587845341 ; 2595; 0000000
7544.3659000000006927 ; 0; 0000000
7556.296250069330199 ; 584; 0000000
12084.290244416801215 ; 13116; 0000000
7620.5974855973536251 ; 1856; 0000000
7621.4598593679174883 ; 1975; 0000000
15122.489469508069305 ; 15547; 0000000
7600.9966768132653669 ; 1435; 0000000
7584.6776516930012804 ; 838; 0000000
7830.053634594290088 ; 4964; 0000000
9289.1458645026359591 ; 11108; 0000000
7544.5325194814440692 ; 119; 0000000
8237.3062915951250034 ; 6206; 0000000
7640.6956974890726997 ; 2440; 0000000
