Travel Time: 11432.449372692231918; Profit: 30133; TSP Distance : 7632.7636000000011336; Weight: 11151 / 13920; 0000000
TSP Tour = 1 32 45 19 41 8 9 10 43 33 51 11 52 14 13 47 26 27 28 12 25 4 6 15 5 24 48 38 37 40 39 36 35 34 44 46 16 29 50 20 23 30 2 7 42 21 17 3 18 31 22 49 1
Knapsack Array = 1 0 1 0 0 0 1 0 0 0 0 1 0 0 1 0 1 1 0 0 1 0 1 0 0 0 1 0 0 1 0 0 1 0 0 1 0 0 0 0 1 1 0 0 1 0 0 1 0 0 1 0 1 1 0 0 1 0 1 0 0 0 1 0 1 0 0 0 0 0 1 1 0 1 1 0 1 0 0 0 0 0 1 0 0 0 1 1 0 0 0 0 0 0 0 0 1 0 0 0 0 1 0 0 0 1 0 1 0 1 0 0 1 1 0 0 1 0 0 0 0 1 0 0 1 1 0 0 0 0 0 1 0 0 0 0 0 0 0 0 0 0 0 0 0 0 0 0 0 0 0 1 1 
Picked Items (item,city) = (1 , 2) (3 , 4) (7 , 8) (12 , 13) (15 , 16) (17 , 18) (18 , 19) (21 , 22) (23 , 24) (27 , 28) (30 , 31) (33 , 34) (36 , 37) (41 , 42) (42 , 43) (45 , 46) (48 , 49) (51 , 52) (53 , 3) (54 , 4) (57 , 7) (59 , 9) (63 , 13) (65 , 15) (71 , 21) (72 , 22) (74 , 24) (75 , 25) (77 , 27) (83 , 33) (87 , 37) (88 , 38) (97 , 47) (102 , 52) (106 , 5) (108 , 7) (110 , 9) (113 , 12) (114 , 13) (117 , 16) (122 , 21) (125 , 24) (126 , 25) (132 , 31) (152 , 51) (153 , 52) 

Travel Time: 11033.520942535957147; Profit: 28481; TSP Distance : 7632.7636000000011336; Weight: 10758 / 13920; 0000000
TSP Tour = 1 32 45 19 41 8 9 10 43 33 51 11 52 14 13 47 26 27 28 12 25 4 6 15 5 24 48 38 37 40 39 36 35 34 44 46 16 29 50 20 23 30 2 7 42 21 17 3 18 31 22 49 1
Knapsack Array = 1 0 1 0 0 0 1 0 0 0 0 1 0 0 1 0 1 1 0 0 1 0 1 0 0 0 1 0 0 1 0 0 1 0 0 1 0 0 0 0 1 1 0 0 1 0 0 1 0 0 1 0 1 1 0 0 1 0 1 0 0 0 1 0 1 0 0 0 0 0 1 1 0 1 1 0 1 0 0 0 0 0 1 0 0 0 1 1 0 0 0 0 0 0 0 0 1 0 0 0 0 1 0 0 0 1 0 1 0 1 0 0 1 1 0 0 1 0 0 0 0 1 0 0 1 1 0 0 0 0 0 1 0 0 0 0 0 0 0 0 0 0 0 0 0 0 0 0 0 0 0 0 0 
Picked Items (item,city) = (1 , 2) (3 , 4) (7 , 8) (12 , 13) (15 , 16) (17 , 18) (18 , 19) (21 , 22) (23 , 24) (27 , 28) (30 , 31) (33 , 34) (36 , 37) (41 , 42) (42 , 43) (45 , 46) (48 , 49) (51 , 52) (53 , 3) (54 , 4) (57 , 7) (59 , 9) (63 , 13) (65 , 15) (71 , 21) (72 , 22) (74 , 24) (75 , 25) (77 , 27) (83 , 33) (87 , 37) (88 , 38) (97 , 47) (102 , 52) (106 , 5) (108 , 7) (110 , 9) (113 , 12) (114 , 13) (117 , 16) (122 , 21) (125 , 24) (126 , 25) (132 , 31) 

Travel Time: 7544.3659000000006927; Profit: 0; TSP Distance : 7544.3659000000006927; Weight: 0 / 13920; 0000000
TSP Tour = 1 22 31 18 3 17 21 42 7 2 30 23 20 50 29 16 46 44 34 35 36 39 40 37 38 48 24 5 15 6 4 25 12 28 27 26 47 13 14 52 11 51 33 43 10 9 8 41 19 45 32 49 1
Knapsack Array = 0 0 0 0 0 0 0 0 0 0 0 0 0 0 0 0 0 0 0 0 0 0 0 0 0 0 0 0 0 0 0 0 0 0 0 0 0 0 0 0 0 0 0 0 0 0 0 0 0 0 0 0 0 0 0 0 0 0 0 0 0 0 0 0 0 0 0 0 0 0 0 0 0 0 0 0 0 0 0 0 0 0 0 0 0 0 0 0 0 0 0 0 0 0 0 0 0 0 0 0 0 0 0 0 0 0 0 0 0 0 0 0 0 0 0 0 0 0 0 0 0 0 0 0 0 0 0 0 0 0 0 0 0 0 0 0 0 0 0 0 0 0 0 0 0 0 0 0 0 0 0 0 0 
Picked Items (item,city) = 

Travel Time: 7621.0097404569669379; Profit: 3020; TSP Distance : 7544.3659000000016022; Weight: 628 / 13920; 0000000
TSP Tour = 1 49 32 45 19 41 8 9 10 43 33 51 11 52 14 13 47 26 27 28 12 25 4 6 15 5 24 48 38 37 40 39 36 35 34 44 46 16 29 50 20 23 30 2 7 42 21 17 3 18 31 22 1
Knapsack Array = 0 0 0 0 0 0 0 0 0 0 0 0 0 0 1 0 1 1 0 0 0 0 0 0 0 0 0 0 0 0 0 0 0 0 0 0 0 0 0 0 0 0 0 0 0 0 0 0 0 0 0 0 0 0 0 0 0 0 0 0 0 0 0 0 0 0 0 0 0 0 0 0 0 0 0 0 0 0 0 0 0 0 0 0 0 0 0 0 0 0 0 0 0 0 0 0 0 0 0 0 0 0 0 0 0 0 0 0 0 0 0 0 0 0 0 0 0 0 0 0 0 0 0 0 1 1 0 0 0 0 0 0 0 0 0 0 0 0 0 0 0 0 0 0 0 0 0 0 0 0 0 0 0 
Picked Items (item,city) = (15 , 16) (17 , 18) (18 , 19) (125 , 24) (126 , 25) 

Travel Time: 8559.4406485523086303; Profit: 11268; TSP Distance : 7544.3659000000006927; Weight: 4042 / 13920; 0000000
TSP Tour = 1 22 31 18 3 17 21 42 7 2 30 23 20 50 29 16 46 44 34 35 36 39 40 37 38 48 24 5 15 6 4 25 12 28 27 26 47 13 14 52 11 51 33 43 10 9 8 41 19 45 32 49 1
Knapsack Array = 1 0 1 0 0 0 1 1 0 0 0 1 0 0 1 0 0 0 0 0 0 0 0 0 0 0 0 0 0 0 0 0 0 0 0 0 0 0 0 0 0 0 0 0 1 0 0 1 0 0 1 0 1 1 0 0 0 0 1 0 0 0 1 0 0 0 0 0 0 0 0 0 1 1 1 0 1 0 0 0 0 0 0 0 0 0 0 0 0 0 0 0 0 0 0 0 0 0 0 0 0 0 0 0 0 0 0 0 0 0 0 0 0 0 0 0 0 0 0 0 0 0 0 0 0 0 0 0 0 0 0 0 0 0 0 0 0 0 0 0 0 0 0 0 0 0 0 0 0 0 0 0 0 
Picked Items (item,city) = (1 , 2) (3 , 4) (7 , 8) (8 , 9) (12 , 13) (15 , 16) (45 , 46) (48 , 49) (51 , 52) (53 , 3) (54 , 4) (59 , 9) (63 , 13) (73 , 23) (74 , 24) (75 , 25) (77 , 27) 

Travel Time: 8486.5930851321263617; Profit: 10529; TSP Distance : 7836.2185000000008586; Weight: 3901 / 13920; 0000000
TSP Tour = 1 3 17 21 42 7 2 30 23 20 50 29 16 46 44 34 35 36 39 40 37 38 48 24 5 15 6 4 25 12 28 27 26 47 13 14 52 11 51 33 43 10 9 8 41 19 45 32 49 22 31 18 1
Knapsack Array = 1 0 1 0 0 0 1 1 0 0 0 1 0 0 1 0 1 1 0 0 1 0 1 0 0 0 1 0 0 1 1 0 1 0 0 1 0 0 0 0 0 0 0 0 0 0 0 0 0 0 0 0 0 0 0 0 0 0 0 0 0 0 0 0 0 0 0 0 0 0 0 0 0 0 0 0 0 0 0 0 0 0 0 0 0 0 0 0 0 0 0 0 0 0 0 0 0 0 0 0 0 0 0 0 0 0 0 0 0 0 0 0 0 0 0 0 0 0 0 0 0 0 0 0 0 0 0 0 0 0 0 0 0 0 0 0 0 0 0 0 0 0 0 0 0 0 0 0 0 0 0 0 0 
Picked Items (item,city) = (1 , 2) (3 , 4) (7 , 8) (8 , 9) (12 , 13) (15 , 16) (17 , 18) (18 , 19) (21 , 22) (23 , 24) (27 , 28) (30 , 31) (31 , 32) (33 , 34) (36 , 37) 

Travel Time: 14159.895729459713039; Profit: 32558; TSP Distance : 7836.2185000000008586; Weight: 12371 / 13920; 0000000
TSP Tour = 1 3 17 21 42 7 2 30 23 20 50 29 16 46 44 34 35 36 39 40 37 38 48 24 5 15 6 4 25 12 28 27 26 47 13 14 52 11 51 33 43 10 9 8 41 19 45 32 49 22 31 18 1
Knapsack Array = 1 0 1 0 0 0 1 1 0 0 0 1 0 0 1 0 1 1 0 0 1 0 1 0 0 0 1 0 0 1 0 0 1 0 0 1 0 0 0 0 1 1 0 0 0 0 0 1 0 0 1 0 1 1 0 0 0 0 1 0 0 0 1 0 1 0 0 0 0 0 0 0 1 1 1 0 1 0 0 0 0 0 1 0 0 0 1 1 0 0 0 0 0 0 0 0 0 0 0 0 0 0 0 0 0 0 0 1 0 1 0 0 1 1 0 0 1 0 0 1 0 0 0 0 1 1 0 0 1 0 0 1 0 0 0 1 0 1 0 1 1 1 0 0 1 0 0 0 0 0 0 1 1 
Picked Items (item,city) = (1 , 2) (3 , 4) (7 , 8) (8 , 9) (12 , 13) (15 , 16) (17 , 18) (18 , 19) (21 , 22) (23 , 24) (27 , 28) (30 , 31) (33 , 34) (36 , 37) (41 , 42) (42 , 43) (48 , 49) (51 , 52) (53 , 3) (54 , 4) (59 , 9) (63 , 13) (65 , 15) (73 , 23) (74 , 24) (75 , 25) (77 , 27) (83 , 33) (87 , 37) (88 , 38) (108 , 7) (110 , 9) (113 , 12) (114 , 13) (117 , 16) (120 , 19) (125 , 24) (126 , 25) (129 , 28) (132 , 31) (136 , 35) (138 , 37) (140 , 39) (141 , 40) (142 , 41) (145 , 44) (152 , 51) (153 , 52) 

Travel Time: 7730.8856310580076752; Profit: 4234; TSP Distance : 7544.3659000000006927; Weight: 1747 / 13920; 0000000
TSP Tour = 1 22 31 18 3 17 21 42 7 2 30 23 20 50 29 16 46 44 34 35 36 39 40 37 38 48 24 5 15 6 4 25 12 28 27 26 47 13 14 52 11 51 33 43 10 9 8 41 19 45 32 49 1
Knapsack Array = 0 0 0 0 0 0 0 0 0 0 0 0 0 0 0 0 0 0 0 0 0 0 0 0 0 0 0 0 0 0 0 0 0 0 0 0 0 0 0 0 0 0 0 0 0 0 0 0 0 0 0 0 0 0 0 0 0 0 0 0 0 0 0 0 0 0 0 0 0 0 0 0 0 1 1 0 1 0 0 0 0 1 1 0 0 0 1 0 0 0 0 0 0 0 0 0 0 0 0 0 0 0 0 0 0 0 0 0 0 0 0 0 0 0 0 0 0 0 0 0 0 0 0 0 0 0 0 0 0 0 0 0 0 0 0 0 0 0 0 0 0 0 0 0 0 0 0 0 0 0 0 0 0 
Picked Items (item,city) = (74 , 24) (75 , 25) (77 , 27) (82 , 32) (83 , 33) (87 , 37) 

Travel Time: 9587.7880954717620625; Profit: 20938; TSP Distance : 7544.3659000000006927; Weight: 8563 / 13920; 0000000
TSP Tour = 1 22 31 18 3 17 21 42 7 2 30 23 20 50 29 16 46 44 34 35 36 39 40 37 38 48 24 5 15 6 4 25 12 28 27 26 47 13 14 52 11 51 33 43 10 9 8 41 19 45 32 49 1
Knapsack Array = 0 0 0 0 0 0 0 0 0 0 0 0 0 0 0 0 0 0 0 0 0 0 0 0 0 0 0 0 0 0 0 0 0 0 0 0 0 0 0 0 1 1 0 0 0 0 0 1 0 0 1 0 1 1 0 0 0 0 1 0 0 0 1 0 0 0 0 0 0 0 0 0 0 1 1 0 1 0 0 0 0 1 1 0 0 0 1 1 0 0 0 0 0 0 0 0 1 0 1 0 0 1 0 1 0 1 0 1 0 1 0 0 1 1 0 0 1 0 0 1 0 0 0 0 1 1 0 0 0 0 0 1 0 0 0 1 0 0 0 0 0 0 0 0 0 0 0 0 0 1 0 1 1 
Picked Items (item,city) = (41 , 42) (42 , 43) (48 , 49) (51 , 52) (53 , 3) (54 , 4) (59 , 9) (63 , 13) (74 , 24) (75 , 25) (77 , 27) (82 , 32) (83 , 33) (87 , 37) (88 , 38) (97 , 47) (99 , 49) (102 , 52) (104 , 3) (106 , 5) (108 , 7) (110 , 9) (113 , 12) (114 , 13) (117 , 16) (120 , 19) (125 , 24) (126 , 25) (132 , 31) (136 , 35) (150 , 49) (152 , 51) (153 , 52) 

Travel Time: 7611.1407933683731244; Profit: 2560; TSP Distance : 7544.3659000000016022; Weight: 337 / 13920; 0000000
TSP Tour = 1 49 32 45 19 41 8 9 10 43 33 51 11 52 14 13 47 26 27 28 12 25 4 6 15 5 24 48 38 37 40 39 36 35 34 44 46 16 29 50 20 23 30 2 7 42 21 17 3 18 31 22 1
Knapsack Array = 0 0 0 0 0 0 0 0 0 0 0 0 0 0 0 0 0 0 0 0 0 0 0 0 0 0 0 0 0 0 0 0 0 0 0 0 0 0 0 0 0 0 0 0 0 0 0 0 0 0 0 0 0 0 0 0 0 0 0 0 0 0 0 0 0 0 0 0 0 0 0 0 0 0 0 0 0 0 0 0 0 0 0 0 0 0 0 0 0 0 0 0 0 0 0 0 0 0 0 0 0 0 0 0 0 0 0 0 0 0 0 0 0 1 0 0 1 0 0 0 0 0 0 0 1 1 0 0 0 0 0 0 0 0 0 0 0 0 0 0 0 0 0 0 0 0 0 0 0 0 0 0 0 
Picked Items (item,city) = (114 , 13) (117 , 16) (125 , 24) (126 , 25) 

Travel Time: 8370.3613069868570165; Profit: 10281; TSP Distance : 7544.3659000000016022; Weight: 3256 / 13920; 0000000
TSP Tour = 1 49 32 45 19 41 8 9 10 43 33 51 11 52 14 13 47 26 27 28 12 25 4 6 15 5 24 48 38 37 40 39 36 35 34 44 46 16 29 50 20 23 30 2 7 42 21 17 3 18 31 22 1
Knapsack Array = 0 0 0 0 0 0 0 0 0 0 0 0 0 0 0 0 0 0 0 0 0 0 0 0 0 0 0 0 0 0 0 0 0 0 0 1 0 0 0 0 0 0 0 0 0 0 0 0 0 0 0 0 0 0 0 0 0 0 0 0 0 0 0 0 0 0 0 0 0 0 0 0 0 0 0 0 0 0 0 0 0 0 0 0 0 0 1 1 0 0 0 0 0 0 0 0 1 0 0 0 0 1 1 0 0 1 0 1 0 1 0 0 1 1 0 0 1 0 0 0 0 0 0 0 1 1 0 0 0 0 0 0 0 0 0 0 0 0 0 0 0 0 0 0 1 0 0 0 0 0 0 1 1 
Picked Items (item,city) = (36 , 37) (87 , 37) (88 , 38) (97 , 47) (102 , 52) (103 , 2) (106 , 5) (108 , 7) (110 , 9) (113 , 12) (114 , 13) (117 , 16) (125 , 24) (126 , 25) (145 , 44) (152 , 51) (153 , 52) 

Travel Time: 9455.5972741522109573; Profit: 18922; TSP Distance : 7544.3659000000016022; Weight: 6445 / 13920; 0000000
TSP Tour = 1 49 32 45 19 41 8 9 10 43 33 51 11 52 14 13 47 26 27 28 12 25 4 6 15 5 24 48 38 37 40 39 36 35 34 44 46 16 29 50 20 23 30 2 7 42 21 17 3 18 31 22 1
Knapsack Array = 1 0 1 0 0 0 1 1 0 0 0 1 0 0 1 0 1 1 0 0 1 0 1 0 0 0 1 0 1 1 0 0 1 0 0 0 0 0 0 0 0 0 0 0 0 0 0 0 0 0 0 0 0 0 0 0 0 0 0 0 0 0 0 0 0 0 0 0 0 0 0 0 0 0 0 0 0 0 0 0 0 0 0 0 0 0 1 1 0 0 0 0 0 0 0 0 1 0 0 0 0 1 1 0 0 1 0 1 0 1 0 0 1 1 0 0 1 0 0 0 0 0 0 0 1 1 0 0 0 0 0 0 0 0 0 0 0 0 0 0 0 0 0 0 1 0 0 0 0 0 0 1 1 
Picked Items (item,city) = (1 , 2) (3 , 4) (7 , 8) (8 , 9) (12 , 13) (15 , 16) (17 , 18) (18 , 19) (21 , 22) (23 , 24) (27 , 28) (29 , 30) (30 , 31) (33 , 34) (87 , 37) (88 , 38) (97 , 47) (102 , 52) (103 , 2) (106 , 5) (108 , 7) (110 , 9) (113 , 12) (114 , 13) (117 , 16) (125 , 24) (126 , 25) (145 , 44) (152 , 51) (153 , 52) 

Travel Time: 7804.700499872356886; Profit: 4984; TSP Distance : 7544.3659000000016022; Weight: 1761 / 13920; 0000000
TSP Tour = 1 49 32 45 19 41 8 9 10 43 33 51 11 52 14 13 47 26 27 28 12 25 4 6 15 5 24 48 38 37 40 39 36 35 34 44 46 16 29 50 20 23 30 2 7 42 21 17 3 18 31 22 1
Knapsack Array = 0 0 0 0 0 0 0 0 0 0 0 0 0 0 0 0 0 0 0 0 0 0 0 0 0 0 0 0 0 1 0 0 1 0 0 1 0 0 0 0 1 1 0 0 0 0 0 0 0 0 0 0 0 0 0 0 0 0 0 0 0 0 0 0 0 0 0 0 0 0 0 0 1 1 1 0 0 0 0 0 0 0 0 0 0 0 0 0 0 0 0 0 0 0 0 0 0 0 0 0 0 0 0 0 0 0 0 0 0 0 0 0 0 0 0 0 0 0 0 0 0 0 0 0 0 0 0 0 0 0 0 0 0 0 0 0 0 0 0 0 0 0 0 0 0 0 0 0 0 0 0 0 0 
Picked Items (item,city) = (30 , 31) (33 , 34) (36 , 37) (41 , 42) (42 , 43) (73 , 23) (74 , 24) (75 , 25) 

Travel Time: 7609.9743597800361385; Profit: 1893; TSP Distance : 7544.3659000000006927; Weight: 688 / 13920; 0000000
TSP Tour = 1 22 31 18 3 17 21 42 7 2 30 23 20 50 29 16 46 44 34 35 36 39 40 37 38 48 24 5 15 6 4 25 12 28 27 26 47 13 14 52 11 51 33 43 10 9 8 41 19 45 32 49 1
Knapsack Array = 0 0 0 0 0 0 0 0 0 0 0 0 0 0 0 0 0 0 0 0 0 0 0 0 0 0 0 0 0 0 0 0 0 0 0 0 0 0 0 0 0 0 0 0 0 0 0 0 0 0 0 0 0 0 0 0 0 0 0 0 0 0 0 0 0 0 0 0 0 0 0 0 0 0 0 0 0 0 0 0 0 0 0 0 0 0 0 0 0 0 0 0 0 0 0 0 0 0 0 0 0 0 0 0 0 0 0 0 0 0 0 0 0 0 0 0 0 0 0 0 0 0 0 0 0 0 0 0 0 0 0 0 0 0 0 0 0 0 0 0 0 0 0 0 0 0 0 0 0 1 0 1 1 
Picked Items (item,city) = (150 , 49) (152 , 51) (153 , 52) 

Travel Time: 7825.6091609596169292; Profit: 6355; TSP Distance : 7616.2462000000014086; Weight: 1565 / 13920; 0000000
TSP Tour = 1 31 18 3 17 21 42 7 2 30 23 20 50 29 16 46 44 34 35 36 39 40 37 38 48 24 5 15 6 4 25 12 28 27 26 47 13 14 52 11 51 33 43 10 9 8 41 19 45 32 49 22 1
Knapsack Array = 0 0 0 0 0 0 0 0 0 0 0 0 0 0 0 0 0 0 0 0 1 0 1 0 0 0 0 0 0 0 0 0 0 0 0 0 0 0 0 0 0 0 0 0 0 0 0 0 0 0 0 0 0 0 0 0 0 0 0 0 0 0 0 0 0 0 0 0 0 0 0 0 0 0 0 0 0 0 0 0 0 0 0 0 0 0 0 0 0 0 0 0 0 0 0 0 0 0 0 0 0 0 0 0 0 0 0 0 0 0 0 0 0 0 0 0 1 0 0 1 0 0 0 0 1 1 0 0 0 0 0 0 0 0 0 0 0 0 0 0 0 0 0 0 0 0 0 0 0 0 0 1 1 
Picked Items (item,city) = (21 , 22) (23 , 24) (117 , 16) (120 , 19) (125 , 24) (126 , 25) (152 , 51) (153 , 52) 

Travel Time: 9538.5548094757796207; Profit: 20047; TSP Distance : 7616.2462000000014086; Weight: 6817 / 13920; 0000000
TSP Tour = 1 31 18 3 17 21 42 7 2 30 23 20 50 29 16 46 44 34 35 36 39 40 37 38 48 24 5 15 6 4 25 12 28 27 26 47 13 14 52 11 51 33 43 10 9 8 41 19 45 32 49 22 1
Knapsack Array = 1 0 1 0 0 0 1 1 0 1 0 1 0 0 1 0 1 1 0 0 1 0 1 0 0 0 1 0 0 1 0 0 1 0 0 1 0 0 0 0 1 1 0 0 0 0 0 1 0 0 1 0 1 1 0 0 0 0 1 0 0 0 0 0 0 0 0 0 0 0 0 0 0 0 0 0 0 0 0 0 0 0 0 0 0 0 0 0 0 0 0 0 0 0 0 0 0 0 0 0 0 0 0 0 0 0 0 0 0 0 0 0 0 0 0 0 1 0 0 1 0 0 0 0 1 1 0 0 0 0 0 0 0 0 0 0 0 0 0 0 0 0 0 0 0 0 0 0 0 0 0 1 1 
Picked Items (item,city) = (1 , 2) (3 , 4) (7 , 8) (8 , 9) (10 , 11) (12 , 13) (15 , 16) (17 , 18) (18 , 19) (21 , 22) (23 , 24) (27 , 28) (30 , 31) (33 , 34) (36 , 37) (41 , 42) (42 , 43) (48 , 49) (51 , 52) (53 , 3) (54 , 4) (59 , 9) (117 , 16) (120 , 19) (125 , 24) (126 , 25) (152 , 51) (153 , 52) 

Travel Time: 8603.676548732790252; Profit: 14116; TSP Distance : 7632.7636000000011336; Weight: 5086 / 13920; 0000000
TSP Tour = 1 32 45 19 41 8 9 10 43 33 51 11 52 14 13 47 26 27 28 12 25 4 6 15 5 24 48 38 37 40 39 36 35 34 44 46 16 29 50 20 23 30 2 7 42 21 17 3 18 31 22 49 1
Knapsack Array = 1 0 1 0 0 0 1 0 0 0 0 1 0 0 1 1 1 1 0 0 1 0 1 0 0 0 1 0 0 1 0 0 1 0 0 1 0 0 0 0 1 1 0 0 1 0 0 1 0 0 1 0 1 1 0 0 0 0 0 0 0 0 0 0 0 0 0 0 0 0 0 0 0 0 0 0 0 0 0 0 0 0 0 0 0 0 0 0 0 0 0 0 0 0 0 0 0 0 0 0 0 0 0 0 0 0 0 0 0 0 0 0 0 0 0 0 0 0 0 0 0 0 0 0 0 0 0 0 0 0 0 0 0 0 0 0 0 0 0 0 0 0 0 0 0 0 0 0 0 0 0 0 0 
Picked Items (item,city) = (1 , 2) (3 , 4) (7 , 8) (12 , 13) (15 , 16) (16 , 17) (17 , 18) (18 , 19) (21 , 22) (23 , 24) (27 , 28) (30 , 31) (33 , 34) (36 , 37) (41 , 42) (42 , 43) (45 , 46) (48 , 49) (51 , 52) (53 , 3) (54 , 4) 

Travel Time: 8074.4992849822892822; Profit: 8393; TSP Distance : 7544.3659000000016022; Weight: 3518 / 13920; 0000000
TSP Tour = 1 49 32 45 19 41 8 9 10 43 33 51 11 52 14 13 47 26 27 28 12 25 4 6 15 5 24 48 38 37 40 39 36 35 34 44 46 16 29 50 20 23 30 2 7 42 21 17 3 18 31 22 1
Knapsack Array = 0 0 0 0 0 0 0 0 0 0 0 0 0 0 0 0 0 0 0 0 0 0 0 0 0 0 0 0 0 0 0 0 0 0 0 0 0 0 0 0 0 0 0 0 0 0 0 0 0 0 0 0 0 0 0 0 0 0 0 0 0 0 0 0 0 0 0 0 0 0 1 0 1 1 1 0 1 0 0 0 0 0 1 0 0 0 0 0 0 0 0 0 0 0 0 0 0 0 0 0 0 0 0 0 0 0 0 0 0 0 0 0 0 0 0 0 1 0 0 0 0 1 0 1 1 1 0 0 0 0 0 1 0 0 0 0 0 0 0 0 0 0 0 0 0 0 0 0 0 0 0 0 0 
Picked Items (item,city) = (71 , 21) (73 , 23) (74 , 24) (75 , 25) (77 , 27) (83 , 33) (117 , 16) (122 , 21) (124 , 23) (125 , 24) (126 , 25) (132 , 31) 

Travel Time: 10004.954090783678112; Profit: 25238; TSP Distance : 7869.3226999999997133; Weight: 9347 / 13920; 0000000
TSP Tour = 1 21 17 7 2 42 30 23 20 50 29 16 46 44 34 35 36 39 40 37 38 48 24 5 15 6 4 25 12 28 27 26 47 13 14 52 11 51 33 43 10 9 8 41 19 45 3 18 31 22 49 32 1
Knapsack Array = 1 0 1 0 0 0 1 1 0 1 0 1 0 0 1 0 1 1 0 0 1 0 1 0 0 0 1 0 0 1 0 0 1 0 0 1 0 0 0 0 1 1 0 0 0 0 0 1 0 0 1 0 1 1 0 0 1 0 1 0 0 0 1 0 0 0 0 0 0 0 0 1 0 1 1 0 1 0 0 0 0 1 1 0 0 0 0 0 0 0 0 0 0 0 0 0 0 0 0 0 0 0 0 0 0 0 0 0 0 0 0 0 0 0 0 0 1 0 0 1 0 0 0 0 1 1 0 0 0 0 0 1 0 0 0 0 0 0 0 0 0 0 0 0 0 0 0 0 0 0 0 1 1 
Picked Items (item,city) = (1 , 2) (3 , 4) (7 , 8) (8 , 9) (10 , 11) (12 , 13) (15 , 16) (17 , 18) (18 , 19) (21 , 22) (23 , 24) (27 , 28) (30 , 31) (33 , 34) (36 , 37) (41 , 42) (42 , 43) (48 , 49) (51 , 52) (53 , 3) (54 , 4) (57 , 7) (59 , 9) (63 , 13) (72 , 22) (74 , 24) (75 , 25) (77 , 27) (82 , 32) (83 , 33) (117 , 16) (120 , 19) (125 , 24) (126 , 25) (132 , 31) (152 , 51) (153 , 52) 

Travel Time: 8906.5668816241795867; Profit: 15802; TSP Distance : 7869.3226999999997133; Weight: 5310 / 13920; 0000000
TSP Tour = 1 21 17 7 2 42 30 23 20 50 29 16 46 44 34 35 36 39 40 37 38 48 24 5 15 6 4 25 12 28 27 26 47 13 14 52 11 51 33 43 10 9 8 41 19 45 3 18 31 22 49 32 1
Knapsack Array = 1 0 1 0 0 0 1 1 0 1 0 1 0 0 1 0 1 1 0 0 1 0 1 0 0 0 0 0 0 0 0 0 0 0 0 0 0 0 0 0 0 0 0 0 0 0 0 0 0 0 1 0 1 1 0 0 0 0 1 0 0 0 0 0 0 0 0 0 0 0 0 0 0 0 0 0 0 0 0 0 0 0 0 0 0 0 0 0 0 0 0 0 0 0 0 0 0 0 0 0 0 0 0 0 0 1 0 0 0 0 0 0 0 0 0 0 1 0 0 1 0 0 0 0 1 1 0 0 0 0 0 1 0 0 0 0 0 0 0 0 0 0 0 0 0 0 0 0 0 0 0 1 1 
Picked Items (item,city) = (1 , 2) (3 , 4) (7 , 8) (8 , 9) (10 , 11) (12 , 13) (15 , 16) (17 , 18) (18 , 19) (21 , 22) (23 , 24) (51 , 52) (53 , 3) (54 , 4) (59 , 9) (106 , 5) (117 , 16) (120 , 19) (125 , 24) (126 , 25) (132 , 31) (152 , 51) (153 , 52) 

Travel Time: 9008.2125246445702942; Profit: 16111; TSP Distance : 7632.7636000000011336; Weight: 5918 / 13920; 0000000
TSP Tour = 1 32 45 19 41 8 9 10 43 33 51 11 52 14 13 47 26 27 28 12 25 4 6 15 5 24 48 38 37 40 39 36 35 34 44 46 16 29 50 20 23 30 2 7 42 21 17 3 18 31 22 49 1
Knapsack Array = 1 0 1 0 0 0 1 0 0 0 0 1 0 0 1 1 1 1 0 0 1 0 1 0 0 0 1 0 0 1 0 0 1 0 0 1 0 0 0 0 1 1 0 0 1 0 0 1 0 0 1 0 1 1 0 0 0 0 1 0 0 0 1 0 1 0 0 0 0 0 0 0 0 0 0 0 0 0 0 0 0 0 0 0 0 0 0 0 0 0 0 0 0 0 0 0 0 0 0 0 0 0 0 0 0 0 0 0 0 0 0 0 0 0 0 0 0 0 0 0 0 0 0 0 0 0 0 0 0 0 0 0 0 0 0 0 0 0 0 0 0 0 0 0 0 0 0 0 0 0 0 0 0 
Picked Items (item,city) = (1 , 2) (3 , 4) (7 , 8) (12 , 13) (15 , 16) (16 , 17) (17 , 18) (18 , 19) (21 , 22) (23 , 24) (27 , 28) (30 , 31) (33 , 34) (36 , 37) (41 , 42) (42 , 43) (45 , 46) (48 , 49) (51 , 52) (53 , 3) (54 , 4) (59 , 9) (63 , 13) (65 , 15) 

Travel Time: 9462.5041177978182532; Profit: 19005; TSP Distance : 7632.7636000000011336; Weight: 7214 / 13920; 0000000
TSP Tour = 1 32 45 19 41 8 9 10 43 33 51 11 52 14 13 47 26 27 28 12 25 4 6 15 5 24 48 38 37 40 39 36 35 34 44 46 16 29 50 20 23 30 2 7 42 21 17 3 18 31 22 49 1
Knapsack Array = 1 0 1 0 0 0 1 0 0 0 0 1 0 0 1 1 1 1 0 0 1 0 1 0 0 0 1 0 0 1 0 0 1 0 0 1 0 0 0 0 1 1 0 0 1 0 0 1 0 0 1 0 1 1 0 0 0 0 1 0 0 0 1 0 1 0 0 0 0 0 0 0 0 0 0 0 0 0 0 0 0 0 0 0 0 0 0 0 0 0 0 0 0 0 0 0 0 0 0 0 0 0 0 0 0 0 0 0 0 0 0 0 0 0 0 0 0 0 0 0 0 0 0 0 0 0 0 0 0 0 0 0 0 0 0 0 0 1 0 1 0 0 0 0 1 0 0 0 0 1 0 1 1 
Picked Items (item,city) = (1 , 2) (3 , 4) (7 , 8) (12 , 13) (15 , 16) (16 , 17) (17 , 18) (18 , 19) (21 , 22) (23 , 24) (27 , 28) (30 , 31) (33 , 34) (36 , 37) (41 , 42) (42 , 43) (45 , 46) (48 , 49) (51 , 52) (53 , 3) (54 , 4) (59 , 9) (63 , 13) (65 , 15) (138 , 37) (140 , 39) (145 , 44) (150 , 49) (152 , 51) (153 , 52) 

Travel Time: 12752.874761431196021; Profit: 31874; TSP Distance : 7632.7636000000011336; Weight: 12196 / 13920; 0000000
TSP Tour = 1 32 45 19 41 8 9 10 43 33 51 11 52 14 13 47 26 27 28 12 25 4 6 15 5 24 48 38 37 40 39 36 35 34 44 46 16 29 50 20 23 30 2 7 42 21 17 3 18 31 22 49 1
Knapsack Array = 1 0 1 0 0 0 1 0 0 0 0 1 0 0 1 1 1 1 0 0 1 0 1 0 0 0 1 0 0 1 0 0 1 0 0 1 0 0 0 0 1 1 0 0 1 0 0 1 0 0 1 0 1 1 0 0 0 0 1 0 0 0 1 0 1 0 0 0 0 0 0 0 0 1 1 0 1 0 0 1 0 0 1 0 0 0 1 1 0 0 0 0 0 0 0 0 1 0 0 0 0 1 1 0 0 1 0 1 0 1 0 0 1 1 0 0 1 0 0 0 0 0 0 1 1 1 0 0 0 0 0 1 0 0 0 1 0 1 0 1 0 0 0 0 1 0 0 0 0 1 0 1 1 
Picked Items (item,city) = (1 , 2) (3 , 4) (7 , 8) (12 , 13) (15 , 16) (16 , 17) (17 , 18) (18 , 19) (21 , 22) (23 , 24) (27 , 28) (30 , 31) (33 , 34) (36 , 37) (41 , 42) (42 , 43) (45 , 46) (48 , 49) (51 , 52) (53 , 3) (54 , 4) (59 , 9) (63 , 13) (65 , 15) (74 , 24) (75 , 25) (77 , 27) (80 , 30) (83 , 33) (87 , 37) (88 , 38) (97 , 47) (102 , 52) (103 , 2) (106 , 5) (108 , 7) (110 , 9) (113 , 12) (114 , 13) (117 , 16) (124 , 23) (125 , 24) (126 , 25) (132 , 31) (136 , 35) (138 , 37) (140 , 39) (145 , 44) (150 , 49) (152 , 51) (153 , 52) 


Pareto (Travel Time; Profit; IsValid)

11432.449372692231918 ; 30133; 0000000
11033.520942535957147 ; 28481; 0000000
7544.3659000000006927 ; 0; 0000000
7621.0097404569669379 ; 3020; 0000000
8559.4406485523086303 ; 11268; 0000000
8486.5930851321263617 ; 10529; 0000000
14159.895729459713039 ; 32558; 0000000
7730.8856310580076752 ; 4234; 0000000
9587.7880954717620625 ; 20938; 0000000
7611.1407933683731244 ; 2560; 0000000
8370.3613069868570165 ; 10281; 0000000
9455.5972741522109573 ; 18922; 0000000
7804.700499872356886 ; 4984; 0000000
7609.9743597800361385 ; 1893; 0000000
7825.6091609596169292 ; 6355; 0000000
9538.5548094757796207 ; 20047; 0000000
8603.676548732790252 ; 14116; 0000000
8074.4992849822892822 ; 8393; 0000000
10004.954090783678112 ; 25238; 0000000
8906.5668816241795867 ; 15802; 0000000
9008.2125246445702942 ; 16111; 0000000
9462.5041177978182532 ; 19005; 0000000
12752.874761431196021 ; 31874; 0000000
