Travel Time: 9389.483659106430423; Profit: 38260; TSP Distance : 7544.3659000000016022; Weight: 18729 / 34841; 0000000
TSP Tour = 1 49 32 45 19 41 8 9 10 43 33 51 11 52 14 13 47 26 27 28 12 25 4 6 15 5 24 48 38 37 40 39 36 35 34 44 46 16 29 50 20 23 30 2 7 42 21 17 3 18 31 22 1
Knapsack Array = 0 0 0 0 0 0 0 0 0 0 0 0 0 0 0 0 0 0 0 0 0 0 0 0 0 0 0 0 0 0 0 0 0 0 0 0 0 0 0 0 0 0 0 0 0 0 0 0 0 0 0 0 0 0 0 0 0 0 0 0 0 0 1 0 1 0 0 0 0 0 1 1 1 1 1 0 1 0 0 0 0 0 1 0 0 0 1 1 0 0 0 0 0 0 0 0 1 0 1 1 0 1 1 1 0 1 0 1 0 1 0 0 1 1 0 0 1 0 0 0 0 0 0 0 0 0 0 0 0 0 0 0 0 0 0 0 0 0 0 0 0 0 0 0 0 0 0 0 0 0 0 0 0 0 0 1 0 0 0 1 1 0 0 1 0 1 0 1 1 0 1 1 1 1 0 1 0 0 0 1 1 1 0 0 1 1 0 0 0 0 0 1 1 1 1 1 0 1 1 0 0 0 0 0 1 1 0 1 1 1 0 0 0 0 0 0 0 1 1 1 1 0 0 1 1 0 1 0 0 0 0 1 0 0 0 1 0 0 0 0 1 0 0 0 0 1 0 0 1 1 0 1 0 0 1 
Picked Items (item,city) = (63 , 13) (65 , 15) (71 , 21) (72 , 22) (73 , 23) (74 , 24) (75 , 25) (77 , 27) (83 , 33) (87 , 37) (88 , 38) (97 , 47) (99 , 49) (100 , 50) (102 , 52) (103 , 2) (104 , 3) (106 , 5) (108 , 7) (110 , 9) (113 , 12) (114 , 13) (117 , 16) (156 , 4) (160 , 8) (161 , 9) (164 , 12) (166 , 14) (168 , 16) (169 , 17) (171 , 19) (172 , 20) (173 , 21) (174 , 22) (176 , 24) (180 , 28) (181 , 29) (182 , 30) (185 , 33) (186 , 34) (192 , 40) (193 , 41) (194 , 42) (195 , 43) (196 , 44) (198 , 46) (199 , 47) (205 , 2) (206 , 3) (208 , 5) (209 , 6) (210 , 7) (218 , 15) (219 , 16) (220 , 17) (221 , 18) (224 , 21) (225 , 22) (227 , 24) (232 , 29) (236 , 33) (241 , 38) (246 , 43) (249 , 46) (250 , 47) (252 , 49) (255 , 52) 

Travel Time: 11194.559434982793391; Profit: 55466; TSP Distance : 7544.3659000000016022; Weight: 25994 / 34841; 0000000
TSP Tour = 1 49 32 45 19 41 8 9 10 43 33 51 11 52 14 13 47 26 27 28 12 25 4 6 15 5 24 48 38 37 40 39 36 35 34 44 46 16 29 50 20 23 30 2 7 42 21 17 3 18 31 22 1
Knapsack Array = 1 0 1 0 0 0 1 1 0 0 1 1 0 0 1 0 1 1 0 0 1 0 1 1 0 0 1 0 1 1 0 0 1 1 0 1 0 0 0 0 1 1 0 0 1 0 0 1 0 0 1 0 1 1 0 0 1 0 1 0 0 1 1 0 1 0 0 0 0 0 0 0 1 1 1 0 1 0 0 1 0 0 1 0 0 1 1 1 0 0 0 0 0 1 0 0 1 0 0 1 0 1 1 1 1 1 0 1 0 1 0 0 1 1 0 1 1 0 0 1 0 0 0 0 0 0 0 0 0 0 0 0 0 0 0 0 0 0 0 0 0 0 0 0 0 0 0 0 0 0 0 0 0 0 0 0 0 0 0 1 1 0 0 1 0 1 0 1 0 0 1 1 1 1 0 1 0 0 0 1 1 1 0 0 0 1 0 0 0 0 0 1 0 1 1 1 0 1 1 0 0 0 0 0 1 1 0 1 1 1 0 0 0 0 0 0 0 1 1 0 1 0 0 1 1 0 1 0 0 0 0 1 1 0 0 0 0 0 0 0 1 0 0 0 0 1 0 0 0 1 0 1 0 0 1 
Picked Items (item,city) = (1 , 2) (3 , 4) (7 , 8) (8 , 9) (11 , 12) (12 , 13) (15 , 16) (17 , 18) (18 , 19) (21 , 22) (23 , 24) (24 , 25) (27 , 28) (29 , 30) (30 , 31) (33 , 34) (34 , 35) (36 , 37) (41 , 42) (42 , 43) (45 , 46) (48 , 49) (51 , 52) (53 , 3) (54 , 4) (57 , 7) (59 , 9) (62 , 12) (63 , 13) (65 , 15) (73 , 23) (74 , 24) (75 , 25) (77 , 27) (80 , 30) (83 , 33) (86 , 36) (87 , 37) (88 , 38) (94 , 44) (97 , 47) (100 , 50) (102 , 52) (103 , 2) (104 , 3) (105 , 4) (106 , 5) (108 , 7) (110 , 9) (113 , 12) (114 , 13) (116 , 15) (117 , 16) (120 , 19) (160 , 8) (161 , 9) (164 , 12) (166 , 14) (168 , 16) (171 , 19) (172 , 20) (173 , 21) (174 , 22) (176 , 24) (180 , 28) (181 , 29) (182 , 30) (186 , 34) (192 , 40) (194 , 42) (195 , 43) (196 , 44) (198 , 46) (199 , 47) (205 , 2) (206 , 3) (208 , 5) (209 , 6) (210 , 7) (218 , 15) (219 , 16) (221 , 18) (224 , 21) (225 , 22) (227 , 24) (232 , 29) (233 , 30) (241 , 38) (246 , 43) (250 , 47) (252 , 49) (255 , 52) 

Travel Time: 7544.3659000000006927; Profit: 0; TSP Distance : 7544.3659000000006927; Weight: 0 / 34841; 0000000
TSP Tour = 1 22 31 18 3 17 21 42 7 2 30 23 20 50 29 16 46 44 34 35 36 39 40 37 38 48 24 5 15 6 4 25 12 28 27 26 47 13 14 52 11 51 33 43 10 9 8 41 19 45 32 49 1
Knapsack Array = 0 0 0 0 0 0 0 0 0 0 0 0 0 0 0 0 0 0 0 0 0 0 0 0 0 0 0 0 0 0 0 0 0 0 0 0 0 0 0 0 0 0 0 0 0 0 0 0 0 0 0 0 0 0 0 0 0 0 0 0 0 0 0 0 0 0 0 0 0 0 0 0 0 0 0 0 0 0 0 0 0 0 0 0 0 0 0 0 0 0 0 0 0 0 0 0 0 0 0 0 0 0 0 0 0 0 0 0 0 0 0 0 0 0 0 0 0 0 0 0 0 0 0 0 0 0 0 0 0 0 0 0 0 0 0 0 0 0 0 0 0 0 0 0 0 0 0 0 0 0 0 0 0 0 0 0 0 0 0 0 0 0 0 0 0 0 0 0 0 0 0 0 0 0 0 0 0 0 0 0 0 0 0 0 0 0 0 0 0 0 0 0 0 0 0 0 0 0 0 0 0 0 0 0 0 0 0 0 0 0 0 0 0 0 0 0 0 0 0 0 0 0 0 0 0 0 0 0 0 0 0 0 0 0 0 0 0 0 0 0 0 0 0 0 0 0 0 0 0 0 0 0 0 0 0 
Picked Items (item,city) = 

Travel Time: 11133.880928884476816; Profit: 55173; TSP Distance : 7544.3659000000016022; Weight: 25859 / 34841; 0000000
TSP Tour = 1 49 32 45 19 41 8 9 10 43 33 51 11 52 14 13 47 26 27 28 12 25 4 6 15 5 24 48 38 37 40 39 36 35 34 44 46 16 29 50 20 23 30 2 7 42 21 17 3 18 31 22 1
Knapsack Array = 1 0 1 0 0 0 1 1 0 0 1 1 0 0 1 0 1 1 0 0 1 0 1 1 0 0 1 0 1 1 0 0 1 1 0 1 0 0 0 0 1 1 0 0 1 0 0 1 0 0 1 0 1 1 0 0 1 0 1 0 0 1 1 0 1 0 0 0 0 0 0 0 1 1 1 0 1 0 0 1 0 0 1 0 0 1 1 1 0 0 0 0 0 1 0 0 1 0 0 1 0 1 1 1 1 1 0 1 0 1 0 0 1 1 0 1 1 0 0 1 0 0 0 0 0 0 0 0 0 0 0 0 0 0 0 0 0 0 0 0 0 0 0 0 0 0 0 0 0 0 0 0 0 0 0 0 0 0 0 1 1 0 0 1 0 1 0 1 0 0 1 1 1 1 0 1 0 0 0 1 1 1 0 0 0 1 0 0 0 0 0 1 0 1 1 1 0 1 1 0 0 0 0 0 1 1 0 1 1 1 0 0 0 0 0 0 0 1 1 0 1 0 0 1 1 0 1 0 0 0 0 1 1 0 0 0 0 0 0 0 1 0 0 0 0 0 0 0 0 1 0 1 0 0 1 
Picked Items (item,city) = (1 , 2) (3 , 4) (7 , 8) (8 , 9) (11 , 12) (12 , 13) (15 , 16) (17 , 18) (18 , 19) (21 , 22) (23 , 24) (24 , 25) (27 , 28) (29 , 30) (30 , 31) (33 , 34) (34 , 35) (36 , 37) (41 , 42) (42 , 43) (45 , 46) (48 , 49) (51 , 52) (53 , 3) (54 , 4) (57 , 7) (59 , 9) (62 , 12) (63 , 13) (65 , 15) (73 , 23) (74 , 24) (75 , 25) (77 , 27) (80 , 30) (83 , 33) (86 , 36) (87 , 37) (88 , 38) (94 , 44) (97 , 47) (100 , 50) (102 , 52) (103 , 2) (104 , 3) (105 , 4) (106 , 5) (108 , 7) (110 , 9) (113 , 12) (114 , 13) (116 , 15) (117 , 16) (120 , 19) (160 , 8) (161 , 9) (164 , 12) (166 , 14) (168 , 16) (171 , 19) (172 , 20) (173 , 21) (174 , 22) (176 , 24) (180 , 28) (181 , 29) (182 , 30) (186 , 34) (192 , 40) (194 , 42) (195 , 43) (196 , 44) (198 , 46) (199 , 47) (205 , 2) (206 , 3) (208 , 5) (209 , 6) (210 , 7) (218 , 15) (219 , 16) (221 , 18) (224 , 21) (225 , 22) (227 , 24) (232 , 29) (233 , 30) (241 , 38) (250 , 47) (252 , 49) (255 , 52) 

Travel Time: 8476.6332429197354941; Profit: 22738; TSP Distance : 7544.3659000000016022; Weight: 9407 / 34841; 0000000
TSP Tour = 1 49 32 45 19 41 8 9 10 43 33 51 11 52 14 13 47 26 27 28 12 25 4 6 15 5 24 48 38 37 40 39 36 35 34 44 46 16 29 50 20 23 30 2 7 42 21 17 3 18 31 22 1
Knapsack Array = 1 0 1 0 0 0 1 1 0 1 1 1 0 0 1 1 1 1 0 0 1 0 1 1 0 0 1 0 1 1 0 0 1 0 0 1 0 0 0 0 0 0 0 0 0 0 0 0 0 0 0 0 0 0 0 0 0 0 0 0 0 0 0 0 0 0 0 0 0 0 0 0 0 0 0 0 0 0 0 0 0 0 0 0 0 0 0 0 0 0 0 0 0 0 0 0 0 0 0 0 0 0 0 0 0 0 0 0 0 0 0 0 0 0 0 0 0 0 0 0 0 0 0 0 0 0 0 0 0 0 0 0 0 0 0 0 0 0 0 0 0 0 0 0 0 0 0 0 0 0 0 0 0 0 0 0 0 0 0 0 0 0 0 0 0 0 0 0 0 0 0 0 0 0 0 0 0 0 0 0 0 0 0 0 0 0 0 0 0 0 0 1 1 0 1 1 0 1 1 0 0 0 0 0 1 1 0 1 1 1 0 0 0 0 0 0 0 1 1 0 0 0 0 1 0 0 1 0 0 0 0 1 0 0 0 0 0 0 0 0 1 0 0 0 0 1 0 0 0 1 0 0 0 0 0 
Picked Items (item,city) = (1 , 2) (3 , 4) (7 , 8) (8 , 9) (10 , 11) (11 , 12) (12 , 13) (15 , 16) (16 , 17) (17 , 18) (18 , 19) (21 , 22) (23 , 24) (24 , 25) (27 , 28) (29 , 30) (30 , 31) (33 , 34) (36 , 37) (192 , 40) (193 , 41) (195 , 43) (196 , 44) (198 , 46) (199 , 47) (205 , 2) (206 , 3) (208 , 5) (209 , 6) (210 , 7) (218 , 15) (219 , 16) (224 , 21) (227 , 24) (232 , 29) (241 , 38) (246 , 43) (250 , 47) 

Travel Time: 8859.8131288675613177; Profit: 28840; TSP Distance : 7544.3659000000016022; Weight: 12856 / 34841; 0000000
TSP Tour = 1 49 32 45 19 41 8 9 10 43 33 51 11 52 14 13 47 26 27 28 12 25 4 6 15 5 24 48 38 37 40 39 36 35 34 44 46 16 29 50 20 23 30 2 7 42 21 17 3 18 31 22 1
Knapsack Array = 1 0 1 0 0 0 1 1 0 1 1 1 0 0 1 0 1 1 0 0 1 0 1 1 0 0 1 0 0 0 0 0 0 0 0 0 0 0 0 0 0 0 0 0 0 0 0 0 0 0 0 0 0 0 0 0 0 0 0 0 0 0 0 0 0 0 0 0 0 0 0 0 0 0 0 0 0 0 0 0 0 0 0 0 0 0 0 0 0 0 0 0 0 0 0 0 0 0 0 0 0 0 0 0 0 0 0 0 0 0 0 0 0 0 0 0 0 0 0 0 0 0 0 0 0 0 0 0 0 0 0 0 0 0 0 0 0 0 0 0 0 0 0 0 0 0 0 0 0 0 0 0 0 0 0 0 0 0 0 0 0 0 0 0 0 0 0 1 0 0 1 1 1 1 0 1 0 0 0 1 1 1 0 0 1 1 0 0 0 0 0 1 1 0 1 1 0 1 1 0 0 0 0 0 1 1 0 1 1 1 0 0 0 0 0 0 0 1 1 0 1 0 0 1 0 0 1 0 0 0 0 1 0 0 0 1 0 0 0 0 1 0 0 0 0 1 0 0 0 1 0 1 0 0 1 
Picked Items (item,city) = (1 , 2) (3 , 4) (7 , 8) (8 , 9) (10 , 11) (11 , 12) (12 , 13) (15 , 16) (17 , 18) (18 , 19) (21 , 22) (23 , 24) (24 , 25) (27 , 28) (168 , 16) (171 , 19) (172 , 20) (173 , 21) (174 , 22) (176 , 24) (180 , 28) (181 , 29) (182 , 30) (185 , 33) (186 , 34) (192 , 40) (193 , 41) (195 , 43) (196 , 44) (198 , 46) (199 , 47) (205 , 2) (206 , 3) (208 , 5) (209 , 6) (210 , 7) (218 , 15) (219 , 16) (221 , 18) (224 , 21) (227 , 24) (232 , 29) (236 , 33) (241 , 38) (246 , 43) (250 , 47) (252 , 49) (255 , 52) 

Travel Time: 8019.5471426519097804; Profit: 14923; TSP Distance : 7544.3659000000016022; Weight: 5909 / 34841; 0000000
TSP Tour = 1 49 32 45 19 41 8 9 10 43 33 51 11 52 14 13 47 26 27 28 12 25 4 6 15 5 24 48 38 37 40 39 36 35 34 44 46 16 29 50 20 23 30 2 7 42 21 17 3 18 31 22 1
Knapsack Array = 1 0 1 0 0 0 0 0 0 0 0 0 0 0 0 0 0 0 0 0 0 0 0 0 0 0 0 0 0 0 0 0 0 0 0 0 0 0 0 0 0 0 0 0 0 0 0 0 0 0 0 0 0 0 0 0 0 0 0 0 0 0 0 0 0 0 0 0 0 0 0 0 0 0 0 0 0 0 0 0 0 0 0 0 0 0 0 0 0 0 0 0 0 0 0 0 0 0 0 0 0 0 0 0 0 0 0 0 0 0 0 0 0 0 0 0 0 0 0 0 0 0 0 0 0 0 0 0 0 0 0 0 0 0 0 0 0 0 0 0 0 0 0 0 0 0 0 0 0 0 0 0 0 0 0 1 1 1 0 1 1 0 0 1 0 1 0 1 0 0 1 1 1 1 0 0 0 0 0 0 0 0 0 0 0 0 0 0 0 0 0 0 0 0 0 0 0 0 0 0 0 0 0 0 0 0 0 0 0 0 0 0 0 0 0 0 0 1 1 0 0 0 0 1 0 0 1 0 0 0 0 1 0 0 0 0 0 0 0 0 1 0 0 0 0 1 0 0 0 1 0 1 0 0 1 
Picked Items (item,city) = (1 , 2) (3 , 4) (156 , 4) (157 , 5) (158 , 6) (160 , 8) (161 , 9) (164 , 12) (166 , 14) (168 , 16) (171 , 19) (172 , 20) (173 , 21) (174 , 22) (218 , 15) (219 , 16) (224 , 21) (227 , 24) (232 , 29) (241 , 38) (246 , 43) (250 , 47) (252 , 49) (255 , 52) 

Travel Time: 14505.528383149874571; Profit: 67718; TSP Distance : 7707.6134000000010928; Weight: 34761 / 34841; 0000000
TSP Tour = 1 45 19 41 8 9 10 43 33 51 11 52 14 13 47 26 27 28 12 25 4 6 15 5 24 48 38 37 40 39 36 35 34 44 46 16 29 50 20 23 30 2 7 42 21 17 3 18 31 22 49 32 1
Knapsack Array = 0 0 0 0 0 0 1 1 0 1 1 1 0 0 1 0 1 1 0 0 1 0 1 1 1 0 1 0 0 1 1 0 1 0 0 1 0 0 0 0 1 1 0 0 1 0 0 1 0 0 1 0 1 1 0 0 0 0 1 0 0 1 1 0 1 0 0 0 0 0 1 1 1 1 1 0 1 0 0 1 0 1 1 0 0 1 1 1 0 0 0 0 0 1 0 0 1 0 1 1 0 1 1 1 0 1 0 1 0 1 0 0 1 1 0 0 1 0 0 1 0 1 0 1 1 1 0 0 1 0 0 1 0 0 1 1 1 1 0 1 1 0 0 0 1 0 0 0 0 1 0 1 1 0 0 1 0 1 0 1 1 0 0 1 0 1 0 1 0 0 1 1 1 1 0 1 0 0 0 1 1 1 0 0 0 1 0 0 0 0 0 1 0 1 1 1 0 1 1 0 0 0 0 0 1 1 0 1 1 1 0 0 0 0 0 0 0 1 1 0 1 0 0 1 1 0 1 0 0 0 0 1 0 0 0 0 0 0 0 0 1 0 0 0 0 1 0 0 0 1 0 1 0 0 0 
Picked Items (item,city) = (7 , 8) (8 , 9) (10 , 11) (11 , 12) (12 , 13) (15 , 16) (17 , 18) (18 , 19) (21 , 22) (23 , 24) (24 , 25) (25 , 26) (27 , 28) (30 , 31) (31 , 32) (33 , 34) (36 , 37) (41 , 42) (42 , 43) (45 , 46) (48 , 49) (51 , 52) (53 , 3) (54 , 4) (59 , 9) (62 , 12) (63 , 13) (65 , 15) (71 , 21) (72 , 22) (73 , 23) (74 , 24) (75 , 25) (77 , 27) (80 , 30) (82 , 32) (83 , 33) (86 , 36) (87 , 37) (88 , 38) (94 , 44) (97 , 47) (99 , 49) (100 , 50) (102 , 52) (103 , 2) (104 , 3) (106 , 5) (108 , 7) (110 , 9) (113 , 12) (114 , 13) (117 , 16) (120 , 19) (122 , 21) (124 , 23) (125 , 24) (126 , 25) (129 , 28) (132 , 31) (135 , 34) (136 , 35) (137 , 36) (138 , 37) (140 , 39) (141 , 40) (145 , 44) (150 , 49) (152 , 51) (153 , 52) (156 , 4) (158 , 6) (160 , 8) (161 , 9) (164 , 12) (166 , 14) (168 , 16) (171 , 19) (172 , 20) (173 , 21) (174 , 22) (176 , 24) (180 , 28) (181 , 29) (182 , 30) (186 , 34) (192 , 40) (194 , 42) (195 , 43) (196 , 44) (198 , 46) (199 , 47) (205 , 2) (206 , 3) (208 , 5) (209 , 6) (210 , 7) (218 , 15) (219 , 16) (221 , 18) (224 , 21) (225 , 22) (227 , 24) (232 , 29) (241 , 38) (246 , 43) (250 , 47) (252 , 49) 

Travel Time: 11890.062416765807939; Profit: 57182; TSP Distance : 7707.6134000000010928; Weight: 27253 / 34841; 0000000
TSP Tour = 1 45 19 41 8 9 10 43 33 51 11 52 14 13 47 26 27 28 12 25 4 6 15 5 24 48 38 37 40 39 36 35 34 44 46 16 29 50 20 23 30 2 7 42 21 17 3 18 31 22 49 32 1
Knapsack Array = 0 0 0 0 0 0 0 0 0 0 0 0 0 0 0 0 0 0 0 0 0 0 1 0 1 0 1 0 1 1 1 0 1 0 0 1 0 0 0 0 1 1 0 0 1 0 0 1 0 0 1 0 1 1 0 0 0 0 1 0 0 0 1 0 1 0 0 0 0 0 1 1 1 1 1 0 1 0 0 1 0 1 1 0 0 0 1 0 0 0 0 0 0 0 0 0 0 0 0 0 0 0 1 0 0 1 0 1 0 1 0 0 1 1 0 0 1 0 0 1 0 1 0 1 1 1 0 0 1 0 0 1 0 1 1 1 1 1 0 1 1 1 0 0 1 0 0 0 0 0 0 1 1 0 0 1 0 1 0 1 1 0 1 1 0 1 0 1 0 0 1 1 1 1 0 1 0 0 0 1 1 1 0 0 0 1 0 0 0 0 0 1 0 0 0 0 0 0 0 0 0 0 0 0 1 1 0 1 1 1 0 0 0 0 0 0 0 1 1 0 0 0 0 1 0 0 1 0 0 1 0 1 0 0 0 0 0 0 0 0 1 0 0 0 0 1 0 0 0 1 0 1 0 0 1 
Picked Items (item,city) = (23 , 24) (25 , 26) (27 , 28) (29 , 30) (30 , 31) (31 , 32) (33 , 34) (36 , 37) (41 , 42) (42 , 43) (45 , 46) (48 , 49) (51 , 52) (53 , 3) (54 , 4) (59 , 9) (63 , 13) (65 , 15) (71 , 21) (72 , 22) (73 , 23) (74 , 24) (75 , 25) (77 , 27) (80 , 30) (82 , 32) (83 , 33) (87 , 37) (103 , 2) (106 , 5) (108 , 7) (110 , 9) (113 , 12) (114 , 13) (117 , 16) (120 , 19) (122 , 21) (124 , 23) (125 , 24) (126 , 25) (129 , 28) (132 , 31) (134 , 33) (135 , 34) (136 , 35) (137 , 36) (138 , 37) (140 , 39) (141 , 40) (142 , 41) (145 , 44) (152 , 51) (153 , 52) (156 , 4) (158 , 6) (160 , 8) (161 , 9) (163 , 11) (164 , 12) (166 , 14) (168 , 16) (171 , 19) (172 , 20) (173 , 21) (174 , 22) (176 , 24) (180 , 28) (181 , 29) (182 , 30) (186 , 34) (192 , 40) (205 , 2) (206 , 3) (208 , 5) (209 , 6) (210 , 7) (218 , 15) (219 , 16) (224 , 21) (227 , 24) (230 , 27) (232 , 29) (241 , 38) (246 , 43) (250 , 47) (252 , 49) (255 , 52) 

Travel Time: 17354.114166858482349; Profit: 69320; TSP Distance : 7707.6134000000010928; Weight: 34448 / 34841; 0000000
TSP Tour = 1 45 19 41 8 9 10 43 33 51 11 52 14 13 47 26 27 28 12 25 4 6 15 5 24 48 38 37 40 39 36 35 34 44 46 16 29 50 20 23 30 2 7 42 21 17 3 18 31 22 49 32 1
Knapsack Array = 0 0 0 0 0 0 1 1 0 1 1 1 0 0 1 0 1 1 0 0 1 0 1 1 1 0 1 0 0 1 1 0 1 0 0 1 0 0 0 0 1 1 0 0 1 0 0 1 0 0 1 0 1 1 0 0 0 0 1 0 0 1 1 0 1 0 0 0 0 0 1 1 1 1 1 0 1 0 0 1 0 0 1 0 0 1 1 1 0 0 0 0 0 0 0 0 1 0 0 1 0 1 1 0 0 1 0 1 0 1 0 0 1 1 0 0 1 0 0 1 0 1 0 1 1 1 0 0 1 0 0 1 0 1 1 1 1 1 0 1 1 1 0 0 1 0 0 0 0 0 0 1 1 0 0 1 0 1 0 1 1 0 1 1 0 1 0 1 0 0 1 1 1 1 0 1 0 0 0 1 1 1 0 0 0 1 0 0 0 0 0 1 1 1 0 1 0 1 1 0 0 0 0 0 1 1 0 1 1 1 0 0 0 0 0 0 0 1 1 0 0 0 0 1 0 0 1 0 0 1 0 1 0 0 0 0 0 0 0 0 1 0 0 0 0 1 0 0 0 1 0 1 0 0 1 
Picked Items (item,city) = (7 , 8) (8 , 9) (10 , 11) (11 , 12) (12 , 13) (15 , 16) (17 , 18) (18 , 19) (21 , 22) (23 , 24) (24 , 25) (25 , 26) (27 , 28) (30 , 31) (31 , 32) (33 , 34) (36 , 37) (41 , 42) (42 , 43) (45 , 46) (48 , 49) (51 , 52) (53 , 3) (54 , 4) (59 , 9) (62 , 12) (63 , 13) (65 , 15) (71 , 21) (72 , 22) (73 , 23) (74 , 24) (75 , 25) (77 , 27) (80 , 30) (83 , 33) (86 , 36) (87 , 37) (88 , 38) (97 , 47) (100 , 50) (102 , 52) (103 , 2) (106 , 5) (108 , 7) (110 , 9) (113 , 12) (114 , 13) (117 , 16) (120 , 19) (122 , 21) (124 , 23) (125 , 24) (126 , 25) (129 , 28) (132 , 31) (134 , 33) (135 , 34) (136 , 35) (137 , 36) (138 , 37) (140 , 39) (141 , 40) (142 , 41) (145 , 44) (152 , 51) (153 , 52) (156 , 4) (158 , 6) (160 , 8) (161 , 9) (163 , 11) (164 , 12) (166 , 14) (168 , 16) (171 , 19) (172 , 20) (173 , 21) (174 , 22) (176 , 24) (180 , 28) (181 , 29) (182 , 30) (186 , 34) (192 , 40) (193 , 41) (194 , 42) (196 , 44) (198 , 46) (199 , 47) (205 , 2) (206 , 3) (208 , 5) (209 , 6) (210 , 7) (218 , 15) (219 , 16) (224 , 21) (227 , 24) (230 , 27) (232 , 29) (241 , 38) (246 , 43) (250 , 47) (252 , 49) (255 , 52) 

Travel Time: 9070.8389816197377513; Profit: 32888; TSP Distance : 7544.3659000000016022; Weight: 16957 / 34841; 0000000
TSP Tour = 1 49 32 45 19 41 8 9 10 43 33 51 11 52 14 13 47 26 27 28 12 25 4 6 15 5 24 48 38 37 40 39 36 35 34 44 46 16 29 50 20 23 30 2 7 42 21 17 3 18 31 22 1
Knapsack Array = 0 0 0 0 0 0 0 0 0 0 0 0 0 0 0 0 0 0 0 0 0 0 0 0 0 0 0 0 0 0 0 0 0 0 0 0 0 0 0 0 0 0 0 0 0 0 0 0 0 0 0 0 0 0 0 0 0 0 0 0 0 0 0 0 0 0 0 0 0 0 0 0 0 0 0 0 0 0 0 0 0 0 0 0 0 0 0 0 0 0 0 0 0 0 0 0 0 0 0 0 0 0 0 0 0 0 0 0 0 0 0 0 0 0 0 0 0 0 0 0 0 0 0 0 0 0 0 0 0 0 0 1 0 0 1 1 1 1 0 1 1 1 0 0 1 0 0 0 0 0 0 1 1 0 0 1 0 1 0 1 1 0 0 1 0 1 1 1 0 0 1 1 1 1 0 1 0 0 0 1 1 1 0 0 0 1 0 0 0 0 0 1 0 1 0 1 0 1 1 0 0 0 0 0 1 1 0 1 1 1 0 0 0 0 0 0 0 1 1 0 1 0 0 1 1 0 1 0 0 0 0 1 1 0 0 0 0 0 0 0 1 0 0 0 1 1 0 0 1 1 0 1 0 0 1 
Picked Items (item,city) = (132 , 31) (135 , 34) (136 , 35) (137 , 36) (138 , 37) (140 , 39) (141 , 40) (142 , 41) (145 , 44) (152 , 51) (153 , 52) (156 , 4) (158 , 6) (160 , 8) (161 , 9) (164 , 12) (166 , 14) (167 , 15) (168 , 16) (171 , 19) (172 , 20) (173 , 21) (174 , 22) (176 , 24) (180 , 28) (181 , 29) (182 , 30) (186 , 34) (192 , 40) (194 , 42) (196 , 44) (198 , 46) (199 , 47) (205 , 2) (206 , 3) (208 , 5) (209 , 6) (210 , 7) (218 , 15) (219 , 16) (221 , 18) (224 , 21) (225 , 22) (227 , 24) (232 , 29) (233 , 30) (241 , 38) (245 , 42) (246 , 43) (249 , 46) (250 , 47) (252 , 49) (255 , 52) 

Travel Time: 8901.9202967320143216; Profit: 32238; TSP Distance : 7544.3659000000016022; Weight: 14600 / 34841; 0000000
TSP Tour = 1 49 32 45 19 41 8 9 10 43 33 51 11 52 14 13 47 26 27 28 12 25 4 6 15 5 24 48 38 37 40 39 36 35 34 44 46 16 29 50 20 23 30 2 7 42 21 17 3 18 31 22 1
Knapsack Array = 1 0 1 0 0 0 1 1 0 0 0 1 0 0 1 1 1 1 0 0 1 0 1 1 0 0 1 0 1 1 0 0 1 1 0 1 0 0 0 0 1 1 0 0 0 0 0 0 0 0 0 0 0 0 0 0 0 0 0 0 0 0 0 0 0 0 0 0 0 0 0 0 0 0 0 0 0 0 0 0 0 0 0 0 0 0 0 0 0 0 0 0 0 0 0 0 0 0 0 0 0 0 0 0 0 0 0 0 0 0 0 0 0 0 0 0 0 0 0 0 0 0 0 0 0 0 0 0 0 0 0 0 0 0 0 0 0 0 0 0 0 0 0 0 0 0 0 0 0 0 0 0 0 0 0 0 0 0 1 0 0 0 0 1 0 1 0 1 0 0 1 1 1 1 0 1 0 0 0 1 1 1 0 0 0 1 0 0 0 0 0 1 1 1 0 1 0 1 1 0 0 0 0 0 1 1 0 1 1 1 0 0 0 0 0 0 0 1 1 0 0 0 0 1 0 0 1 0 0 1 0 1 0 0 0 0 0 0 0 0 0 0 0 0 0 0 0 0 0 0 0 1 0 0 1 
Picked Items (item,city) = (1 , 2) (3 , 4) (7 , 8) (8 , 9) (12 , 13) (15 , 16) (16 , 17) (17 , 18) (18 , 19) (21 , 22) (23 , 24) (24 , 25) (27 , 28) (29 , 30) (30 , 31) (33 , 34) (34 , 35) (36 , 37) (41 , 42) (42 , 43) (159 , 7) (164 , 12) (166 , 14) (168 , 16) (171 , 19) (172 , 20) (173 , 21) (174 , 22) (176 , 24) (180 , 28) (181 , 29) (182 , 30) (186 , 34) (192 , 40) (193 , 41) (194 , 42) (196 , 44) (198 , 46) (199 , 47) (205 , 2) (206 , 3) (208 , 5) (209 , 6) (210 , 7) (218 , 15) (219 , 16) (224 , 21) (227 , 24) (230 , 27) (232 , 29) (252 , 49) (255 , 52) 

Travel Time: 8363.5244225088008534; Profit: 21117; TSP Distance : 7544.3659000000016022; Weight: 10118 / 34841; 0000000
TSP Tour = 1 49 32 45 19 41 8 9 10 43 33 51 11 52 14 13 47 26 27 28 12 25 4 6 15 5 24 48 38 37 40 39 36 35 34 44 46 16 29 50 20 23 30 2 7 42 21 17 3 18 31 22 1
Knapsack Array = 0 0 0 0 0 0 0 0 0 0 0 0 0 0 0 0 0 0 0 0 0 0 0 0 0 0 0 0 0 0 0 0 0 0 0 0 0 0 0 0 1 1 0 0 0 0 0 0 0 0 0 0 0 0 0 0 0 0 0 0 0 0 0 0 0 0 0 0 0 0 0 0 0 0 0 0 0 0 0 0 0 0 0 0 0 0 0 0 0 0 0 0 0 0 0 0 0 0 0 0 0 0 0 0 0 0 0 0 0 0 0 0 0 0 0 0 0 0 0 0 0 0 0 0 0 0 0 0 0 0 0 0 0 0 0 0 0 0 0 0 0 0 0 0 0 0 0 0 0 0 0 0 0 0 0 0 0 0 1 0 0 0 0 1 0 1 0 1 0 0 1 1 1 1 0 1 0 0 0 1 1 1 0 0 0 1 0 0 0 0 0 1 1 1 0 1 0 1 1 0 0 0 0 0 1 1 0 1 1 1 0 0 0 0 0 0 0 1 1 0 0 0 0 1 0 0 1 0 0 1 0 1 0 0 0 0 0 0 0 0 0 0 0 0 0 0 0 0 0 0 0 1 0 0 1 
Picked Items (item,city) = (41 , 42) (42 , 43) (159 , 7) (164 , 12) (166 , 14) (168 , 16) (171 , 19) (172 , 20) (173 , 21) (174 , 22) (176 , 24) (180 , 28) (181 , 29) (182 , 30) (186 , 34) (192 , 40) (193 , 41) (194 , 42) (196 , 44) (198 , 46) (199 , 47) (205 , 2) (206 , 3) (208 , 5) (209 , 6) (210 , 7) (218 , 15) (219 , 16) (224 , 21) (227 , 24) (230 , 27) (232 , 29) (252 , 49) (255 , 52) 

Travel Time: 13529.828378534815783; Profit: 63036; TSP Distance : 7544.3659000000016022; Weight: 29882 / 34841; 0000000
TSP Tour = 1 49 32 45 19 41 8 9 10 43 33 51 11 52 14 13 47 26 27 28 12 25 4 6 15 5 24 48 38 37 40 39 36 35 34 44 46 16 29 50 20 23 30 2 7 42 21 17 3 18 31 22 1
Knapsack Array = 1 0 1 0 0 0 1 1 0 1 1 1 0 0 1 0 1 1 0 0 1 0 1 1 1 0 1 0 0 1 1 0 1 0 0 1 0 0 0 0 1 1 0 0 1 0 0 1 0 0 1 0 1 1 0 0 0 0 1 0 0 1 1 0 1 0 0 0 0 0 1 1 1 1 1 0 1 0 0 1 0 0 1 0 0 1 1 1 0 0 0 0 0 0 0 0 1 0 0 1 0 1 1 0 0 1 0 1 0 1 0 0 1 1 0 0 1 0 0 1 0 1 0 1 1 0 0 0 0 0 0 0 0 0 0 0 0 0 0 0 0 0 0 0 0 0 0 0 0 0 0 1 1 0 0 1 0 1 0 1 1 0 1 1 0 1 0 1 0 0 1 1 1 1 0 1 0 0 0 1 1 1 0 0 0 1 0 0 0 0 0 1 1 1 0 1 0 1 1 0 0 0 0 0 1 1 0 1 1 1 0 0 0 0 0 0 0 1 1 0 0 0 0 1 0 0 1 0 0 1 0 1 0 0 0 0 0 0 0 0 1 0 0 0 0 1 0 0 0 1 0 1 0 0 1 
Picked Items (item,city) = (1 , 2) (3 , 4) (7 , 8) (8 , 9) (10 , 11) (11 , 12) (12 , 13) (15 , 16) (17 , 18) (18 , 19) (21 , 22) (23 , 24) (24 , 25) (25 , 26) (27 , 28) (30 , 31) (31 , 32) (33 , 34) (36 , 37) (41 , 42) (42 , 43) (45 , 46) (48 , 49) (51 , 52) (53 , 3) (54 , 4) (59 , 9) (62 , 12) (63 , 13) (65 , 15) (71 , 21) (72 , 22) (73 , 23) (74 , 24) (75 , 25) (77 , 27) (80 , 30) (83 , 33) (86 , 36) (87 , 37) (88 , 38) (97 , 47) (100 , 50) (102 , 52) (103 , 2) (106 , 5) (108 , 7) (110 , 9) (113 , 12) (114 , 13) (117 , 16) (120 , 19) (122 , 21) (124 , 23) (125 , 24) (152 , 51) (153 , 52) (156 , 4) (158 , 6) (160 , 8) (161 , 9) (163 , 11) (164 , 12) (166 , 14) (168 , 16) (171 , 19) (172 , 20) (173 , 21) (174 , 22) (176 , 24) (180 , 28) (181 , 29) (182 , 30) (186 , 34) (192 , 40) (193 , 41) (194 , 42) (196 , 44) (198 , 46) (199 , 47) (205 , 2) (206 , 3) (208 , 5) (209 , 6) (210 , 7) (218 , 15) (219 , 16) (224 , 21) (227 , 24) (230 , 27) (232 , 29) (241 , 38) (246 , 43) (250 , 47) (252 , 49) (255 , 52) 

Travel Time: 9790.0173895568641456; Profit: 44899; TSP Distance : 7707.6134000000010928; Weight: 20577 / 34841; 0000000
TSP Tour = 1 45 19 41 8 9 10 43 33 51 11 52 14 13 47 26 27 28 12 25 4 6 15 5 24 48 38 37 40 39 36 35 34 44 46 16 29 50 20 23 30 2 7 42 21 17 3 18 31 22 49 32 1
Knapsack Array = 1 0 1 0 0 0 1 1 0 0 1 1 0 0 1 1 1 1 0 0 1 0 1 1 1 0 1 0 0 1 1 0 1 0 0 1 0 0 0 0 1 1 0 0 1 0 0 1 0 0 1 0 1 1 0 0 0 0 0 0 0 0 0 0 0 0 0 0 0 0 0 0 0 0 0 0 0 0 0 0 0 0 0 0 0 0 0 0 0 0 0 0 0 0 0 0 0 0 0 0 0 0 0 0 0 0 0 0 0 0 0 0 0 0 0 0 0 0 0 0 0 0 0 0 0 0 0 0 0 0 0 0 0 0 0 0 0 0 0 1 1 0 0 0 1 0 0 0 0 1 0 1 1 0 0 1 0 1 0 1 1 0 0 1 0 1 0 1 0 0 1 1 1 1 0 1 0 0 0 1 1 1 0 0 0 1 0 0 0 0 0 1 0 0 1 1 0 1 1 0 0 0 0 0 1 1 0 1 1 1 0 0 0 0 0 0 0 1 1 0 1 0 0 1 1 0 1 0 0 0 0 1 1 0 0 0 0 0 0 0 1 0 0 0 0 1 0 0 0 1 0 1 0 0 1 
Picked Items (item,city) = (1 , 2) (3 , 4) (7 , 8) (8 , 9) (11 , 12) (12 , 13) (15 , 16) (16 , 17) (17 , 18) (18 , 19) (21 , 22) (23 , 24) (24 , 25) (25 , 26) (27 , 28) (30 , 31) (31 , 32) (33 , 34) (36 , 37) (41 , 42) (42 , 43) (45 , 46) (48 , 49) (51 , 52) (53 , 3) (54 , 4) (140 , 39) (141 , 40) (145 , 44) (150 , 49) (152 , 51) (153 , 52) (156 , 4) (158 , 6) (160 , 8) (161 , 9) (164 , 12) (166 , 14) (168 , 16) (171 , 19) (172 , 20) (173 , 21) (174 , 22) (176 , 24) (180 , 28) (181 , 29) (182 , 30) (186 , 34) (192 , 40) (195 , 43) (196 , 44) (198 , 46) (199 , 47) (205 , 2) (206 , 3) (208 , 5) (209 , 6) (210 , 7) (218 , 15) (219 , 16) (221 , 18) (224 , 21) (225 , 22) (227 , 24) (232 , 29) (233 , 30) (241 , 38) (246 , 43) (250 , 47) (252 , 49) (255 , 52) 

Travel Time: 7599.4897745941261746; Profit: 2660; TSP Distance : 7544.3659000000006927; Weight: 790 / 34841; 0000000
TSP Tour = 1 22 31 18 3 17 21 42 7 2 30 23 20 50 29 16 46 44 34 35 36 39 40 37 38 48 24 5 15 6 4 25 12 28 27 26 47 13 14 52 11 51 33 43 10 9 8 41 19 45 32 49 1
Knapsack Array = 0 0 0 0 0 0 0 0 0 0 0 0 0 0 0 0 0 0 0 0 0 0 0 0 0 0 0 0 0 0 0 0 0 0 0 0 0 0 0 0 0 0 0 0 0 0 0 0 0 0 0 0 0 0 0 0 0 0 0 0 0 0 0 0 0 0 0 0 0 0 0 0 0 0 0 0 0 0 0 0 0 0 0 0 0 0 0 0 0 0 0 0 0 0 0 0 0 0 0 0 0 0 0 0 0 0 0 0 0 0 0 0 0 0 0 0 0 0 0 0 0 0 0 0 0 0 0 0 0 0 0 0 0 0 0 0 0 0 0 0 0 0 0 0 0 0 0 0 0 0 0 0 0 0 0 0 0 0 0 0 0 0 0 0 0 0 0 0 0 0 0 0 0 0 0 0 0 0 0 0 0 0 0 0 0 0 0 0 0 0 0 0 0 0 0 0 0 0 0 0 0 0 0 0 0 0 0 0 0 0 0 0 0 0 0 0 0 0 0 0 0 0 0 0 0 0 0 0 0 0 0 0 0 0 0 0 0 0 0 0 1 0 0 0 0 1 0 0 0 1 0 1 0 0 1 
Picked Items (item,city) = (241 , 38) (246 , 43) (250 , 47) (252 , 49) (255 , 52) 

Travel Time: 10592.001061702321749; Profit: 52085; TSP Distance : 7684.2316000000018903; Weight: 25902 / 34841; 0000000
TSP Tour = 1 45 19 41 8 9 10 43 33 51 11 52 14 13 47 26 27 28 12 25 4 6 15 5 24 48 38 37 40 39 36 35 34 44 46 16 29 50 20 23 30 2 7 42 21 17 3 18 31 22 32 49 1
Knapsack Array = 0 0 0 0 0 0 0 0 0 1 1 1 0 0 1 1 1 1 0 0 1 0 1 0 1 0 1 0 1 1 1 0 1 0 0 1 0 0 0 0 1 1 0 0 1 0 0 1 0 0 1 0 1 1 0 0 0 0 1 0 0 0 1 0 1 0 0 0 0 0 1 1 1 1 1 0 1 0 0 1 0 0 1 0 0 1 1 1 0 0 0 0 0 0 0 0 0 0 0 0 0 0 0 0 0 0 0 0 0 0 0 0 0 0 0 0 0 0 0 0 0 0 0 0 0 0 0 0 0 0 0 0 0 0 0 0 0 0 0 0 0 0 0 0 1 0 0 0 0 0 1 1 1 0 0 1 0 1 0 1 1 0 0 1 0 1 0 1 1 0 1 0 1 1 0 1 0 0 0 1 1 1 0 0 0 1 0 0 0 0 0 1 0 1 1 1 0 1 1 0 0 1 0 0 1 1 0 1 1 1 0 0 0 0 0 0 0 1 1 1 1 0 0 1 1 0 1 0 0 0 0 1 1 0 0 0 0 0 0 0 1 0 0 0 0 1 0 0 0 1 0 1 1 0 1 
Picked Items (item,city) = (10 , 11) (11 , 12) (12 , 13) (15 , 16) (16 , 17) (17 , 18) (18 , 19) (21 , 22) (23 , 24) (25 , 26) (27 , 28) (29 , 30) (30 , 31) (31 , 32) (33 , 34) (36 , 37) (41 , 42) (42 , 43) (45 , 46) (48 , 49) (51 , 52) (53 , 3) (54 , 4) (59 , 9) (63 , 13) (65 , 15) (71 , 21) (72 , 22) (73 , 23) (74 , 24) (75 , 25) (77 , 27) (80 , 30) (83 , 33) (86 , 36) (87 , 37) (88 , 38) (145 , 44) (151 , 50) (152 , 51) (153 , 52) (156 , 4) (158 , 6) (160 , 8) (161 , 9) (164 , 12) (166 , 14) (168 , 16) (169 , 17) (171 , 19) (173 , 21) (174 , 22) (176 , 24) (180 , 28) (181 , 29) (182 , 30) (186 , 34) (192 , 40) (194 , 42) (195 , 43) (196 , 44) (198 , 46) (199 , 47) (202 , 50) (205 , 2) (206 , 3) (208 , 5) (209 , 6) (210 , 7) (218 , 15) (219 , 16) (220 , 17) (221 , 18) (224 , 21) (225 , 22) (227 , 24) (232 , 29) (233 , 30) (241 , 38) (246 , 43) (250 , 47) (252 , 49) (253 , 50) (255 , 52) 

Travel Time: 12041.368749905612276; Profit: 60965; TSP Distance : 7684.2316000000018903; Weight: 29893 / 34841; 0000000
TSP Tour = 1 45 19 41 8 9 10 43 33 51 11 52 14 13 47 26 27 28 12 25 4 6 15 5 24 48 38 37 40 39 36 35 34 44 46 16 29 50 20 23 30 2 7 42 21 17 3 18 31 22 32 49 1
Knapsack Array = 1 0 1 0 0 0 1 1 0 0 1 1 0 0 1 1 1 1 0 0 1 0 1 0 1 0 1 0 1 1 1 0 1 0 0 1 0 0 0 0 1 1 0 0 1 0 0 1 0 0 1 0 1 1 0 0 0 0 1 0 0 0 1 0 1 0 0 0 0 0 1 1 1 1 1 0 1 0 0 1 0 0 1 0 0 1 1 1 0 0 0 0 0 0 0 0 0 0 0 0 0 0 0 0 0 1 0 1 0 1 0 0 1 1 0 0 1 0 0 0 0 0 0 0 0 0 0 0 0 0 0 0 0 0 1 1 1 1 0 1 1 0 0 0 1 0 0 0 0 0 1 1 1 0 0 1 0 1 0 1 1 0 0 1 0 1 0 1 1 0 1 0 1 1 0 1 0 0 0 1 1 1 0 0 0 1 0 0 0 0 0 1 0 1 1 1 0 1 1 0 0 1 0 0 1 1 0 1 1 1 0 0 0 0 0 0 0 1 1 1 1 0 0 1 1 0 1 0 0 0 0 1 1 0 0 0 0 0 0 0 1 0 0 0 0 1 0 0 0 1 0 1 1 0 1 
Picked Items (item,city) = (1 , 2) (3 , 4) (7 , 8) (8 , 9) (11 , 12) (12 , 13) (15 , 16) (16 , 17) (17 , 18) (18 , 19) (21 , 22) (23 , 24) (25 , 26) (27 , 28) (29 , 30) (30 , 31) (31 , 32) (33 , 34) (36 , 37) (41 , 42) (42 , 43) (45 , 46) (48 , 49) (51 , 52) (53 , 3) (54 , 4) (59 , 9) (63 , 13) (65 , 15) (71 , 21) (72 , 22) (73 , 23) (74 , 24) (75 , 25) (77 , 27) (80 , 30) (83 , 33) (86 , 36) (87 , 37) (88 , 38) (106 , 5) (108 , 7) (110 , 9) (113 , 12) (114 , 13) (117 , 16) (135 , 34) (136 , 35) (137 , 36) (138 , 37) (140 , 39) (141 , 40) (145 , 44) (151 , 50) (152 , 51) (153 , 52) (156 , 4) (158 , 6) (160 , 8) (161 , 9) (164 , 12) (166 , 14) (168 , 16) (169 , 17) (171 , 19) (173 , 21) (174 , 22) (176 , 24) (180 , 28) (181 , 29) (182 , 30) (186 , 34) (192 , 40) (194 , 42) (195 , 43) (196 , 44) (198 , 46) (199 , 47) (202 , 50) (205 , 2) (206 , 3) (208 , 5) (209 , 6) (210 , 7) (218 , 15) (219 , 16) (220 , 17) (221 , 18) (224 , 21) (225 , 22) (227 , 24) (232 , 29) (233 , 30) (241 , 38) (246 , 43) (250 , 47) (252 , 49) (253 , 50) (255 , 52) 

Travel Time: 12018.008996971639135; Profit: 60916; TSP Distance : 7684.2316000000018903; Weight: 29830 / 34841; 0000000
TSP Tour = 1 45 19 41 8 9 10 43 33 51 11 52 14 13 47 26 27 28 12 25 4 6 15 5 24 48 38 37 40 39 36 35 34 44 46 16 29 50 20 23 30 2 7 42 21 17 3 18 31 22 32 49 1
Knapsack Array = 1 0 1 0 0 0 1 1 0 0 0 1 0 0 1 1 1 1 0 0 1 0 1 1 1 0 1 0 0 1 1 0 1 0 0 1 0 0 0 0 1 1 0 0 1 0 0 1 0 0 1 0 1 1 0 0 0 0 1 0 0 0 1 0 1 0 0 0 0 0 1 1 1 1 1 0 1 0 0 1 0 0 1 0 0 1 1 1 0 0 0 0 0 0 0 0 0 0 0 0 0 0 0 0 0 1 0 1 0 1 0 0 1 1 0 0 1 0 0 0 0 0 0 0 0 0 0 0 0 0 0 0 0 0 1 1 1 1 0 1 1 0 0 0 1 0 0 0 0 0 1 1 1 0 0 1 0 1 0 1 1 0 0 1 0 1 0 1 1 0 1 0 1 1 0 1 0 0 0 1 1 1 0 0 0 1 0 0 0 0 0 1 0 1 1 1 0 1 1 0 0 1 0 0 1 1 0 1 1 1 0 0 0 0 0 0 0 1 1 1 1 0 0 1 1 0 1 0 0 0 0 1 1 0 0 0 0 0 0 0 1 0 0 0 0 1 0 0 0 1 0 1 1 0 1 
Picked Items (item,city) = (1 , 2) (3 , 4) (7 , 8) (8 , 9) (12 , 13) (15 , 16) (16 , 17) (17 , 18) (18 , 19) (21 , 22) (23 , 24) (24 , 25) (25 , 26) (27 , 28) (30 , 31) (31 , 32) (33 , 34) (36 , 37) (41 , 42) (42 , 43) (45 , 46) (48 , 49) (51 , 52) (53 , 3) (54 , 4) (59 , 9) (63 , 13) (65 , 15) (71 , 21) (72 , 22) (73 , 23) (74 , 24) (75 , 25) (77 , 27) (80 , 30) (83 , 33) (86 , 36) (87 , 37) (88 , 38) (106 , 5) (108 , 7) (110 , 9) (113 , 12) (114 , 13) (117 , 16) (135 , 34) (136 , 35) (137 , 36) (138 , 37) (140 , 39) (141 , 40) (145 , 44) (151 , 50) (152 , 51) (153 , 52) (156 , 4) (158 , 6) (160 , 8) (161 , 9) (164 , 12) (166 , 14) (168 , 16) (169 , 17) (171 , 19) (173 , 21) (174 , 22) (176 , 24) (180 , 28) (181 , 29) (182 , 30) (186 , 34) (192 , 40) (194 , 42) (195 , 43) (196 , 44) (198 , 46) (199 , 47) (202 , 50) (205 , 2) (206 , 3) (208 , 5) (209 , 6) (210 , 7) (218 , 15) (219 , 16) (220 , 17) (221 , 18) (224 , 21) (225 , 22) (227 , 24) (232 , 29) (233 , 30) (241 , 38) (246 , 43) (250 , 47) (252 , 49) (253 , 50) (255 , 52) 

Travel Time: 8252.0726322725513455; Profit: 19140; TSP Distance : 7544.3659000000016022; Weight: 9453 / 34841; 0000000
TSP Tour = 1 49 32 45 19 41 8 9 10 43 33 51 11 52 14 13 47 26 27 28 12 25 4 6 15 5 24 48 38 37 40 39 36 35 34 44 46 16 29 50 20 23 30 2 7 42 21 17 3 18 31 22 1
Knapsack Array = 0 0 0 0 0 0 0 0 0 0 0 0 0 0 0 0 0 0 0 0 0 0 0 0 0 0 0 0 0 0 0 0 0 0 0 0 0 0 0 0 0 0 0 0 0 0 0 0 0 0 0 0 0 0 0 0 0 0 0 0 0 0 0 0 0 0 0 0 0 0 0 0 0 0 0 0 0 0 0 0 0 0 0 0 0 0 0 0 0 0 0 0 0 0 0 0 0 0 0 0 0 0 0 0 0 0 0 0 0 0 0 0 0 0 0 0 0 0 0 0 0 0 0 0 0 0 0 0 0 0 0 0 0 0 0 0 0 0 0 0 0 0 0 0 0 0 0 0 0 0 0 0 0 0 0 0 0 0 0 0 0 0 0 0 0 0 0 0 0 0 0 1 1 1 0 1 0 0 0 1 1 1 0 0 0 1 0 0 0 0 0 1 1 1 0 1 0 1 1 0 0 0 0 0 1 1 0 1 1 1 0 0 0 1 0 0 0 1 1 0 1 0 0 1 0 0 1 0 0 0 0 1 0 0 0 0 0 0 0 0 1 0 0 0 1 1 0 0 0 1 0 1 0 0 1 
Picked Items (item,city) = (172 , 20) (173 , 21) (174 , 22) (176 , 24) (180 , 28) (181 , 29) (182 , 30) (186 , 34) (192 , 40) (193 , 41) (194 , 42) (196 , 44) (198 , 46) (199 , 47) (205 , 2) (206 , 3) (208 , 5) (209 , 6) (210 , 7) (214 , 11) (218 , 15) (219 , 16) (221 , 18) (224 , 21) (227 , 24) (232 , 29) (241 , 38) (245 , 42) (246 , 43) (250 , 47) (252 , 49) (255 , 52) 

Travel Time: 13793.274742723482632; Profit: 65270; TSP Distance : 7544.3659000000016022; Weight: 31024 / 34841; 0000000
TSP Tour = 1 49 32 45 19 41 8 9 10 43 33 51 11 52 14 13 47 26 27 28 12 25 4 6 15 5 24 48 38 37 40 39 36 35 34 44 46 16 29 50 20 23 30 2 7 42 21 17 3 18 31 22 1
Knapsack Array = 1 0 1 0 0 0 1 1 0 0 1 1 0 0 1 1 1 1 0 0 1 0 1 0 1 0 1 0 1 1 0 0 1 0 0 1 0 0 0 0 0 1 0 0 1 0 0 1 0 0 1 0 1 1 0 0 0 0 1 0 0 1 1 0 1 0 0 0 0 0 1 1 1 1 1 0 1 0 0 1 0 0 1 0 0 1 1 1 0 0 0 0 0 0 0 0 1 0 0 1 0 1 1 0 0 1 0 1 0 1 0 0 1 1 0 0 1 0 0 1 0 1 0 0 1 1 0 0 1 0 1 1 0 0 0 1 0 1 0 1 1 1 1 0 1 0 0 0 0 0 0 1 1 0 0 1 0 1 0 1 1 0 1 1 0 1 0 1 0 0 1 1 1 1 0 1 0 0 0 1 1 1 0 0 0 1 0 0 0 0 0 1 1 1 0 1 0 1 1 0 0 0 0 0 1 1 0 1 1 1 0 0 0 0 0 0 0 1 1 0 0 0 0 1 0 0 0 0 0 0 0 1 0 0 0 0 0 0 0 0 1 0 0 0 0 1 0 0 0 1 0 1 0 0 1 
Picked Items (item,city) = (1 , 2) (3 , 4) (7 , 8) (8 , 9) (11 , 12) (12 , 13) (15 , 16) (16 , 17) (17 , 18) (18 , 19) (21 , 22) (23 , 24) (25 , 26) (27 , 28) (29 , 30) (30 , 31) (33 , 34) (36 , 37) (42 , 43) (45 , 46) (48 , 49) (51 , 52) (53 , 3) (54 , 4) (59 , 9) (62 , 12) (63 , 13) (65 , 15) (71 , 21) (72 , 22) (73 , 23) (74 , 24) (75 , 25) (77 , 27) (80 , 30) (83 , 33) (86 , 36) (87 , 37) (88 , 38) (97 , 47) (100 , 50) (102 , 52) (103 , 2) (106 , 5) (108 , 7) (110 , 9) (113 , 12) (114 , 13) (117 , 16) (120 , 19) (122 , 21) (125 , 24) (126 , 25) (129 , 28) (131 , 30) (132 , 31) (136 , 35) (138 , 37) (140 , 39) (141 , 40) (142 , 41) (143 , 42) (145 , 44) (152 , 51) (153 , 52) (156 , 4) (158 , 6) (160 , 8) (161 , 9) (163 , 11) (164 , 12) (166 , 14) (168 , 16) (171 , 19) (172 , 20) (173 , 21) (174 , 22) (176 , 24) (180 , 28) (181 , 29) (182 , 30) (186 , 34) (192 , 40) (193 , 41) (194 , 42) (196 , 44) (198 , 46) (199 , 47) (205 , 2) (206 , 3) (208 , 5) (209 , 6) (210 , 7) (218 , 15) (219 , 16) (224 , 21) (232 , 29) (241 , 38) (246 , 43) (250 , 47) (252 , 49) (255 , 52) 

Travel Time: 13967.681335657787713; Profit: 66168; TSP Distance : 7544.3659000000016022; Weight: 31434 / 34841; 0000000
TSP Tour = 1 49 32 45 19 41 8 9 10 43 33 51 11 52 14 13 47 26 27 28 12 25 4 6 15 5 24 48 38 37 40 39 36 35 34 44 46 16 29 50 20 23 30 2 7 42 21 17 3 18 31 22 1
Knapsack Array = 1 0 1 0 0 0 1 1 0 0 1 1 0 0 1 1 1 1 0 0 1 0 1 0 1 0 1 0 1 1 0 0 1 0 0 1 0 0 0 0 1 1 0 0 1 0 0 1 0 0 1 0 1 1 0 0 0 0 1 0 0 1 1 0 1 0 0 0 0 0 1 1 1 1 1 0 1 0 0 1 0 0 1 0 0 1 1 1 0 0 0 0 0 0 0 0 1 0 0 1 0 1 1 0 0 1 0 1 0 1 0 0 1 1 0 0 1 0 0 1 0 1 0 0 1 1 0 0 1 0 1 1 0 0 0 1 0 1 0 1 1 1 1 0 1 0 0 0 0 0 0 1 1 0 0 1 0 1 0 1 1 0 1 1 0 1 0 1 0 0 1 1 1 1 0 1 0 0 0 1 1 1 0 0 0 1 0 0 0 0 0 1 1 1 0 1 0 1 1 0 0 0 0 0 1 1 0 1 1 1 0 0 0 0 0 0 0 1 1 0 0 0 0 1 0 0 0 0 0 0 0 1 0 0 0 0 0 0 0 0 1 0 0 0 0 1 0 0 0 1 0 1 0 0 1 
Picked Items (item,city) = (1 , 2) (3 , 4) (7 , 8) (8 , 9) (11 , 12) (12 , 13) (15 , 16) (16 , 17) (17 , 18) (18 , 19) (21 , 22) (23 , 24) (25 , 26) (27 , 28) (29 , 30) (30 , 31) (33 , 34) (36 , 37) (41 , 42) (42 , 43) (45 , 46) (48 , 49) (51 , 52) (53 , 3) (54 , 4) (59 , 9) (62 , 12) (63 , 13) (65 , 15) (71 , 21) (72 , 22) (73 , 23) (74 , 24) (75 , 25) (77 , 27) (80 , 30) (83 , 33) (86 , 36) (87 , 37) (88 , 38) (97 , 47) (100 , 50) (102 , 52) (103 , 2) (106 , 5) (108 , 7) (110 , 9) (113 , 12) (114 , 13) (117 , 16) (120 , 19) (122 , 21) (125 , 24) (126 , 25) (129 , 28) (131 , 30) (132 , 31) (136 , 35) (138 , 37) (140 , 39) (141 , 40) (142 , 41) (143 , 42) (145 , 44) (152 , 51) (153 , 52) (156 , 4) (158 , 6) (160 , 8) (161 , 9) (163 , 11) (164 , 12) (166 , 14) (168 , 16) (171 , 19) (172 , 20) (173 , 21) (174 , 22) (176 , 24) (180 , 28) (181 , 29) (182 , 30) (186 , 34) (192 , 40) (193 , 41) (194 , 42) (196 , 44) (198 , 46) (199 , 47) (205 , 2) (206 , 3) (208 , 5) (209 , 6) (210 , 7) (218 , 15) (219 , 16) (224 , 21) (232 , 29) (241 , 38) (246 , 43) (250 , 47) (252 , 49) (255 , 52) 

Travel Time: 7623.4550752540126268; Profit: 4043; TSP Distance : 7544.3659000000016022; Weight: 1437 / 34841; 0000000
TSP Tour = 1 49 32 45 19 41 8 9 10 43 33 51 11 52 14 13 47 26 27 28 12 25 4 6 15 5 24 48 38 37 40 39 36 35 34 44 46 16 29 50 20 23 30 2 7 42 21 17 3 18 31 22 1
Knapsack Array = 0 0 0 0 0 0 0 0 0 0 0 0 0 0 0 0 0 0 0 0 0 0 0 0 0 0 1 0 0 1 0 0 1 0 0 1 0 0 0 0 1 0 0 0 0 0 0 0 0 0 0 0 0 0 0 0 0 0 0 0 0 0 0 0 0 0 0 0 0 0 0 0 0 0 0 0 0 0 0 0 0 0 0 0 0 0 0 0 0 0 0 0 0 0 0 0 0 0 0 0 0 0 0 0 0 0 0 0 0 0 0 0 0 0 0 0 0 0 0 0 0 0 0 0 0 0 0 0 0 0 0 0 0 0 0 0 0 0 0 0 0 0 0 0 0 0 0 0 0 0 0 0 0 0 0 0 0 0 0 0 0 0 0 0 0 0 0 0 0 0 0 0 0 0 0 0 0 0 0 0 0 0 0 0 0 0 0 0 0 0 0 0 0 0 0 0 0 0 0 0 0 0 0 0 0 0 0 0 0 0 0 0 0 0 0 0 0 0 0 0 0 0 0 0 0 0 0 0 0 0 0 0 0 0 0 0 0 0 0 0 0 0 0 0 0 0 0 0 0 0 0 0 0 0 0 
Picked Items (item,city) = (27 , 28) (30 , 31) (33 , 34) (36 , 37) (41 , 42) 

Travel Time: 9382.4595695504158357; Profit: 37272; TSP Distance : 7544.3659000000016022; Weight: 17479 / 34841; 0000000
TSP Tour = 1 49 32 45 19 41 8 9 10 43 33 51 11 52 14 13 47 26 27 28 12 25 4 6 15 5 24 48 38 37 40 39 36 35 34 44 46 16 29 50 20 23 30 2 7 42 21 17 3 18 31 22 1
Knapsack Array = 1 0 1 0 0 0 1 1 0 1 0 1 0 0 1 0 1 1 0 1 1 0 1 1 0 0 1 0 0 1 0 0 1 0 0 1 0 0 0 0 1 1 0 0 1 0 1 1 0 0 1 0 1 1 0 0 0 0 1 0 0 0 1 0 1 1 0 0 0 0 1 1 1 1 0 0 0 0 0 0 0 0 0 0 0 0 0 0 0 0 0 0 0 0 0 0 0 0 0 0 0 0 0 0 0 0 0 0 0 0 0 0 0 0 0 0 0 0 0 0 0 0 0 0 0 0 0 0 0 0 0 0 0 0 0 0 0 0 0 0 0 0 0 0 0 0 0 0 0 0 0 0 0 0 0 0 0 0 0 0 0 0 0 0 0 0 0 1 0 0 1 1 1 1 0 1 0 0 0 1 1 1 0 0 0 1 0 0 1 0 0 1 0 0 0 1 0 1 1 0 0 0 0 0 1 1 0 1 1 1 0 0 0 0 0 0 0 0 0 0 0 0 0 0 0 0 0 0 0 0 0 0 0 0 0 0 0 0 0 0 1 0 0 0 0 1 0 0 0 1 0 1 0 0 1 
Picked Items (item,city) = (1 , 2) (3 , 4) (7 , 8) (8 , 9) (10 , 11) (12 , 13) (15 , 16) (17 , 18) (18 , 19) (20 , 21) (21 , 22) (23 , 24) (24 , 25) (27 , 28) (30 , 31) (33 , 34) (36 , 37) (41 , 42) (42 , 43) (45 , 46) (47 , 48) (48 , 49) (51 , 52) (53 , 3) (54 , 4) (59 , 9) (63 , 13) (65 , 15) (66 , 16) (71 , 21) (72 , 22) (73 , 23) (74 , 24) (168 , 16) (171 , 19) (172 , 20) (173 , 21) (174 , 22) (176 , 24) (180 , 28) (181 , 29) (182 , 30) (186 , 34) (189 , 37) (192 , 40) (196 , 44) (198 , 46) (199 , 47) (205 , 2) (206 , 3) (208 , 5) (209 , 6) (210 , 7) (241 , 38) (246 , 43) (250 , 47) (252 , 49) (255 , 52) 

Travel Time: 8054.1996288983737031; Profit: 14975; TSP Distance : 7544.3659000000016022; Weight: 7010 / 34841; 0000000
TSP Tour = 1 49 32 45 19 41 8 9 10 43 33 51 11 52 14 13 47 26 27 28 12 25 4 6 15 5 24 48 38 37 40 39 36 35 34 44 46 16 29 50 20 23 30 2 7 42 21 17 3 18 31 22 1
Knapsack Array = 0 0 0 0 0 0 0 0 0 0 0 0 0 0 0 0 0 0 0 0 0 0 0 0 0 0 0 0 0 0 0 0 0 0 0 0 0 0 0 0 0 0 0 0 0 0 0 0 0 0 0 0 0 0 0 0 0 0 0 0 0 0 0 0 0 0 0 0 0 0 0 0 0 0 0 0 0 0 0 0 0 0 0 0 0 0 0 0 0 0 0 0 0 0 0 0 0 0 0 0 0 0 0 0 0 0 0 0 0 0 0 0 0 0 0 0 0 0 0 0 0 0 0 0 0 0 0 0 0 0 0 0 0 0 0 0 0 0 0 0 0 0 0 0 0 0 0 0 0 0 0 0 0 0 0 0 0 0 0 0 0 0 0 0 0 0 0 0 0 0 0 0 0 0 0 0 0 0 0 0 0 0 0 0 1 1 0 0 0 0 0 1 1 1 1 0 0 1 1 0 0 0 0 0 1 1 0 1 1 1 0 0 0 0 0 0 0 1 1 0 1 0 0 1 0 0 1 0 0 0 0 1 1 0 0 0 0 0 0 0 1 0 0 0 1 1 0 0 1 1 0 1 0 0 1 
Picked Items (item,city) = (185 , 33) (186 , 34) (192 , 40) (193 , 41) (194 , 42) (195 , 43) (198 , 46) (199 , 47) (205 , 2) (206 , 3) (208 , 5) (209 , 6) (210 , 7) (218 , 15) (219 , 16) (221 , 18) (224 , 21) (227 , 24) (232 , 29) (233 , 30) (241 , 38) (245 , 42) (246 , 43) (249 , 46) (250 , 47) (252 , 49) (255 , 52) 

Travel Time: 8523.865785883681383; Profit: 26514; TSP Distance : 7544.3659000000016022; Weight: 11871 / 34841; 0000000
TSP Tour = 1 49 32 45 19 41 8 9 10 43 33 51 11 52 14 13 47 26 27 28 12 25 4 6 15 5 24 48 38 37 40 39 36 35 34 44 46 16 29 50 20 23 30 2 7 42 21 17 3 18 31 22 1
Knapsack Array = 0 0 0 0 0 0 0 0 0 0 0 0 0 0 0 0 0 0 0 0 0 0 0 0 0 0 0 0 0 0 0 0 0 0 0 0 0 0 0 0 0 0 0 0 0 0 0 0 0 0 0 0 0 0 0 0 0 0 0 0 0 0 0 0 0 0 0 0 0 0 0 0 0 0 0 0 0 0 0 0 0 0 0 0 0 0 0 0 0 0 0 0 0 0 0 0 0 0 0 0 0 0 0 0 0 0 0 0 0 0 0 0 0 0 0 0 0 0 0 0 0 0 0 0 0 0 0 0 0 0 0 0 0 0 0 0 0 0 0 0 0 0 0 0 1 0 0 0 0 0 0 1 1 0 0 1 0 1 0 1 1 0 0 1 0 1 0 1 0 0 1 1 1 1 0 1 0 0 0 1 1 1 0 0 0 1 0 0 0 0 0 1 1 1 1 0 0 1 1 0 0 0 0 0 1 1 0 1 1 1 0 0 0 0 0 0 0 1 1 0 1 0 0 1 0 0 1 0 0 0 0 1 1 0 0 0 0 0 0 0 1 0 0 0 1 1 0 0 1 1 0 1 0 0 1 
Picked Items (item,city) = (145 , 44) (152 , 51) (153 , 52) (156 , 4) (158 , 6) (160 , 8) (161 , 9) (164 , 12) (166 , 14) (168 , 16) (171 , 19) (172 , 20) (173 , 21) (174 , 22) (176 , 24) (180 , 28) (181 , 29) (182 , 30) (186 , 34) (192 , 40) (193 , 41) (194 , 42) (195 , 43) (198 , 46) (199 , 47) (205 , 2) (206 , 3) (208 , 5) (209 , 6) (210 , 7) (218 , 15) (219 , 16) (221 , 18) (224 , 21) (227 , 24) (232 , 29) (233 , 30) (241 , 38) (245 , 42) (246 , 43) (249 , 46) (250 , 47) (252 , 49) (255 , 52) 

Travel Time: 8489.258947079313657; Profit: 26054; TSP Distance : 7544.3659000000016022; Weight: 11563 / 34841; 0000000
TSP Tour = 1 49 32 45 19 41 8 9 10 43 33 51 11 52 14 13 47 26 27 28 12 25 4 6 15 5 24 48 38 37 40 39 36 35 34 44 46 16 29 50 20 23 30 2 7 42 21 17 3 18 31 22 1
Knapsack Array = 0 0 0 0 0 0 0 0 0 0 0 0 0 0 0 0 0 0 0 0 0 0 0 0 0 0 0 0 0 0 0 0 0 0 0 0 0 0 0 0 0 0 0 0 0 0 0 0 0 0 0 0 0 0 0 0 0 0 0 0 0 0 0 0 0 0 0 0 0 0 0 0 0 0 0 0 0 0 0 0 0 0 0 0 0 0 0 0 0 0 0 0 0 0 0 0 0 0 0 0 0 0 0 0 0 0 0 0 0 0 0 0 0 0 0 0 0 0 0 0 0 0 0 0 0 0 0 0 0 0 0 0 0 0 0 0 0 0 0 0 0 0 0 0 0 0 0 0 0 0 0 1 1 0 0 1 0 1 0 1 1 0 0 1 0 1 0 1 0 0 1 1 1 1 0 1 0 0 0 1 1 1 0 0 0 1 0 0 0 0 0 1 1 1 1 0 0 1 1 0 0 0 0 0 1 1 0 1 1 1 0 0 0 0 0 0 0 1 1 0 1 0 0 1 0 0 1 0 0 0 0 1 1 0 0 0 0 0 0 0 1 0 0 0 1 1 0 0 1 1 0 1 0 0 1 
Picked Items (item,city) = (152 , 51) (153 , 52) (156 , 4) (158 , 6) (160 , 8) (161 , 9) (164 , 12) (166 , 14) (168 , 16) (171 , 19) (172 , 20) (173 , 21) (174 , 22) (176 , 24) (180 , 28) (181 , 29) (182 , 30) (186 , 34) (192 , 40) (193 , 41) (194 , 42) (195 , 43) (198 , 46) (199 , 47) (205 , 2) (206 , 3) (208 , 5) (209 , 6) (210 , 7) (218 , 15) (219 , 16) (221 , 18) (224 , 21) (227 , 24) (232 , 29) (233 , 30) (241 , 38) (245 , 42) (246 , 43) (249 , 46) (250 , 47) (252 , 49) (255 , 52) 


Pareto (Travel Time; Profit; IsValid)

9389.483659106430423 ; 38260; 0000000
11194.559434982793391 ; 55466; 0000000
7544.3659000000006927 ; 0; 0000000
11133.880928884476816 ; 55173; 0000000
8476.6332429197354941 ; 22738; 0000000
8859.8131288675613177 ; 28840; 0000000
8019.5471426519097804 ; 14923; 0000000
14505.528383149874571 ; 67718; 0000000
11890.062416765807939 ; 57182; 0000000
17354.114166858482349 ; 69320; 0000000
9070.8389816197377513 ; 32888; 0000000
8901.9202967320143216 ; 32238; 0000000
8363.5244225088008534 ; 21117; 0000000
13529.828378534815783 ; 63036; 0000000
9790.0173895568641456 ; 44899; 0000000
7599.4897745941261746 ; 2660; 0000000
10592.001061702321749 ; 52085; 0000000
12041.368749905612276 ; 60965; 0000000
12018.008996971639135 ; 60916; 0000000
8252.0726322725513455 ; 19140; 0000000
13793.274742723482632 ; 65270; 0000000
13967.681335657787713 ; 66168; 0000000
7623.4550752540126268 ; 4043; 0000000
9382.4595695504158357 ; 37272; 0000000
8054.1996288983737031 ; 14975; 0000000
8523.865785883681383 ; 26514; 0000000
8489.258947079313657 ; 26054; 0000000
